Labels,t12_air,
Type,Time Scan,
Comment,,
Start,0.00,
Stop,7.998E007,
Step,2E04,
Fixed/Offset, ,
XAxis,Time,
YAxis,Counts,

0.00,6.440E+2,
2E04,5.990E+2,
4E04,6.160E+2,
6E04,5.670E+2,
8E04,6.830E+2,
1E05,7.100E+2,
1.2E05,1.143E+3,
1.4E05,1.588E+3,
1.6E05,2.168E+3,
1.8E05,2.545E+3,
2E05,3.150E+3,
2.2E05,3.653E+3,
2.4E05,4.005E+3,
2.6E05,4.487E+3,
2.8E05,4.996E+3,
3E05,5.425E+3,
3.2E05,5.907E+3,
3.4E05,6.328E+3,
3.6E05,6.851E+3,
3.8E05,7.105E+3,
4E05,7.580E+3,
4.2E05,8.220E+3,
4.4E05,8.346E+3,
4.6E05,8.837E+3,
4.8E05,9.327E+3,
5E05,9.533E+3,
5.2E05,1.008E+4,
5.4E05,1.040E+4,
5.6E05,1.096E+4,
5.8E05,1.119E+4,
6E05,1.151E+4,
6.2E05,1.190E+4,
6.4E05,1.239E+4,
6.6E05,1.266E+4,
6.8E05,1.300E+4,
7E05,1.342E+4,
7.2E05,1.374E+4,
7.4E05,1.419E+4,
7.6E05,1.453E+4,
7.8E05,1.459E+4,
8E05,1.522E+4,
8.2E05,1.575E+4,
8.4E05,1.600E+4,
8.6E05,1.643E+4,
8.8E05,1.659E+4,
9E05,1.687E+4,
9.2E05,1.722E+4,
9.4E05,1.765E+4,
9.6E05,1.795E+4,
9.8E05,1.813E+4,
1E06,1.879E+4,
1.02E06,1.916E+4,
1.04E06,1.937E+4,
1.06E06,1.947E+4,
1.08E06,1.972E+4,
1.1E06,2.021E+4,
1.12E06,2.058E+4,
1.14E06,2.090E+4,
1.16E06,2.118E+4,
1.18E06,2.134E+4,
1.2E06,2.183E+4,
1.22E06,2.247E+4,
1.24E06,2.253E+4,
1.26E06,2.274E+4,
1.28E06,2.303E+4,
1.3E06,2.321E+4,
1.32E06,2.370E+4,
1.34E06,2.384E+4,
1.36E06,2.405E+4,
1.38E06,2.424E+4,
1.4E06,2.495E+4,
1.42E06,2.504E+4,
1.44E06,2.534E+4,
1.46E06,2.551E+4,
1.48E06,2.580E+4,
1.5E06,2.604E+4,
1.52E06,2.649E+4,
1.54E06,2.684E+4,
1.56E06,2.724E+4,
1.58E06,2.706E+4,
1.6E06,2.787E+4,
1.62E06,2.846E+4,
1.64E06,2.798E+4,
1.66E06,2.842E+4,
1.68E06,2.891E+4,
1.7E06,2.895E+4,
1.72E06,2.929E+4,
1.74E06,2.944E+4,
1.76E06,2.985E+4,
1.78E06,2.946E+4,
1.8E06,3.016E+4,
1.82E06,3.052E+4,
1.84E06,3.089E+4,
1.86E06,3.121E+4,
1.88E06,3.106E+4,
1.9E06,3.189E+4,
1.92E06,3.164E+4,
1.94E06,3.204E+4,
1.96E06,3.214E+4,
1.98E06,3.239E+4,
2E06,3.255E+4,
2.02E06,3.298E+4,
2.04E06,3.332E+4,
2.06E06,3.356E+4,
2.08E06,3.377E+4,
2.1E06,3.397E+4,
2.12E06,3.373E+4,
2.14E06,3.368E+4,
2.16E06,3.338E+4,
2.18E06,3.314E+4,
2.2E06,3.319E+4,
2.22E06,3.312E+4,
2.24E06,3.259E+4,
2.26E06,3.259E+4,
2.28E06,3.276E+4,
2.3E06,3.282E+4,
2.32E06,3.231E+4,
2.34E06,3.241E+4,
2.36E06,3.243E+4,
2.38E06,3.218E+4,
2.4E06,3.206E+4,
2.42E06,3.189E+4,
2.44E06,3.173E+4,
2.46E06,3.173E+4,
2.48E06,3.153E+4,
2.5E06,3.156E+4,
2.52E06,3.152E+4,
2.54E06,3.120E+4,
2.56E06,3.139E+4,
2.58E06,3.116E+4,
2.6E06,3.129E+4,
2.62E06,3.125E+4,
2.64E06,3.099E+4,
2.66E06,3.073E+4,
2.68E06,3.060E+4,
2.7E06,3.031E+4,
2.72E06,3.089E+4,
2.74E06,3.026E+4,
2.76E06,3.022E+4,
2.78E06,3.054E+4,
2.8E06,3.031E+4,
2.82E06,3.027E+4,
2.84E06,3.003E+4,
2.86E06,2.997E+4,
2.88E06,2.997E+4,
2.9E06,2.970E+4,
2.92E06,2.992E+4,
2.94E06,2.993E+4,
2.96E06,2.990E+4,
2.98E06,2.966E+4,
3E06,2.964E+4,
3.02E06,2.956E+4,
3.04E06,2.928E+4,
3.06E06,2.923E+4,
3.08E06,2.916E+4,
3.1E06,2.893E+4,
3.12E06,2.887E+4,
3.14E06,2.902E+4,
3.16E06,2.883E+4,
3.18E06,2.872E+4,
3.2E06,2.897E+4,
3.22E06,2.859E+4,
3.24E06,2.866E+4,
3.26E06,2.867E+4,
3.28E06,2.849E+4,
3.3E06,2.872E+4,
3.32E06,2.838E+4,
3.34E06,2.817E+4,
3.36E06,2.785E+4,
3.38E06,2.812E+4,
3.4E06,2.801E+4,
3.42E06,2.772E+4,
3.44E06,2.789E+4,
3.46E06,2.820E+4,
3.48E06,2.747E+4,
3.5E06,2.775E+4,
3.52E06,2.751E+4,
3.54E06,2.771E+4,
3.56E06,2.764E+4,
3.58E06,2.773E+4,
3.6E06,2.750E+4,
3.62E06,2.739E+4,
3.64E06,2.697E+4,
3.66E06,2.744E+4,
3.68E06,2.686E+4,
3.7E06,2.721E+4,
3.72E06,2.707E+4,
3.74E06,2.696E+4,
3.76E06,2.672E+4,
3.78E06,2.712E+4,
3.8E06,2.688E+4,
3.82E06,2.661E+4,
3.84E06,2.649E+4,
3.86E06,2.651E+4,
3.88E06,2.640E+4,
3.9E06,2.631E+4,
3.92E06,2.654E+4,
3.94E06,2.621E+4,
3.96E06,2.638E+4,
3.98E06,2.632E+4,
4E06,2.634E+4,
4.02E06,2.631E+4,
4.04E06,2.602E+4,
4.06E06,2.583E+4,
4.08E06,2.596E+4,
4.1E06,2.591E+4,
4.12E06,2.562E+4,
4.14E06,2.559E+4,
4.16E06,2.566E+4,
4.18E06,2.546E+4,
4.2E06,2.557E+4,
4.22E06,2.542E+4,
4.24E06,2.564E+4,
4.26E06,2.535E+4,
4.28E06,2.520E+4,
4.3E06,2.552E+4,
4.32E06,2.534E+4,
4.34E06,2.516E+4,
4.36E06,2.485E+4,
4.38E06,2.516E+4,
4.4E06,2.505E+4,
4.42E06,2.493E+4,
4.44E06,2.490E+4,
4.46E06,2.448E+4,
4.48E06,2.470E+4,
4.5E06,2.462E+4,
4.52E06,2.464E+4,
4.54E06,2.440E+4,
4.56E06,2.450E+4,
4.58E06,2.414E+4,
4.6E06,2.452E+4,
4.62E06,2.448E+4,
4.64E06,2.461E+4,
4.66E06,2.426E+4,
4.68E06,2.401E+4,
4.7E06,2.413E+4,
4.72E06,2.397E+4,
4.74E06,2.385E+4,
4.76E06,2.414E+4,
4.78E06,2.390E+4,
4.8E06,2.395E+4,
4.82E06,2.377E+4,
4.84E06,2.377E+4,
4.86E06,2.346E+4,
4.88E06,2.362E+4,
4.9E06,2.355E+4,
4.92E06,2.348E+4,
4.94E06,2.343E+4,
4.96E06,2.359E+4,
4.98E06,2.350E+4,
5E06,2.337E+4,
5.02E06,2.334E+4,
5.04E06,2.330E+4,
5.06E06,2.311E+4,
5.08E06,2.337E+4,
5.1E06,2.303E+4,
5.12E06,2.274E+4,
5.14E06,2.283E+4,
5.16E06,2.298E+4,
5.18E06,2.255E+4,
5.2E06,2.266E+4,
5.22E06,2.289E+4,
5.24E06,2.257E+4,
5.26E06,2.238E+4,
5.28E06,2.256E+4,
5.3E06,2.225E+4,
5.32E06,2.248E+4,
5.34E06,2.229E+4,
5.36E06,2.227E+4,
5.38E06,2.239E+4,
5.4E06,2.205E+4,
5.42E06,2.251E+4,
5.44E06,2.192E+4,
5.46E06,2.243E+4,
5.48E06,2.244E+4,
5.5E06,2.191E+4,
5.52E06,2.189E+4,
5.54E06,2.222E+4,
5.56E06,2.193E+4,
5.58E06,2.164E+4,
5.6E06,2.162E+4,
5.62E06,2.172E+4,
5.64E06,2.184E+4,
5.66E06,2.158E+4,
5.68E06,2.158E+4,
5.7E06,2.157E+4,
5.72E06,2.169E+4,
5.74E06,2.143E+4,
5.76E06,2.117E+4,
5.78E06,2.114E+4,
5.8E06,2.131E+4,
5.82E06,2.127E+4,
5.84E06,2.110E+4,
5.86E06,2.118E+4,
5.88E06,2.126E+4,
5.9E06,2.113E+4,
5.92E06,2.098E+4,
5.94E06,2.092E+4,
5.96E06,2.072E+4,
5.98E06,2.100E+4,
6E06,2.084E+4,
6.02E06,2.061E+4,
6.04E06,2.089E+4,
6.06E06,2.085E+4,
6.08E06,2.080E+4,
6.1E06,2.093E+4,
6.12E06,2.039E+4,
6.14E06,2.055E+4,
6.16E06,2.034E+4,
6.18E06,2.070E+4,
6.2E06,2.050E+4,
6.22E06,2.033E+4,
6.24E06,2.028E+4,
6.26E06,2.027E+4,
6.28E06,2.021E+4,
6.3E06,1.995E+4,
6.32E06,2.006E+4,
6.34E06,1.987E+4,
6.36E06,2.004E+4,
6.38E06,2.004E+4,
6.4E06,1.990E+4,
6.42E06,1.982E+4,
6.44E06,1.988E+4,
6.46E06,1.994E+4,
6.48E06,1.982E+4,
6.5E06,1.951E+4,
6.52E06,1.965E+4,
6.54E06,1.982E+4,
6.56E06,1.969E+4,
6.58E06,1.960E+4,
6.6E06,1.963E+4,
6.62E06,1.962E+4,
6.64E06,1.978E+4,
6.66E06,1.933E+4,
6.68E06,1.900E+4,
6.7E06,1.921E+4,
6.72E06,1.912E+4,
6.74E06,1.938E+4,
6.76E06,1.894E+4,
6.78E06,1.913E+4,
6.8E06,1.927E+4,
6.82E06,1.913E+4,
6.84E06,1.900E+4,
6.86E06,1.879E+4,
6.88E06,1.885E+4,
6.9E06,1.902E+4,
6.92E06,1.912E+4,
6.94E06,1.881E+4,
6.96E06,1.868E+4,
6.98E06,1.879E+4,
7E06,1.875E+4,
7.02E06,1.876E+4,
7.04E06,1.823E+4,
7.06E06,1.838E+4,
7.08E06,1.870E+4,
7.1E06,1.836E+4,
7.12E06,1.853E+4,
7.14E06,1.825E+4,
7.16E06,1.835E+4,
7.18E06,1.842E+4,
7.2E06,1.855E+4,
7.22E06,1.811E+4,
7.24E06,1.859E+4,
7.26E06,1.809E+4,
7.28E06,1.846E+4,
7.3E06,1.804E+4,
7.32E06,1.831E+4,
7.34E06,1.810E+4,
7.36E06,1.815E+4,
7.38E06,1.811E+4,
7.4E06,1.768E+4,
7.42E06,1.788E+4,
7.44E06,1.784E+4,
7.46E06,1.763E+4,
7.48E06,1.788E+4,
7.5E06,1.779E+4,
7.52E06,1.769E+4,
7.54E06,1.761E+4,
7.56E06,1.771E+4,
7.58E06,1.769E+4,
7.6E06,1.761E+4,
7.62E06,1.748E+4,
7.64E06,1.768E+4,
7.66E06,1.765E+4,
7.68E06,1.737E+4,
7.7E06,1.735E+4,
7.72E06,1.740E+4,
7.74E06,1.727E+4,
7.76E06,1.723E+4,
7.78E06,1.731E+4,
7.8E06,1.713E+4,
7.82E06,1.715E+4,
7.84E06,1.734E+4,
7.86E06,1.705E+4,
7.88E06,1.669E+4,
7.9E06,1.707E+4,
7.92E06,1.719E+4,
7.94E06,1.680E+4,
7.96E06,1.706E+4,
7.98E06,1.683E+4,
8E06,1.693E+4,
8.02E06,1.684E+4,
8.04E06,1.669E+4,
8.06E06,1.671E+4,
8.08E06,1.671E+4,
8.1E06,1.679E+4,
8.12E06,1.663E+4,
8.14E06,1.666E+4,
8.16E06,1.674E+4,
8.18E06,1.671E+4,
8.2E06,1.638E+4,
8.22E06,1.650E+4,
8.24E06,1.663E+4,
8.26E06,1.648E+4,
8.28E06,1.620E+4,
8.3E06,1.657E+4,
8.32E06,1.624E+4,
8.34E06,1.627E+4,
8.36E06,1.620E+4,
8.38E06,1.618E+4,
8.4E06,1.600E+4,
8.42E06,1.581E+4,
8.44E06,1.604E+4,
8.46E06,1.602E+4,
8.48E06,1.581E+4,
8.5E06,1.611E+4,
8.52E06,1.613E+4,
8.54E06,1.607E+4,
8.56E06,1.600E+4,
8.58E06,1.576E+4,
8.6E06,1.611E+4,
8.62E06,1.585E+4,
8.64E06,1.567E+4,
8.66E06,1.576E+4,
8.68E06,1.580E+4,
8.7E06,1.582E+4,
8.72E06,1.565E+4,
8.74E06,1.577E+4,
8.76E06,1.553E+4,
8.78E06,1.564E+4,
8.8E06,1.544E+4,
8.82E06,1.532E+4,
8.84E06,1.567E+4,
8.86E06,1.540E+4,
8.88E06,1.526E+4,
8.9E06,1.530E+4,
8.92E06,1.538E+4,
8.94E06,1.538E+4,
8.96E06,1.510E+4,
8.98E06,1.533E+4,
9E06,1.513E+4,
9.02E06,1.507E+4,
9.04E06,1.502E+4,
9.06E06,1.503E+4,
9.08E06,1.506E+4,
9.1E06,1.495E+4,
9.12E06,1.492E+4,
9.14E06,1.499E+4,
9.16E06,1.496E+4,
9.18E06,1.513E+4,
9.2E06,1.497E+4,
9.22E06,1.480E+4,
9.24E06,1.500E+4,
9.26E06,1.479E+4,
9.28E06,1.478E+4,
9.3E06,1.481E+4,
9.32E06,1.478E+4,
9.34E06,1.448E+4,
9.36E06,1.469E+4,
9.38E06,1.461E+4,
9.4E06,1.441E+4,
9.42E06,1.446E+4,
9.44E06,1.455E+4,
9.46E06,1.462E+4,
9.48E06,1.473E+4,
9.5E06,1.432E+4,
9.52E06,1.437E+4,
9.54E06,1.425E+4,
9.56E06,1.439E+4,
9.58E06,1.444E+4,
9.6E06,1.426E+4,
9.62E06,1.418E+4,
9.64E06,1.429E+4,
9.66E06,1.411E+4,
9.68E06,1.391E+4,
9.7E06,1.408E+4,
9.72E06,1.397E+4,
9.74E06,1.403E+4,
9.76E06,1.403E+4,
9.78E06,1.368E+4,
9.8E06,1.391E+4,
9.82E06,1.393E+4,
9.84E06,1.378E+4,
9.86E06,1.392E+4,
9.88E06,1.378E+4,
9.9E06,1.385E+4,
9.92E06,1.383E+4,
9.94E06,1.382E+4,
9.96E06,1.382E+4,
9.98E06,1.364E+4,
1E07,1.378E+4,
1.002E007,1.362E+4,
1.004E007,1.356E+4,
1.006E007,1.368E+4,
1.008E007,1.368E+4,
1.01E07,1.377E+4,
1.012E007,1.337E+4,
1.014E007,1.350E+4,
1.016E007,1.357E+4,
1.018E007,1.328E+4,
1.02E07,1.358E+4,
1.022E007,1.341E+4,
1.024E007,1.341E+4,
1.026E007,1.340E+4,
1.028E007,1.349E+4,
1.03E07,1.332E+4,
1.032E007,1.329E+4,
1.034E007,1.309E+4,
1.036E007,1.321E+4,
1.038E007,1.331E+4,
1.04E07,1.319E+4,
1.042E007,1.322E+4,
1.044E007,1.327E+4,
1.046E007,1.312E+4,
1.048E007,1.297E+4,
1.05E07,1.310E+4,
1.052E007,1.282E+4,
1.054E007,1.305E+4,
1.056E007,1.287E+4,
1.058E007,1.296E+4,
1.06E07,1.284E+4,
1.062E007,1.294E+4,
1.064E007,1.278E+4,
1.066E007,1.280E+4,
1.068E007,1.280E+4,
1.07E07,1.287E+4,
1.072E007,1.294E+4,
1.074E007,1.282E+4,
1.076E007,1.265E+4,
1.078E007,1.282E+4,
1.08E07,1.278E+4,
1.082E007,1.265E+4,
1.084E007,1.256E+4,
1.086E007,1.252E+4,
1.088E007,1.258E+4,
1.09E07,1.270E+4,
1.092E007,1.246E+4,
1.094E007,1.249E+4,
1.096E007,1.273E+4,
1.098E007,1.237E+4,
1.1E07,1.255E+4,
1.102E007,1.258E+4,
1.104E007,1.253E+4,
1.106E007,1.249E+4,
1.108E007,1.240E+4,
1.11E07,1.224E+4,
1.112E007,1.220E+4,
1.114E007,1.233E+4,
1.116E007,1.220E+4,
1.118E007,1.220E+4,
1.12E07,1.207E+4,
1.122E007,1.230E+4,
1.124E007,1.217E+4,
1.126E007,1.208E+4,
1.128E007,1.223E+4,
1.13E07,1.217E+4,
1.132E007,1.202E+4,
1.134E007,1.204E+4,
1.136E007,1.178E+4,
1.138E007,1.214E+4,
1.14E07,1.187E+4,
1.142E007,1.185E+4,
1.144E007,1.193E+4,
1.146E007,1.202E+4,
1.148E007,1.195E+4,
1.15E07,1.181E+4,
1.152E007,1.189E+4,
1.154E007,1.172E+4,
1.156E007,1.194E+4,
1.158E007,1.171E+4,
1.16E07,1.185E+4,
1.162E007,1.176E+4,
1.164E007,1.161E+4,
1.166E007,1.154E+4,
1.168E007,1.169E+4,
1.17E07,1.160E+4,
1.172E007,1.158E+4,
1.174E007,1.170E+4,
1.176E007,1.153E+4,
1.178E007,1.155E+4,
1.18E07,1.138E+4,
1.182E007,1.159E+4,
1.184E007,1.153E+4,
1.186E007,1.152E+4,
1.188E007,1.130E+4,
1.19E07,1.141E+4,
1.192E007,1.148E+4,
1.194E007,1.130E+4,
1.196E007,1.137E+4,
1.198E007,1.120E+4,
1.2E07,1.125E+4,
1.202E007,1.127E+4,
1.204E007,1.118E+4,
1.206E007,1.127E+4,
1.208E007,1.118E+4,
1.21E07,1.129E+4,
1.212E007,1.114E+4,
1.214E007,1.107E+4,
1.216E007,1.110E+4,
1.218E007,1.117E+4,
1.22E07,1.094E+4,
1.222E007,1.108E+4,
1.224E007,1.126E+4,
1.226E007,1.108E+4,
1.228E007,1.104E+4,
1.23E07,1.095E+4,
1.232E007,1.100E+4,
1.234E007,1.089E+4,
1.236E007,1.100E+4,
1.238E007,1.092E+4,
1.24E07,1.083E+4,
1.242E007,1.072E+4,
1.244E007,1.085E+4,
1.246E007,1.064E+4,
1.248E007,1.087E+4,
1.25E07,1.070E+4,
1.252E007,1.053E+4,
1.254E007,1.064E+4,
1.256E007,1.068E+4,
1.258E007,1.054E+4,
1.26E07,1.071E+4,
1.262E007,1.053E+4,
1.264E007,1.052E+4,
1.266E007,1.052E+4,
1.268E007,1.052E+4,
1.27E07,1.063E+4,
1.272E007,1.057E+4,
1.274E007,1.061E+4,
1.276E007,1.065E+4,
1.278E007,1.041E+4,
1.28E07,1.053E+4,
1.282E007,1.045E+4,
1.284E007,1.045E+4,
1.286E007,1.046E+4,
1.288E007,1.038E+4,
1.29E07,1.034E+4,
1.292E007,1.041E+4,
1.294E007,1.036E+4,
1.296E007,1.031E+4,
1.298E007,1.014E+4,
1.3E07,1.034E+4,
1.302E007,9.932E+3,
1.304E007,1.014E+4,
1.306E007,1.018E+4,
1.308E007,1.023E+4,
1.31E07,1.002E+4,
1.312E007,9.992E+3,
1.314E007,9.885E+3,
1.316E007,1.004E+4,
1.318E007,1.004E+4,
1.32E07,9.964E+3,
1.322E007,1.005E+4,
1.324E007,1.014E+4,
1.326E007,1.009E+4,
1.328E007,9.969E+3,
1.33E07,1.006E+4,
1.332E007,9.948E+3,
1.334E007,9.771E+3,
1.336E007,9.668E+3,
1.338E007,9.809E+3,
1.34E07,9.892E+3,
1.342E007,9.836E+3,
1.344E007,9.706E+3,
1.346E007,9.675E+3,
1.348E007,9.879E+3,
1.35E07,9.768E+3,
1.352E007,9.749E+3,
1.354E007,9.794E+3,
1.356E007,9.642E+3,
1.358E007,9.819E+3,
1.36E07,9.587E+3,
1.362E007,9.606E+3,
1.364E007,9.583E+3,
1.366E007,9.548E+3,
1.368E007,9.491E+3,
1.37E07,9.612E+3,
1.372E007,9.741E+3,
1.374E007,9.571E+3,
1.376E007,9.486E+3,
1.378E007,9.407E+3,
1.38E07,9.534E+3,
1.382E007,9.273E+3,
1.384E007,9.399E+3,
1.386E007,9.397E+3,
1.388E007,9.384E+3,
1.39E07,9.193E+3,
1.392E007,9.338E+3,
1.394E007,9.355E+3,
1.396E007,9.400E+3,
1.398E007,9.378E+3,
1.4E07,9.310E+3,
1.402E007,9.447E+3,
1.404E007,9.227E+3,
1.406E007,9.108E+3,
1.408E007,9.267E+3,
1.41E07,9.144E+3,
1.412E007,9.204E+3,
1.414E007,9.022E+3,
1.416E007,9.049E+3,
1.418E007,8.981E+3,
1.42E07,9.128E+3,
1.422E007,9.040E+3,
1.424E007,8.968E+3,
1.426E007,8.961E+3,
1.428E007,8.990E+3,
1.43E07,8.994E+3,
1.432E007,8.973E+3,
1.434E007,8.966E+3,
1.436E007,8.927E+3,
1.438E007,8.993E+3,
1.44E07,9.011E+3,
1.442E007,8.943E+3,
1.444E007,8.882E+3,
1.446E007,8.824E+3,
1.448E007,8.671E+3,
1.45E07,9.048E+3,
1.452E007,8.833E+3,
1.454E007,8.768E+3,
1.456E007,8.722E+3,
1.458E007,8.892E+3,
1.46E07,8.886E+3,
1.462E007,8.734E+3,
1.464E007,8.790E+3,
1.466E007,8.767E+3,
1.468E007,8.740E+3,
1.47E07,8.805E+3,
1.472E007,8.702E+3,
1.474E007,8.809E+3,
1.476E007,8.627E+3,
1.478E007,8.704E+3,
1.48E07,8.495E+3,
1.482E007,8.489E+3,
1.484E007,8.613E+3,
1.486E007,8.483E+3,
1.488E007,8.597E+3,
1.49E07,8.537E+3,
1.492E007,8.728E+3,
1.494E007,8.548E+3,
1.496E007,8.508E+3,
1.498E007,8.391E+3,
1.5E07,8.180E+3,
1.502E007,8.598E+3,
1.504E007,8.455E+3,
1.506E007,8.292E+3,
1.508E007,8.379E+3,
1.51E07,8.381E+3,
1.512E007,8.219E+3,
1.514E007,8.458E+3,
1.516E007,8.286E+3,
1.518E007,8.289E+3,
1.52E07,8.267E+3,
1.522E007,8.235E+3,
1.524E007,8.456E+3,
1.526E007,8.304E+3,
1.528E007,8.373E+3,
1.53E07,7.936E+3,
1.532E007,8.324E+3,
1.534E007,8.212E+3,
1.536E007,8.148E+3,
1.538E007,7.988E+3,
1.54E07,8.097E+3,
1.542E007,8.187E+3,
1.544E007,8.011E+3,
1.546E007,8.242E+3,
1.548E007,8.052E+3,
1.55E07,8.014E+3,
1.552E007,8.063E+3,
1.554E007,8.097E+3,
1.556E007,7.948E+3,
1.558E007,8.005E+3,
1.56E07,8.051E+3,
1.562E007,7.911E+3,
1.564E007,7.965E+3,
1.566E007,7.852E+3,
1.568E007,7.962E+3,
1.57E07,7.823E+3,
1.572E007,8.002E+3,
1.574E007,7.875E+3,
1.576E007,7.986E+3,
1.578E007,7.841E+3,
1.58E07,7.753E+3,
1.582E007,7.784E+3,
1.584E007,7.792E+3,
1.586E007,7.527E+3,
1.588E007,7.784E+3,
1.59E07,7.887E+3,
1.592E007,7.815E+3,
1.594E007,7.834E+3,
1.596E007,7.833E+3,
1.598E007,7.758E+3,
1.6E07,7.855E+3,
1.602E007,7.797E+3,
1.604E007,7.904E+3,
1.606E007,7.661E+3,
1.608E007,7.632E+3,
1.61E07,7.610E+3,
1.612E007,7.530E+3,
1.614E007,7.610E+3,
1.616E007,7.603E+3,
1.618E007,7.535E+3,
1.62E07,7.535E+3,
1.622E007,7.568E+3,
1.624E007,7.615E+3,
1.626E007,7.606E+3,
1.628E007,7.529E+3,
1.63E07,7.289E+3,
1.632E007,7.555E+3,
1.634E007,7.508E+3,
1.636E007,7.411E+3,
1.638E007,7.367E+3,
1.64E07,7.306E+3,
1.642E007,7.364E+3,
1.644E007,7.413E+3,
1.646E007,7.339E+3,
1.648E007,7.529E+3,
1.65E07,7.451E+3,
1.652E007,7.387E+3,
1.654E007,7.170E+3,
1.656E007,7.405E+3,
1.658E007,7.427E+3,
1.66E07,7.196E+3,
1.662E007,7.200E+3,
1.664E007,7.227E+3,
1.666E007,7.287E+3,
1.668E007,7.319E+3,
1.67E07,7.237E+3,
1.672E007,7.266E+3,
1.674E007,7.185E+3,
1.676E007,7.195E+3,
1.678E007,7.155E+3,
1.68E07,7.034E+3,
1.682E007,6.936E+3,
1.684E007,7.118E+3,
1.686E007,7.219E+3,
1.688E007,7.199E+3,
1.69E07,7.164E+3,
1.692E007,7.160E+3,
1.694E007,7.106E+3,
1.696E007,7.081E+3,
1.698E007,7.133E+3,
1.7E07,7.035E+3,
1.702E007,6.841E+3,
1.704E007,7.124E+3,
1.706E007,6.969E+3,
1.708E007,6.928E+3,
1.71E07,7.006E+3,
1.712E007,7.126E+3,
1.714E007,6.982E+3,
1.716E007,6.930E+3,
1.718E007,6.894E+3,
1.72E07,6.978E+3,
1.722E007,6.862E+3,
1.724E007,6.904E+3,
1.726E007,6.877E+3,
1.728E007,6.865E+3,
1.73E07,6.902E+3,
1.732E007,6.979E+3,
1.734E007,6.795E+3,
1.736E007,6.878E+3,
1.738E007,6.756E+3,
1.74E07,6.766E+3,
1.742E007,6.729E+3,
1.744E007,6.679E+3,
1.746E007,6.760E+3,
1.748E007,6.613E+3,
1.75E07,6.641E+3,
1.752E007,6.783E+3,
1.754E007,6.571E+3,
1.756E007,6.682E+3,
1.758E007,6.718E+3,
1.76E07,6.675E+3,
1.762E007,6.549E+3,
1.764E007,6.647E+3,
1.766E007,6.627E+3,
1.768E007,6.753E+3,
1.77E07,6.395E+3,
1.772E007,6.717E+3,
1.774E007,6.512E+3,
1.776E007,6.526E+3,
1.778E007,6.598E+3,
1.78E07,6.504E+3,
1.782E007,6.611E+3,
1.784E007,6.558E+3,
1.786E007,6.502E+3,
1.788E007,6.475E+3,
1.79E07,6.555E+3,
1.792E007,6.589E+3,
1.794E007,6.396E+3,
1.796E007,6.354E+3,
1.798E007,6.294E+3,
1.8E07,6.466E+3,
1.802E007,6.559E+3,
1.804E007,6.339E+3,
1.806E007,6.364E+3,
1.808E007,6.335E+3,
1.81E07,6.318E+3,
1.812E007,6.441E+3,
1.814E007,6.445E+3,
1.816E007,6.291E+3,
1.818E007,6.306E+3,
1.82E07,6.247E+3,
1.822E007,6.290E+3,
1.824E007,6.280E+3,
1.826E007,6.265E+3,
1.828E007,6.370E+3,
1.83E07,6.329E+3,
1.832E007,6.290E+3,
1.834E007,6.221E+3,
1.836E007,6.272E+3,
1.838E007,6.211E+3,
1.84E07,6.203E+3,
1.842E007,6.103E+3,
1.844E007,6.243E+3,
1.846E007,5.995E+3,
1.848E007,6.163E+3,
1.85E07,6.179E+3,
1.852E007,6.111E+3,
1.854E007,6.242E+3,
1.856E007,6.106E+3,
1.858E007,6.118E+3,
1.86E07,6.024E+3,
1.862E007,6.136E+3,
1.864E007,6.120E+3,
1.866E007,6.051E+3,
1.868E007,6.096E+3,
1.87E07,6.058E+3,
1.872E007,6.039E+3,
1.874E007,6.138E+3,
1.876E007,6.008E+3,
1.878E007,5.896E+3,
1.88E07,5.918E+3,
1.882E007,5.944E+3,
1.884E007,5.848E+3,
1.886E007,5.909E+3,
1.888E007,5.978E+3,
1.89E07,5.878E+3,
1.892E007,5.950E+3,
1.894E007,5.953E+3,
1.896E007,5.928E+3,
1.898E007,5.891E+3,
1.9E07,5.829E+3,
1.902E007,5.739E+3,
1.904E007,5.764E+3,
1.906E007,5.750E+3,
1.908E007,6.019E+3,
1.91E07,5.753E+3,
1.912E007,5.858E+3,
1.914E007,5.720E+3,
1.916E007,5.661E+3,
1.918E007,5.788E+3,
1.92E07,5.677E+3,
1.922E007,5.784E+3,
1.924E007,5.778E+3,
1.926E007,5.715E+3,
1.928E007,5.734E+3,
1.93E07,5.671E+3,
1.932E007,5.769E+3,
1.934E007,5.696E+3,
1.936E007,5.823E+3,
1.938E007,5.644E+3,
1.94E07,5.567E+3,
1.942E007,5.729E+3,
1.944E007,5.513E+3,
1.946E007,5.580E+3,
1.948E007,5.596E+3,
1.95E07,5.704E+3,
1.952E007,5.568E+3,
1.954E007,5.612E+3,
1.956E007,5.628E+3,
1.958E007,5.511E+3,
1.96E07,5.499E+3,
1.962E007,5.572E+3,
1.964E007,5.651E+3,
1.966E007,5.560E+3,
1.968E007,5.601E+3,
1.97E07,5.558E+3,
1.972E007,5.460E+3,
1.974E007,5.491E+3,
1.976E007,5.413E+3,
1.978E007,5.577E+3,
1.98E07,5.415E+3,
1.982E007,5.369E+3,
1.984E007,5.373E+3,
1.986E007,5.415E+3,
1.988E007,5.368E+3,
1.99E07,5.513E+3,
1.992E007,5.441E+3,
1.994E007,5.313E+3,
1.996E007,5.414E+3,
1.998E007,5.395E+3,
2E07,5.340E+3,
2.002E007,5.444E+3,
2.004E007,5.315E+3,
2.006E007,5.362E+3,
2.008E007,5.325E+3,
2.01E07,5.375E+3,
2.012E007,5.393E+3,
2.014E007,5.251E+3,
2.016E007,5.241E+3,
2.018E007,5.273E+3,
2.02E07,5.275E+3,
2.022E007,5.321E+3,
2.024E007,5.414E+3,
2.026E007,5.297E+3,
2.028E007,5.278E+3,
2.03E07,5.171E+3,
2.032E007,5.318E+3,
2.034E007,5.289E+3,
2.036E007,5.205E+3,
2.038E007,5.276E+3,
2.04E07,5.177E+3,
2.042E007,5.160E+3,
2.044E007,5.137E+3,
2.046E007,5.127E+3,
2.048E007,5.157E+3,
2.05E07,5.165E+3,
2.052E007,5.051E+3,
2.054E007,5.036E+3,
2.056E007,5.107E+3,
2.058E007,5.035E+3,
2.06E07,5.254E+3,
2.062E007,5.126E+3,
2.064E007,5.058E+3,
2.066E007,5.085E+3,
2.068E007,5.153E+3,
2.07E07,4.975E+3,
2.072E007,5.073E+3,
2.074E007,5.002E+3,
2.076E007,5.099E+3,
2.078E007,5.069E+3,
2.08E07,5.072E+3,
2.082E007,4.979E+3,
2.084E007,4.972E+3,
2.086E007,4.899E+3,
2.088E007,4.997E+3,
2.09E07,5.035E+3,
2.092E007,5.020E+3,
2.094E007,5.024E+3,
2.096E007,4.870E+3,
2.098E007,4.906E+3,
2.1E07,4.927E+3,
2.102E007,4.939E+3,
2.104E007,5.056E+3,
2.106E007,4.869E+3,
2.108E007,4.933E+3,
2.11E07,4.899E+3,
2.112E007,4.921E+3,
2.114E007,4.897E+3,
2.116E007,4.910E+3,
2.118E007,4.771E+3,
2.12E07,4.943E+3,
2.122E007,4.854E+3,
2.124E007,4.784E+3,
2.126E007,4.676E+3,
2.128E007,4.666E+3,
2.13E07,4.811E+3,
2.132E007,4.892E+3,
2.134E007,4.738E+3,
2.136E007,4.715E+3,
2.138E007,4.714E+3,
2.14E07,4.794E+3,
2.142E007,4.636E+3,
2.144E007,4.748E+3,
2.146E007,4.772E+3,
2.148E007,4.851E+3,
2.15E07,4.633E+3,
2.152E007,4.703E+3,
2.154E007,4.762E+3,
2.156E007,4.619E+3,
2.158E007,4.680E+3,
2.16E07,4.782E+3,
2.162E007,4.750E+3,
2.164E007,4.649E+3,
2.166E007,4.499E+3,
2.168E007,4.779E+3,
2.17E07,4.656E+3,
2.172E007,4.609E+3,
2.174E007,4.492E+3,
2.176E007,4.610E+3,
2.178E007,4.606E+3,
2.18E07,4.624E+3,
2.182E007,4.599E+3,
2.184E007,4.589E+3,
2.186E007,4.613E+3,
2.188E007,4.600E+3,
2.19E07,4.502E+3,
2.192E007,4.536E+3,
2.194E007,4.501E+3,
2.196E007,4.464E+3,
2.198E007,4.482E+3,
2.2E07,4.521E+3,
2.202E007,4.337E+3,
2.204E007,4.608E+3,
2.206E007,4.503E+3,
2.208E007,4.561E+3,
2.21E07,4.503E+3,
2.212E007,4.500E+3,
2.214E007,4.486E+3,
2.216E007,4.451E+3,
2.218E007,4.520E+3,
2.22E07,4.354E+3,
2.222E007,4.419E+3,
2.224E007,4.480E+3,
2.226E007,4.405E+3,
2.228E007,4.528E+3,
2.23E07,4.453E+3,
2.232E007,4.381E+3,
2.234E007,4.429E+3,
2.236E007,4.332E+3,
2.238E007,4.466E+3,
2.24E07,4.427E+3,
2.242E007,4.347E+3,
2.244E007,4.293E+3,
2.246E007,4.260E+3,
2.248E007,4.362E+3,
2.25E07,4.287E+3,
2.252E007,4.212E+3,
2.254E007,4.439E+3,
2.256E007,4.212E+3,
2.258E007,4.289E+3,
2.26E07,4.368E+3,
2.262E007,4.254E+3,
2.264E007,4.461E+3,
2.266E007,4.395E+3,
2.268E007,4.319E+3,
2.27E07,4.256E+3,
2.272E007,4.231E+3,
2.274E007,4.297E+3,
2.276E007,4.103E+3,
2.278E007,4.249E+3,
2.28E07,4.178E+3,
2.282E007,4.244E+3,
2.284E007,4.223E+3,
2.286E007,4.155E+3,
2.288E007,4.044E+3,
2.29E07,4.212E+3,
2.292E007,4.174E+3,
2.294E007,4.186E+3,
2.296E007,4.200E+3,
2.298E007,4.209E+3,
2.3E07,4.158E+3,
2.302E007,4.067E+3,
2.304E007,4.062E+3,
2.306E007,4.220E+3,
2.308E007,3.998E+3,
2.31E07,4.068E+3,
2.312E007,4.082E+3,
2.314E007,4.124E+3,
2.316E007,4.179E+3,
2.318E007,4.019E+3,
2.32E07,4.179E+3,
2.322E007,4.098E+3,
2.324E007,4.143E+3,
2.326E007,4.209E+3,
2.328E007,4.116E+3,
2.33E07,3.981E+3,
2.332E007,4.001E+3,
2.334E007,3.989E+3,
2.336E007,3.955E+3,
2.338E007,4.035E+3,
2.34E07,4.129E+3,
2.342E007,3.985E+3,
2.344E007,3.953E+3,
2.346E007,3.954E+3,
2.348E007,4.000E+3,
2.35E07,3.967E+3,
2.352E007,4.019E+3,
2.354E007,3.928E+3,
2.356E007,4.002E+3,
2.358E007,3.885E+3,
2.36E07,3.888E+3,
2.362E007,3.929E+3,
2.364E007,3.855E+3,
2.366E007,3.949E+3,
2.368E007,3.958E+3,
2.37E07,3.952E+3,
2.372E007,3.932E+3,
2.374E007,3.868E+3,
2.376E007,3.885E+3,
2.378E007,3.928E+3,
2.38E07,3.888E+3,
2.382E007,3.875E+3,
2.384E007,3.911E+3,
2.386E007,3.904E+3,
2.388E007,3.821E+3,
2.39E07,3.870E+3,
2.392E007,3.859E+3,
2.394E007,3.965E+3,
2.396E007,3.871E+3,
2.398E007,3.757E+3,
2.4E07,3.747E+3,
2.402E007,3.774E+3,
2.404E007,3.864E+3,
2.406E007,3.830E+3,
2.408E007,3.708E+3,
2.41E07,3.724E+3,
2.412E007,3.793E+3,
2.414E007,3.828E+3,
2.416E007,3.751E+3,
2.418E007,3.764E+3,
2.42E07,3.826E+3,
2.422E007,3.898E+3,
2.424E007,3.848E+3,
2.426E007,3.737E+3,
2.428E007,3.852E+3,
2.43E07,3.670E+3,
2.432E007,3.696E+3,
2.434E007,3.700E+3,
2.436E007,3.697E+3,
2.438E007,3.686E+3,
2.44E07,3.595E+3,
2.442E007,3.756E+3,
2.444E007,3.763E+3,
2.446E007,3.716E+3,
2.448E007,3.768E+3,
2.45E07,3.694E+3,
2.452E007,3.799E+3,
2.454E007,3.701E+3,
2.456E007,3.675E+3,
2.458E007,3.674E+3,
2.46E07,3.707E+3,
2.462E007,3.680E+3,
2.464E007,3.580E+3,
2.466E007,3.656E+3,
2.468E007,3.538E+3,
2.47E07,3.683E+3,
2.472E007,3.668E+3,
2.474E007,3.693E+3,
2.476E007,3.549E+3,
2.478E007,3.541E+3,
2.48E07,3.519E+3,
2.482E007,3.571E+3,
2.484E007,3.491E+3,
2.486E007,3.553E+3,
2.488E007,3.487E+3,
2.49E07,3.540E+3,
2.492E007,3.645E+3,
2.494E007,3.649E+3,
2.496E007,3.618E+3,
2.498E007,3.605E+3,
2.5E07,3.526E+3,
2.502E007,3.516E+3,
2.504E007,3.498E+3,
2.506E007,3.554E+3,
2.508E007,3.504E+3,
2.51E07,3.391E+3,
2.512E007,3.512E+3,
2.514E007,3.553E+3,
2.516E007,3.575E+3,
2.518E007,3.467E+3,
2.52E07,3.390E+3,
2.522E007,3.526E+3,
2.524E007,3.594E+3,
2.526E007,3.461E+3,
2.528E007,3.376E+3,
2.53E07,3.506E+3,
2.532E007,3.388E+3,
2.534E007,3.468E+3,
2.536E007,3.420E+3,
2.538E007,3.381E+3,
2.54E07,3.430E+3,
2.542E007,3.514E+3,
2.544E007,3.380E+3,
2.546E007,3.443E+3,
2.548E007,3.380E+3,
2.55E07,3.329E+3,
2.552E007,3.411E+3,
2.554E007,3.317E+3,
2.556E007,3.364E+3,
2.558E007,3.440E+3,
2.56E07,3.364E+3,
2.562E007,3.349E+3,
2.564E007,3.262E+3,
2.566E007,3.320E+3,
2.568E007,3.352E+3,
2.57E07,3.283E+3,
2.572E007,3.320E+3,
2.574E007,3.368E+3,
2.576E007,3.325E+3,
2.578E007,3.276E+3,
2.58E07,3.261E+3,
2.582E007,3.302E+3,
2.584E007,3.253E+3,
2.586E007,3.429E+3,
2.588E007,3.309E+3,
2.59E07,3.242E+3,
2.592E007,3.248E+3,
2.594E007,3.197E+3,
2.596E007,3.262E+3,
2.598E007,3.256E+3,
2.6E07,3.310E+3,
2.602E007,3.285E+3,
2.604E007,3.265E+3,
2.606E007,3.295E+3,
2.608E007,3.218E+3,
2.61E07,3.193E+3,
2.612E007,3.230E+3,
2.614E007,3.184E+3,
2.616E007,3.219E+3,
2.618E007,3.189E+3,
2.62E07,3.171E+3,
2.622E007,3.138E+3,
2.624E007,3.163E+3,
2.626E007,3.194E+3,
2.628E007,3.177E+3,
2.63E07,3.176E+3,
2.632E007,3.227E+3,
2.634E007,3.336E+3,
2.636E007,3.166E+3,
2.638E007,3.155E+3,
2.64E07,3.281E+3,
2.642E007,3.186E+3,
2.644E007,3.254E+3,
2.646E007,3.146E+3,
2.648E007,3.040E+3,
2.65E07,3.260E+3,
2.652E007,3.092E+3,
2.654E007,3.114E+3,
2.656E007,3.169E+3,
2.658E007,3.094E+3,
2.66E07,3.153E+3,
2.662E007,3.184E+3,
2.664E007,3.168E+3,
2.666E007,3.192E+3,
2.668E007,3.194E+3,
2.67E07,3.101E+3,
2.672E007,3.154E+3,
2.674E007,2.925E+3,
2.676E007,3.118E+3,
2.678E007,3.006E+3,
2.68E07,3.006E+3,
2.682E007,3.036E+3,
2.684E007,3.077E+3,
2.686E007,2.997E+3,
2.688E007,3.068E+3,
2.69E07,3.024E+3,
2.692E007,2.944E+3,
2.694E007,3.014E+3,
2.696E007,3.102E+3,
2.698E007,2.887E+3,
2.7E07,3.016E+3,
2.702E007,2.945E+3,
2.704E007,2.980E+3,
2.706E007,2.922E+3,
2.708E007,3.009E+3,
2.71E07,2.905E+3,
2.712E007,2.886E+3,
2.714E007,3.051E+3,
2.716E007,2.980E+3,
2.718E007,3.108E+3,
2.72E07,3.028E+3,
2.722E007,3.094E+3,
2.724E007,3.027E+3,
2.726E007,3.011E+3,
2.728E007,2.940E+3,
2.73E07,2.879E+3,
2.732E007,3.018E+3,
2.734E007,2.817E+3,
2.736E007,3.023E+3,
2.738E007,2.936E+3,
2.74E07,2.983E+3,
2.742E007,2.953E+3,
2.744E007,2.917E+3,
2.746E007,2.946E+3,
2.748E007,2.833E+3,
2.75E07,2.860E+3,
2.752E007,2.817E+3,
2.754E007,2.906E+3,
2.756E007,2.947E+3,
2.758E007,2.829E+3,
2.76E07,2.902E+3,
2.762E007,2.863E+3,
2.764E007,2.872E+3,
2.766E007,2.885E+3,
2.768E007,2.769E+3,
2.77E07,2.858E+3,
2.772E007,2.916E+3,
2.774E007,2.757E+3,
2.776E007,2.840E+3,
2.778E007,2.883E+3,
2.78E07,2.857E+3,
2.782E007,2.870E+3,
2.784E007,2.860E+3,
2.786E007,2.713E+3,
2.788E007,2.781E+3,
2.79E07,2.851E+3,
2.792E007,2.781E+3,
2.794E007,2.711E+3,
2.796E007,2.786E+3,
2.798E007,2.807E+3,
2.8E07,2.723E+3,
2.802E007,2.813E+3,
2.804E007,2.773E+3,
2.806E007,2.732E+3,
2.808E007,2.817E+3,
2.81E07,2.795E+3,
2.812E007,2.802E+3,
2.814E007,2.744E+3,
2.816E007,2.702E+3,
2.818E007,2.822E+3,
2.82E07,2.750E+3,
2.822E007,2.802E+3,
2.824E007,2.759E+3,
2.826E007,2.725E+3,
2.828E007,2.728E+3,
2.83E07,2.715E+3,
2.832E007,2.712E+3,
2.834E007,2.677E+3,
2.836E007,2.735E+3,
2.838E007,2.748E+3,
2.84E07,2.730E+3,
2.842E007,2.708E+3,
2.844E007,2.665E+3,
2.846E007,2.607E+3,
2.848E007,2.709E+3,
2.85E07,2.694E+3,
2.852E007,2.672E+3,
2.854E007,2.713E+3,
2.856E007,2.686E+3,
2.858E007,2.735E+3,
2.86E07,2.690E+3,
2.862E007,2.601E+3,
2.864E007,2.705E+3,
2.866E007,2.615E+3,
2.868E007,2.698E+3,
2.87E07,2.695E+3,
2.872E007,2.708E+3,
2.874E007,2.634E+3,
2.876E007,2.722E+3,
2.878E007,2.612E+3,
2.88E07,2.466E+3,
2.882E007,2.651E+3,
2.884E007,2.585E+3,
2.886E007,2.643E+3,
2.888E007,2.480E+3,
2.89E07,2.515E+3,
2.892E007,2.552E+3,
2.894E007,2.609E+3,
2.896E007,2.628E+3,
2.898E007,2.588E+3,
2.9E07,2.647E+3,
2.902E007,2.606E+3,
2.904E007,2.606E+3,
2.906E007,2.523E+3,
2.908E007,2.602E+3,
2.91E07,2.547E+3,
2.912E007,2.551E+3,
2.914E007,2.572E+3,
2.916E007,2.545E+3,
2.918E007,2.613E+3,
2.92E07,2.499E+3,
2.922E007,2.512E+3,
2.924E007,2.493E+3,
2.926E007,2.541E+3,
2.928E007,2.564E+3,
2.93E07,2.579E+3,
2.932E007,2.547E+3,
2.934E007,2.578E+3,
2.936E007,2.551E+3,
2.938E007,2.524E+3,
2.94E07,2.645E+3,
2.942E007,2.534E+3,
2.944E007,2.485E+3,
2.946E007,2.558E+3,
2.948E007,2.449E+3,
2.95E07,2.498E+3,
2.952E007,2.540E+3,
2.954E007,2.465E+3,
2.956E007,2.494E+3,
2.958E007,2.422E+3,
2.96E07,2.515E+3,
2.962E007,2.427E+3,
2.964E007,2.495E+3,
2.966E007,2.485E+3,
2.968E007,2.505E+3,
2.97E07,2.422E+3,
2.972E007,2.469E+3,
2.974E007,2.562E+3,
2.976E007,2.512E+3,
2.978E007,2.456E+3,
2.98E07,2.490E+3,
2.982E007,2.418E+3,
2.984E007,2.417E+3,
2.986E007,2.539E+3,
2.988E007,2.420E+3,
2.99E07,2.489E+3,
2.992E007,2.481E+3,
2.994E007,2.470E+3,
2.996E007,2.423E+3,
2.998E007,2.432E+3,
3E07,2.390E+3,
3.002E007,2.460E+3,
3.004E007,2.425E+3,
3.006E007,2.378E+3,
3.008E007,2.516E+3,
3.01E07,2.348E+3,
3.012E007,2.456E+3,
3.014E007,2.427E+3,
3.016E007,2.379E+3,
3.018E007,2.376E+3,
3.02E07,2.421E+3,
3.022E007,2.327E+3,
3.024E007,2.316E+3,
3.026E007,2.379E+3,
3.028E007,2.441E+3,
3.03E07,2.397E+3,
3.032E007,2.381E+3,
3.034E007,2.349E+3,
3.036E007,2.393E+3,
3.038E007,2.374E+3,
3.04E07,2.320E+3,
3.042E007,2.332E+3,
3.044E007,2.294E+3,
3.046E007,2.416E+3,
3.048E007,2.317E+3,
3.05E07,2.315E+3,
3.052E007,2.321E+3,
3.054E007,2.385E+3,
3.056E007,2.402E+3,
3.058E007,2.252E+3,
3.06E07,2.342E+3,
3.062E007,2.239E+3,
3.064E007,2.275E+3,
3.066E007,2.290E+3,
3.068E007,2.340E+3,
3.07E07,2.335E+3,
3.072E007,2.353E+3,
3.074E007,2.398E+3,
3.076E007,2.258E+3,
3.078E007,2.298E+3,
3.08E07,2.207E+3,
3.082E007,2.332E+3,
3.084E007,2.301E+3,
3.086E007,2.196E+3,
3.088E007,2.272E+3,
3.09E07,2.292E+3,
3.092E007,2.275E+3,
3.094E007,2.214E+3,
3.096E007,2.133E+3,
3.098E007,2.273E+3,
3.1E07,2.280E+3,
3.102E007,2.276E+3,
3.104E007,2.201E+3,
3.106E007,2.267E+3,
3.108E007,2.199E+3,
3.11E07,2.205E+3,
3.112E007,2.297E+3,
3.114E007,2.331E+3,
3.116E007,2.255E+3,
3.118E007,2.190E+3,
3.12E07,2.211E+3,
3.122E007,2.263E+3,
3.124E007,2.238E+3,
3.126E007,2.223E+3,
3.128E007,2.234E+3,
3.13E07,2.244E+3,
3.132E007,2.170E+3,
3.134E007,2.280E+3,
3.136E007,2.142E+3,
3.138E007,2.098E+3,
3.14E07,2.192E+3,
3.142E007,2.206E+3,
3.144E007,2.198E+3,
3.146E007,2.181E+3,
3.148E007,2.197E+3,
3.15E07,2.195E+3,
3.152E007,2.186E+3,
3.154E007,2.164E+3,
3.156E007,2.100E+3,
3.158E007,2.195E+3,
3.16E07,2.144E+3,
3.162E007,2.134E+3,
3.164E007,2.243E+3,
3.166E007,2.197E+3,
3.168E007,2.190E+3,
3.17E07,2.159E+3,
3.172E007,2.193E+3,
3.174E007,2.136E+3,
3.176E007,2.113E+3,
3.178E007,2.157E+3,
3.18E07,2.054E+3,
3.182E007,2.081E+3,
3.184E007,2.042E+3,
3.186E007,2.163E+3,
3.188E007,2.159E+3,
3.19E07,2.150E+3,
3.192E007,2.112E+3,
3.194E007,2.247E+3,
3.196E007,2.058E+3,
3.198E007,2.088E+3,
3.2E07,2.211E+3,
3.202E007,2.060E+3,
3.204E007,2.073E+3,
3.206E007,2.060E+3,
3.208E007,2.089E+3,
3.21E07,1.998E+3,
3.212E007,2.025E+3,
3.214E007,2.084E+3,
3.216E007,2.053E+3,
3.218E007,2.001E+3,
3.22E07,2.051E+3,
3.222E007,2.106E+3,
3.224E007,2.098E+3,
3.226E007,2.027E+3,
3.228E007,2.043E+3,
3.23E07,2.102E+3,
3.232E007,2.067E+3,
3.234E007,2.051E+3,
3.236E007,2.094E+3,
3.238E007,2.024E+3,
3.24E07,2.105E+3,
3.242E007,2.051E+3,
3.244E007,1.956E+3,
3.246E007,2.123E+3,
3.248E007,2.022E+3,
3.25E07,2.094E+3,
3.252E007,2.010E+3,
3.254E007,2.061E+3,
3.256E007,2.018E+3,
3.258E007,2.047E+3,
3.26E07,2.020E+3,
3.262E007,2.113E+3,
3.264E007,1.991E+3,
3.266E007,1.934E+3,
3.268E007,1.965E+3,
3.27E07,2.026E+3,
3.272E007,1.967E+3,
3.274E007,1.987E+3,
3.276E007,1.990E+3,
3.278E007,2.047E+3,
3.28E07,2.001E+3,
3.282E007,1.991E+3,
3.284E007,2.003E+3,
3.286E007,2.027E+3,
3.288E007,2.013E+3,
3.29E07,1.943E+3,
3.292E007,1.920E+3,
3.294E007,1.972E+3,
3.296E007,1.962E+3,
3.298E007,1.941E+3,
3.3E07,1.906E+3,
3.302E007,2.082E+3,
3.304E007,1.925E+3,
3.306E007,1.929E+3,
3.308E007,1.987E+3,
3.31E07,1.982E+3,
3.312E007,1.950E+3,
3.314E007,2.009E+3,
3.316E007,1.941E+3,
3.318E007,1.919E+3,
3.32E07,1.956E+3,
3.322E007,1.987E+3,
3.324E007,1.874E+3,
3.326E007,1.887E+3,
3.328E007,1.909E+3,
3.33E07,1.900E+3,
3.332E007,1.990E+3,
3.334E007,1.988E+3,
3.336E007,1.911E+3,
3.338E007,1.974E+3,
3.34E07,1.893E+3,
3.342E007,1.944E+3,
3.344E007,1.923E+3,
3.346E007,1.944E+3,
3.348E007,1.908E+3,
3.35E07,1.863E+3,
3.352E007,1.888E+3,
3.354E007,1.928E+3,
3.356E007,1.963E+3,
3.358E007,1.808E+3,
3.36E07,1.923E+3,
3.362E007,1.924E+3,
3.364E007,1.930E+3,
3.366E007,1.873E+3,
3.368E007,1.833E+3,
3.37E07,1.889E+3,
3.372E007,1.859E+3,
3.374E007,1.918E+3,
3.376E007,1.904E+3,
3.378E007,1.869E+3,
3.38E07,1.882E+3,
3.382E007,1.868E+3,
3.384E007,1.929E+3,
3.386E007,1.856E+3,
3.388E007,1.875E+3,
3.39E07,1.836E+3,
3.392E007,1.907E+3,
3.394E007,1.864E+3,
3.396E007,1.839E+3,
3.398E007,1.883E+3,
3.4E07,1.917E+3,
3.402E007,1.794E+3,
3.404E007,1.865E+3,
3.406E007,1.848E+3,
3.408E007,1.822E+3,
3.41E07,1.870E+3,
3.412E007,1.850E+3,
3.414E007,1.876E+3,
3.416E007,1.800E+3,
3.418E007,1.828E+3,
3.42E07,1.913E+3,
3.422E007,1.867E+3,
3.424E007,1.783E+3,
3.426E007,1.859E+3,
3.428E007,1.789E+3,
3.43E07,1.868E+3,
3.432E007,1.774E+3,
3.434E007,1.780E+3,
3.436E007,1.865E+3,
3.438E007,1.779E+3,
3.44E07,1.741E+3,
3.442E007,1.787E+3,
3.444E007,1.749E+3,
3.446E007,1.751E+3,
3.448E007,1.713E+3,
3.45E07,1.734E+3,
3.452E007,1.759E+3,
3.454E007,1.807E+3,
3.456E007,1.763E+3,
3.458E007,1.711E+3,
3.46E07,1.789E+3,
3.462E007,1.775E+3,
3.464E007,1.774E+3,
3.466E007,1.774E+3,
3.468E007,1.773E+3,
3.47E07,1.687E+3,
3.472E007,1.735E+3,
3.474E007,1.729E+3,
3.476E007,1.825E+3,
3.478E007,1.754E+3,
3.48E07,1.813E+3,
3.482E007,1.719E+3,
3.484E007,1.803E+3,
3.486E007,1.748E+3,
3.488E007,1.750E+3,
3.49E07,1.744E+3,
3.492E007,1.751E+3,
3.494E007,1.758E+3,
3.496E007,1.760E+3,
3.498E007,1.768E+3,
3.5E07,1.657E+3,
3.502E007,1.758E+3,
3.504E007,1.723E+3,
3.506E007,1.726E+3,
3.508E007,1.694E+3,
3.51E07,1.700E+3,
3.512E007,1.718E+3,
3.514E007,1.779E+3,
3.516E007,1.670E+3,
3.518E007,1.703E+3,
3.52E07,1.699E+3,
3.522E007,1.722E+3,
3.524E007,1.778E+3,
3.526E007,1.690E+3,
3.528E007,1.703E+3,
3.53E07,1.696E+3,
3.532E007,1.755E+3,
3.534E007,1.657E+3,
3.536E007,1.747E+3,
3.538E007,1.728E+3,
3.54E07,1.739E+3,
3.542E007,1.765E+3,
3.544E007,1.619E+3,
3.546E007,1.769E+3,
3.548E007,1.674E+3,
3.55E07,1.744E+3,
3.552E007,1.741E+3,
3.554E007,1.653E+3,
3.556E007,1.610E+3,
3.558E007,1.686E+3,
3.56E07,1.629E+3,
3.562E007,1.615E+3,
3.564E007,1.659E+3,
3.566E007,1.711E+3,
3.568E007,1.625E+3,
3.57E07,1.693E+3,
3.572E007,1.693E+3,
3.574E007,1.587E+3,
3.576E007,1.668E+3,
3.578E007,1.635E+3,
3.58E07,1.658E+3,
3.582E007,1.604E+3,
3.584E007,1.619E+3,
3.586E007,1.698E+3,
3.588E007,1.715E+3,
3.59E07,1.668E+3,
3.592E007,1.621E+3,
3.594E007,1.629E+3,
3.596E007,1.557E+3,
3.598E007,1.600E+3,
3.6E07,1.626E+3,
3.602E007,1.595E+3,
3.604E007,1.593E+3,
3.606E007,1.624E+3,
3.608E007,1.631E+3,
3.61E07,1.548E+3,
3.612E007,1.538E+3,
3.614E007,1.594E+3,
3.616E007,1.598E+3,
3.618E007,1.620E+3,
3.62E07,1.616E+3,
3.622E007,1.632E+3,
3.624E007,1.669E+3,
3.626E007,1.640E+3,
3.628E007,1.625E+3,
3.63E07,1.634E+3,
3.632E007,1.615E+3,
3.634E007,1.604E+3,
3.636E007,1.510E+3,
3.638E007,1.592E+3,
3.64E07,1.572E+3,
3.642E007,1.527E+3,
3.644E007,1.561E+3,
3.646E007,1.576E+3,
3.648E007,1.669E+3,
3.65E07,1.577E+3,
3.652E007,1.502E+3,
3.654E007,1.588E+3,
3.656E007,1.653E+3,
3.658E007,1.546E+3,
3.66E07,1.551E+3,
3.662E007,1.615E+3,
3.664E007,1.494E+3,
3.666E007,1.580E+3,
3.668E007,1.573E+3,
3.67E07,1.508E+3,
3.672E007,1.488E+3,
3.674E007,1.572E+3,
3.676E007,1.545E+3,
3.678E007,1.561E+3,
3.68E07,1.604E+3,
3.682E007,1.553E+3,
3.684E007,1.541E+3,
3.686E007,1.522E+3,
3.688E007,1.624E+3,
3.69E07,1.548E+3,
3.692E007,1.633E+3,
3.694E007,1.608E+3,
3.696E007,1.482E+3,
3.698E007,1.586E+3,
3.7E07,1.570E+3,
3.702E007,1.570E+3,
3.704E007,1.575E+3,
3.706E007,1.606E+3,
3.708E007,1.624E+3,
3.71E07,1.604E+3,
3.712E007,1.558E+3,
3.714E007,1.611E+3,
3.716E007,1.618E+3,
3.718E007,1.481E+3,
3.72E07,1.546E+3,
3.722E007,1.502E+3,
3.724E007,1.489E+3,
3.726E007,1.526E+3,
3.728E007,1.481E+3,
3.73E07,1.529E+3,
3.732E007,1.517E+3,
3.734E007,1.539E+3,
3.736E007,1.539E+3,
3.738E007,1.410E+3,
3.74E07,1.490E+3,
3.742E007,1.494E+3,
3.744E007,1.510E+3,
3.746E007,1.466E+3,
3.748E007,1.458E+3,
3.75E07,1.486E+3,
3.752E007,1.454E+3,
3.754E007,1.476E+3,
3.756E007,1.472E+3,
3.758E007,1.480E+3,
3.76E07,1.494E+3,
3.762E007,1.519E+3,
3.764E007,1.542E+3,
3.766E007,1.537E+3,
3.768E007,1.428E+3,
3.77E07,1.472E+3,
3.772E007,1.502E+3,
3.774E007,1.391E+3,
3.776E007,1.537E+3,
3.778E007,1.410E+3,
3.78E07,1.473E+3,
3.782E007,1.416E+3,
3.784E007,1.482E+3,
3.786E007,1.492E+3,
3.788E007,1.435E+3,
3.79E07,1.494E+3,
3.792E007,1.439E+3,
3.794E007,1.431E+3,
3.796E007,1.463E+3,
3.798E007,1.465E+3,
3.8E07,1.460E+3,
3.802E007,1.543E+3,
3.804E007,1.388E+3,
3.806E007,1.452E+3,
3.808E007,1.479E+3,
3.81E07,1.450E+3,
3.812E007,1.461E+3,
3.814E007,1.461E+3,
3.816E007,1.444E+3,
3.818E007,1.401E+3,
3.82E07,1.460E+3,
3.822E007,1.463E+3,
3.824E007,1.439E+3,
3.826E007,1.474E+3,
3.828E007,1.397E+3,
3.83E07,1.452E+3,
3.832E007,1.430E+3,
3.834E007,1.436E+3,
3.836E007,1.417E+3,
3.838E007,1.337E+3,
3.84E07,1.453E+3,
3.842E007,1.408E+3,
3.844E007,1.407E+3,
3.846E007,1.378E+3,
3.848E007,1.424E+3,
3.85E07,1.463E+3,
3.852E007,1.409E+3,
3.854E007,1.365E+3,
3.856E007,1.388E+3,
3.858E007,1.383E+3,
3.86E07,1.389E+3,
3.862E007,1.403E+3,
3.864E007,1.419E+3,
3.866E007,1.412E+3,
3.868E007,1.466E+3,
3.87E07,1.427E+3,
3.872E007,1.383E+3,
3.874E007,1.403E+3,
3.876E007,1.418E+3,
3.878E007,1.400E+3,
3.88E07,1.431E+3,
3.882E007,1.405E+3,
3.884E007,1.433E+3,
3.886E007,1.381E+3,
3.888E007,1.416E+3,
3.89E07,1.393E+3,
3.892E007,1.369E+3,
3.894E007,1.369E+3,
3.896E007,1.409E+3,
3.898E007,1.288E+3,
3.9E07,1.398E+3,
3.902E007,1.446E+3,
3.904E007,1.369E+3,
3.906E007,1.392E+3,
3.908E007,1.331E+3,
3.91E07,1.378E+3,
3.912E007,1.416E+3,
3.914E007,1.315E+3,
3.916E007,1.317E+3,
3.918E007,1.349E+3,
3.92E07,1.420E+3,
3.922E007,1.359E+3,
3.924E007,1.381E+3,
3.926E007,1.446E+3,
3.928E007,1.352E+3,
3.93E07,1.360E+3,
3.932E007,1.320E+3,
3.934E007,1.291E+3,
3.936E007,1.355E+3,
3.938E007,1.323E+3,
3.94E07,1.310E+3,
3.942E007,1.372E+3,
3.944E007,1.424E+3,
3.946E007,1.309E+3,
3.948E007,1.281E+3,
3.95E07,1.332E+3,
3.952E007,1.283E+3,
3.954E007,1.377E+3,
3.956E007,1.278E+3,
3.958E007,1.329E+3,
3.96E07,1.338E+3,
3.962E007,1.407E+3,
3.964E007,1.281E+3,
3.966E007,1.382E+3,
3.968E007,1.292E+3,
3.97E07,1.364E+3,
3.972E007,1.344E+3,
3.974E007,1.363E+3,
3.976E007,1.406E+3,
3.978E007,1.299E+3,
3.98E07,1.264E+3,
3.982E007,1.347E+3,
3.984E007,1.378E+3,
3.986E007,1.302E+3,
3.988E007,1.271E+3,
3.99E07,1.286E+3,
3.992E007,1.395E+3,
3.994E007,1.296E+3,
3.996E007,1.387E+3,
3.998E007,1.333E+3,
4E07,1.302E+3,
4.002E007,1.273E+3,
4.004E007,1.349E+3,
4.006E007,1.290E+3,
4.008E007,1.306E+3,
4.01E07,1.385E+3,
4.012E007,1.313E+3,
4.014E007,1.316E+3,
4.016E007,1.308E+3,
4.018E007,1.333E+3,
4.02E07,1.253E+3,
4.022E007,1.252E+3,
4.024E007,1.249E+3,
4.026E007,1.269E+3,
4.028E007,1.348E+3,
4.03E07,1.216E+3,
4.032E007,1.309E+3,
4.034E007,1.297E+3,
4.036E007,1.281E+3,
4.038E007,1.251E+3,
4.04E07,1.313E+3,
4.042E007,1.204E+3,
4.044E007,1.317E+3,
4.046E007,1.231E+3,
4.048E007,1.283E+3,
4.05E07,1.330E+3,
4.052E007,1.280E+3,
4.054E007,1.319E+3,
4.056E007,1.291E+3,
4.058E007,1.285E+3,
4.06E07,1.276E+3,
4.062E007,1.246E+3,
4.064E007,1.304E+3,
4.066E007,1.284E+3,
4.068E007,1.240E+3,
4.07E07,1.226E+3,
4.072E007,1.300E+3,
4.074E007,1.278E+3,
4.076E007,1.269E+3,
4.078E007,1.276E+3,
4.08E07,1.250E+3,
4.082E007,1.297E+3,
4.084E007,1.239E+3,
4.086E007,1.274E+3,
4.088E007,1.229E+3,
4.09E07,1.323E+3,
4.092E007,1.247E+3,
4.094E007,1.261E+3,
4.096E007,1.213E+3,
4.098E007,1.201E+3,
4.1E07,1.237E+3,
4.102E007,1.244E+3,
4.104E007,1.238E+3,
4.106E007,1.229E+3,
4.108E007,1.259E+3,
4.11E07,1.247E+3,
4.112E007,1.221E+3,
4.114E007,1.211E+3,
4.116E007,1.261E+3,
4.118E007,1.238E+3,
4.12E07,1.196E+3,
4.122E007,1.336E+3,
4.124E007,1.258E+3,
4.126E007,1.290E+3,
4.128E007,1.188E+3,
4.13E07,1.221E+3,
4.132E007,1.287E+3,
4.134E007,1.189E+3,
4.136E007,1.255E+3,
4.138E007,1.189E+3,
4.14E07,1.253E+3,
4.142E007,1.240E+3,
4.144E007,1.225E+3,
4.146E007,1.272E+3,
4.148E007,1.266E+3,
4.15E07,1.217E+3,
4.152E007,1.189E+3,
4.154E007,1.205E+3,
4.156E007,1.194E+3,
4.158E007,1.141E+3,
4.16E07,1.195E+3,
4.162E007,1.264E+3,
4.164E007,1.167E+3,
4.166E007,1.227E+3,
4.168E007,1.185E+3,
4.17E07,1.220E+3,
4.172E007,1.239E+3,
4.174E007,1.222E+3,
4.176E007,1.245E+3,
4.178E007,1.210E+3,
4.18E07,1.193E+3,
4.182E007,1.256E+3,
4.184E007,1.251E+3,
4.186E007,1.214E+3,
4.188E007,1.198E+3,
4.19E07,1.185E+3,
4.192E007,1.196E+3,
4.194E007,1.173E+3,
4.196E007,1.192E+3,
4.198E007,1.205E+3,
4.2E07,1.215E+3,
4.202E007,1.249E+3,
4.204E007,1.180E+3,
4.206E007,1.231E+3,
4.208E007,1.172E+3,
4.21E07,1.224E+3,
4.212E007,1.189E+3,
4.214E007,1.155E+3,
4.216E007,1.148E+3,
4.218E007,1.159E+3,
4.22E07,1.156E+3,
4.222E007,1.166E+3,
4.224E007,1.186E+3,
4.226E007,1.141E+3,
4.228E007,1.221E+3,
4.23E07,1.219E+3,
4.232E007,1.178E+3,
4.234E007,1.140E+3,
4.236E007,1.158E+3,
4.238E007,1.201E+3,
4.24E07,1.168E+3,
4.242E007,1.181E+3,
4.244E007,1.159E+3,
4.246E007,1.183E+3,
4.248E007,1.114E+3,
4.25E07,1.177E+3,
4.252E007,1.148E+3,
4.254E007,1.214E+3,
4.256E007,1.113E+3,
4.258E007,1.174E+3,
4.26E07,1.155E+3,
4.262E007,1.164E+3,
4.264E007,1.163E+3,
4.266E007,1.133E+3,
4.268E007,1.179E+3,
4.27E07,1.133E+3,
4.272E007,1.238E+3,
4.274E007,1.098E+3,
4.276E007,1.138E+3,
4.278E007,1.128E+3,
4.28E07,1.246E+3,
4.282E007,1.127E+3,
4.284E007,1.199E+3,
4.286E007,1.135E+3,
4.288E007,1.110E+3,
4.29E07,1.185E+3,
4.292E007,1.130E+3,
4.294E007,1.124E+3,
4.296E007,1.171E+3,
4.298E007,1.159E+3,
4.3E07,1.172E+3,
4.302E007,1.169E+3,
4.304E007,1.109E+3,
4.306E007,1.177E+3,
4.308E007,1.185E+3,
4.31E07,1.157E+3,
4.312E007,1.172E+3,
4.314E007,1.168E+3,
4.316E007,1.093E+3,
4.318E007,1.148E+3,
4.32E07,1.129E+3,
4.322E007,1.149E+3,
4.324E007,1.068E+3,
4.326E007,1.193E+3,
4.328E007,1.155E+3,
4.33E07,1.127E+3,
4.332E007,1.094E+3,
4.334E007,1.121E+3,
4.336E007,1.076E+3,
4.338E007,1.144E+3,
4.34E07,1.160E+3,
4.342E007,1.140E+3,
4.344E007,1.148E+3,
4.346E007,1.158E+3,
4.348E007,1.115E+3,
4.35E07,1.060E+3,
4.352E007,1.126E+3,
4.354E007,1.110E+3,
4.356E007,1.114E+3,
4.358E007,1.186E+3,
4.36E07,1.092E+3,
4.362E007,1.144E+3,
4.364E007,1.026E+3,
4.366E007,1.134E+3,
4.368E007,1.093E+3,
4.37E07,1.113E+3,
4.372E007,1.105E+3,
4.374E007,1.054E+3,
4.376E007,1.120E+3,
4.378E007,1.103E+3,
4.38E07,1.066E+3,
4.382E007,1.093E+3,
4.384E007,1.065E+3,
4.386E007,1.165E+3,
4.388E007,1.119E+3,
4.39E07,1.080E+3,
4.392E007,1.081E+3,
4.394E007,1.097E+3,
4.396E007,1.090E+3,
4.398E007,1.128E+3,
4.4E07,1.106E+3,
4.402E007,1.025E+3,
4.404E007,1.098E+3,
4.406E007,1.117E+3,
4.408E007,1.075E+3,
4.41E07,1.112E+3,
4.412E007,1.081E+3,
4.414E007,1.107E+3,
4.416E007,1.080E+3,
4.418E007,1.076E+3,
4.42E07,1.068E+3,
4.422E007,1.084E+3,
4.424E007,1.096E+3,
4.426E007,1.087E+3,
4.428E007,1.043E+3,
4.43E07,1.065E+3,
4.432E007,1.024E+3,
4.434E007,1.152E+3,
4.436E007,1.091E+3,
4.438E007,1.046E+3,
4.44E07,1.081E+3,
4.442E007,1.075E+3,
4.444E007,1.075E+3,
4.446E007,1.066E+3,
4.448E007,1.058E+3,
4.45E07,1.059E+3,
4.452E007,1.081E+3,
4.454E007,1.104E+3,
4.456E007,1.104E+3,
4.458E007,1.097E+3,
4.46E07,1.063E+3,
4.462E007,1.078E+3,
4.464E007,1.048E+3,
4.466E007,1.070E+3,
4.468E007,1.049E+3,
4.47E07,1.093E+3,
4.472E007,1.039E+3,
4.474E007,9.910E+2,
4.476E007,1.039E+3,
4.478E007,1.065E+3,
4.48E07,1.058E+3,
4.482E007,1.076E+3,
4.484E007,1.096E+3,
4.486E007,1.062E+3,
4.488E007,1.111E+3,
4.49E07,1.005E+3,
4.492E007,1.106E+3,
4.494E007,1.045E+3,
4.496E007,1.131E+3,
4.498E007,1.005E+3,
4.5E07,1.030E+3,
4.502E007,1.078E+3,
4.504E007,1.024E+3,
4.506E007,1.018E+3,
4.508E007,1.034E+3,
4.51E07,1.076E+3,
4.512E007,1.062E+3,
4.514E007,1.105E+3,
4.516E007,1.035E+3,
4.518E007,1.087E+3,
4.52E07,1.069E+3,
4.522E007,1.090E+3,
4.524E007,9.880E+2,
4.526E007,1.020E+3,
4.528E007,1.064E+3,
4.53E07,1.007E+3,
4.532E007,1.039E+3,
4.534E007,1.050E+3,
4.536E007,1.011E+3,
4.538E007,1.051E+3,
4.54E07,9.820E+2,
4.542E007,1.044E+3,
4.544E007,1.039E+3,
4.546E007,1.045E+3,
4.548E007,1.071E+3,
4.55E07,9.850E+2,
4.552E007,1.043E+3,
4.554E007,1.016E+3,
4.556E007,9.990E+2,
4.558E007,1.045E+3,
4.56E07,1.056E+3,
4.562E007,1.027E+3,
4.564E007,1.088E+3,
4.566E007,1.005E+3,
4.568E007,1.062E+3,
4.57E07,1.040E+3,
4.572E007,1.001E+3,
4.574E007,1.069E+3,
4.576E007,1.046E+3,
4.578E007,1.098E+3,
4.58E07,9.990E+2,
4.582E007,1.048E+3,
4.584E007,9.780E+2,
4.586E007,1.013E+3,
4.588E007,1.025E+3,
4.59E07,1.043E+3,
4.592E007,1.009E+3,
4.594E007,9.830E+2,
4.596E007,1.006E+3,
4.598E007,9.440E+2,
4.6E07,1.077E+3,
4.602E007,1.022E+3,
4.604E007,9.870E+2,
4.606E007,9.960E+2,
4.608E007,9.820E+2,
4.61E07,9.990E+2,
4.612E007,1.024E+3,
4.614E007,9.700E+2,
4.616E007,9.860E+2,
4.618E007,9.770E+2,
4.62E07,1.014E+3,
4.622E007,9.970E+2,
4.624E007,1.024E+3,
4.626E007,1.004E+3,
4.628E007,9.810E+2,
4.63E07,1.014E+3,
4.632E007,1.063E+3,
4.634E007,1.028E+3,
4.636E007,1.001E+3,
4.638E007,1.011E+3,
4.64E07,9.620E+2,
4.642E007,9.470E+2,
4.644E007,9.530E+2,
4.646E007,1.013E+3,
4.648E007,9.990E+2,
4.65E07,9.670E+2,
4.652E007,9.860E+2,
4.654E007,1.012E+3,
4.656E007,9.650E+2,
4.658E007,9.860E+2,
4.66E07,9.930E+2,
4.662E007,1.022E+3,
4.664E007,1.003E+3,
4.666E007,9.910E+2,
4.668E007,1.012E+3,
4.67E07,9.950E+2,
4.672E007,9.890E+2,
4.674E007,9.750E+2,
4.676E007,9.560E+2,
4.678E007,9.930E+2,
4.68E07,9.710E+2,
4.682E007,1.031E+3,
4.684E007,1.003E+3,
4.686E007,9.740E+2,
4.688E007,9.810E+2,
4.69E07,9.730E+2,
4.692E007,9.760E+2,
4.694E007,9.720E+2,
4.696E007,1.000E+3,
4.698E007,9.230E+2,
4.7E07,9.880E+2,
4.702E007,1.005E+3,
4.704E007,9.850E+2,
4.706E007,9.310E+2,
4.708E007,1.010E+3,
4.71E07,9.560E+2,
4.712E007,1.009E+3,
4.714E007,9.930E+2,
4.716E007,9.290E+2,
4.718E007,9.530E+2,
4.72E07,9.340E+2,
4.722E007,9.170E+2,
4.724E007,9.610E+2,
4.726E007,9.590E+2,
4.728E007,9.870E+2,
4.73E07,9.490E+2,
4.732E007,9.150E+2,
4.734E007,9.730E+2,
4.736E007,9.230E+2,
4.738E007,9.200E+2,
4.74E07,9.830E+2,
4.742E007,8.910E+2,
4.744E007,9.460E+2,
4.746E007,9.940E+2,
4.748E007,9.630E+2,
4.75E07,9.230E+2,
4.752E007,9.120E+2,
4.754E007,9.650E+2,
4.756E007,9.380E+2,
4.758E007,9.870E+2,
4.76E07,1.000E+3,
4.762E007,9.820E+2,
4.764E007,9.520E+2,
4.766E007,9.270E+2,
4.768E007,8.970E+2,
4.77E07,9.810E+2,
4.772E007,9.350E+2,
4.774E007,9.790E+2,
4.776E007,9.190E+2,
4.778E007,8.780E+2,
4.78E07,9.250E+2,
4.782E007,9.530E+2,
4.784E007,9.310E+2,
4.786E007,9.640E+2,
4.788E007,9.640E+2,
4.79E07,9.150E+2,
4.792E007,9.370E+2,
4.794E007,9.600E+2,
4.796E007,9.710E+2,
4.798E007,9.270E+2,
4.8E07,9.110E+2,
4.802E007,9.680E+2,
4.804E007,9.040E+2,
4.806E007,9.680E+2,
4.808E007,9.770E+2,
4.81E07,9.430E+2,
4.812E007,9.480E+2,
4.814E007,9.370E+2,
4.816E007,9.510E+2,
4.818E007,8.500E+2,
4.82E07,9.430E+2,
4.822E007,9.110E+2,
4.824E007,8.610E+2,
4.826E007,8.940E+2,
4.828E007,9.340E+2,
4.83E07,9.500E+2,
4.832E007,9.200E+2,
4.834E007,8.950E+2,
4.836E007,9.300E+2,
4.838E007,9.180E+2,
4.84E07,9.100E+2,
4.842E007,8.970E+2,
4.844E007,8.990E+2,
4.846E007,9.700E+2,
4.848E007,9.180E+2,
4.85E07,9.540E+2,
4.852E007,9.530E+2,
4.854E007,8.950E+2,
4.856E007,9.000E+2,
4.858E007,9.180E+2,
4.86E07,9.150E+2,
4.862E007,9.290E+2,
4.864E007,9.160E+2,
4.866E007,9.050E+2,
4.868E007,8.920E+2,
4.87E07,9.800E+2,
4.872E007,9.520E+2,
4.874E007,9.140E+2,
4.876E007,9.430E+2,
4.878E007,9.200E+2,
4.88E07,8.990E+2,
4.882E007,9.950E+2,
4.884E007,9.110E+2,
4.886E007,9.860E+2,
4.888E007,8.740E+2,
4.89E07,8.830E+2,
4.892E007,9.170E+2,
4.894E007,9.300E+2,
4.896E007,9.810E+2,
4.898E007,8.880E+2,
4.9E07,9.310E+2,
4.902E007,9.340E+2,
4.904E007,9.660E+2,
4.906E007,9.490E+2,
4.908E007,9.340E+2,
4.91E07,8.760E+2,
4.912E007,9.080E+2,
4.914E007,9.380E+2,
4.916E007,8.820E+2,
4.918E007,8.950E+2,
4.92E07,9.430E+2,
4.922E007,9.500E+2,
4.924E007,9.190E+2,
4.926E007,8.290E+2,
4.928E007,8.950E+2,
4.93E07,9.170E+2,
4.932E007,9.380E+2,
4.934E007,8.530E+2,
4.936E007,9.160E+2,
4.938E007,8.750E+2,
4.94E07,9.110E+2,
4.942E007,9.010E+2,
4.944E007,8.890E+2,
4.946E007,9.370E+2,
4.948E007,9.160E+2,
4.95E07,8.750E+2,
4.952E007,9.360E+2,
4.954E007,8.660E+2,
4.956E007,9.160E+2,
4.958E007,9.100E+2,
4.96E07,8.710E+2,
4.962E007,8.640E+2,
4.964E007,8.680E+2,
4.966E007,8.950E+2,
4.968E007,9.400E+2,
4.97E07,8.860E+2,
4.972E007,8.990E+2,
4.974E007,9.270E+2,
4.976E007,8.790E+2,
4.978E007,8.800E+2,
4.98E07,8.850E+2,
4.982E007,8.960E+2,
4.984E007,9.140E+2,
4.986E007,8.780E+2,
4.988E007,9.140E+2,
4.99E07,9.370E+2,
4.992E007,8.840E+2,
4.994E007,8.520E+2,
4.996E007,8.960E+2,
4.998E007,8.900E+2,
5E07,8.440E+2,
5.002E007,8.790E+2,
5.004E007,7.950E+2,
5.006E007,9.350E+2,
5.008E007,8.770E+2,
5.01E07,8.990E+2,
5.012E007,8.550E+2,
5.014E007,8.460E+2,
5.016E007,8.530E+2,
5.018E007,8.730E+2,
5.02E07,9.000E+2,
5.022E007,8.750E+2,
5.024E007,8.870E+2,
5.026E007,9.040E+2,
5.028E007,8.960E+2,
5.03E07,8.540E+2,
5.032E007,8.920E+2,
5.034E007,8.750E+2,
5.036E007,8.790E+2,
5.038E007,8.610E+2,
5.04E07,8.970E+2,
5.042E007,8.960E+2,
5.044E007,9.010E+2,
5.046E007,8.260E+2,
5.048E007,8.320E+2,
5.05E07,8.420E+2,
5.052E007,8.270E+2,
5.054E007,8.760E+2,
5.056E007,8.390E+2,
5.058E007,8.500E+2,
5.06E07,8.900E+2,
5.062E007,8.730E+2,
5.064E007,8.420E+2,
5.066E007,8.310E+2,
5.068E007,9.150E+2,
5.07E07,8.780E+2,
5.072E007,8.680E+2,
5.074E007,9.220E+2,
5.076E007,8.880E+2,
5.078E007,8.500E+2,
5.08E07,8.760E+2,
5.082E007,8.300E+2,
5.084E007,8.540E+2,
5.086E007,8.920E+2,
5.088E007,8.720E+2,
5.09E07,8.480E+2,
5.092E007,8.340E+2,
5.094E007,8.720E+2,
5.096E007,8.770E+2,
5.098E007,9.080E+2,
5.1E07,8.670E+2,
5.102E007,9.210E+2,
5.104E007,8.180E+2,
5.106E007,8.590E+2,
5.108E007,8.300E+2,
5.11E07,9.040E+2,
5.112E007,8.380E+2,
5.114E007,8.970E+2,
5.116E007,8.960E+2,
5.118E007,8.820E+2,
5.12E07,8.960E+2,
5.122E007,8.780E+2,
5.124E007,8.850E+2,
5.126E007,8.880E+2,
5.128E007,8.480E+2,
5.13E07,8.680E+2,
5.132E007,8.810E+2,
5.134E007,8.420E+2,
5.136E007,8.310E+2,
5.138E007,9.100E+2,
5.14E07,7.640E+2,
5.142E007,8.910E+2,
5.144E007,9.020E+2,
5.146E007,8.240E+2,
5.148E007,8.270E+2,
5.15E07,8.280E+2,
5.152E007,7.970E+2,
5.154E007,8.730E+2,
5.156E007,8.320E+2,
5.158E007,8.630E+2,
5.16E07,8.340E+2,
5.162E007,8.880E+2,
5.164E007,8.050E+2,
5.166E007,8.450E+2,
5.168E007,8.530E+2,
5.17E07,8.090E+2,
5.172E007,8.610E+2,
5.174E007,8.470E+2,
5.176E007,8.730E+2,
5.178E007,8.320E+2,
5.18E07,8.770E+2,
5.182E007,7.830E+2,
5.184E007,8.830E+2,
5.186E007,8.410E+2,
5.188E007,8.320E+2,
5.19E07,8.040E+2,
5.192E007,8.490E+2,
5.194E007,7.840E+2,
5.196E007,8.450E+2,
5.198E007,8.480E+2,
5.2E07,8.700E+2,
5.202E007,8.580E+2,
5.204E007,8.190E+2,
5.206E007,8.440E+2,
5.208E007,8.170E+2,
5.21E07,8.740E+2,
5.212E007,8.250E+2,
5.214E007,8.470E+2,
5.216E007,8.010E+2,
5.218E007,8.050E+2,
5.22E07,8.380E+2,
5.222E007,8.830E+2,
5.224E007,8.700E+2,
5.226E007,8.820E+2,
5.228E007,8.070E+2,
5.23E07,8.340E+2,
5.232E007,8.560E+2,
5.234E007,8.870E+2,
5.236E007,8.100E+2,
5.238E007,8.350E+2,
5.24E07,8.390E+2,
5.242E007,8.490E+2,
5.244E007,8.190E+2,
5.246E007,8.650E+2,
5.248E007,8.100E+2,
5.25E07,8.180E+2,
5.252E007,8.220E+2,
5.254E007,8.240E+2,
5.256E007,8.350E+2,
5.258E007,7.840E+2,
5.26E07,8.150E+2,
5.262E007,8.130E+2,
5.264E007,7.880E+2,
5.266E007,8.530E+2,
5.268E007,8.110E+2,
5.27E07,7.790E+2,
5.272E007,8.060E+2,
5.274E007,7.760E+2,
5.276E007,8.530E+2,
5.278E007,8.160E+2,
5.28E07,8.300E+2,
5.282E007,8.880E+2,
5.284E007,7.900E+2,
5.286E007,8.560E+2,
5.288E007,8.090E+2,
5.29E07,8.370E+2,
5.292E007,7.750E+2,
5.294E007,8.350E+2,
5.296E007,8.310E+2,
5.298E007,8.720E+2,
5.3E07,8.560E+2,
5.302E007,8.150E+2,
5.304E007,8.150E+2,
5.306E007,8.060E+2,
5.308E007,7.830E+2,
5.31E07,8.040E+2,
5.312E007,8.200E+2,
5.314E007,8.430E+2,
5.316E007,8.230E+2,
5.318E007,8.000E+2,
5.32E07,8.580E+2,
5.322E007,7.730E+2,
5.324E007,8.450E+2,
5.326E007,8.250E+2,
5.328E007,8.110E+2,
5.33E07,7.430E+2,
5.332E007,8.490E+2,
5.334E007,8.180E+2,
5.336E007,8.380E+2,
5.338E007,8.040E+2,
5.34E07,7.690E+2,
5.342E007,7.760E+2,
5.344E007,7.970E+2,
5.346E007,7.750E+2,
5.348E007,8.330E+2,
5.35E07,7.880E+2,
5.352E007,8.240E+2,
5.354E007,8.400E+2,
5.356E007,8.090E+2,
5.358E007,8.440E+2,
5.36E07,7.910E+2,
5.362E007,7.610E+2,
5.364E007,8.130E+2,
5.366E007,8.090E+2,
5.368E007,8.510E+2,
5.37E07,8.000E+2,
5.372E007,8.400E+2,
5.374E007,8.200E+2,
5.376E007,8.150E+2,
5.378E007,8.120E+2,
5.38E07,7.630E+2,
5.382E007,7.870E+2,
5.384E007,8.010E+2,
5.386E007,8.640E+2,
5.388E007,8.400E+2,
5.39E07,8.100E+2,
5.392E007,7.990E+2,
5.394E007,7.730E+2,
5.396E007,7.590E+2,
5.398E007,8.280E+2,
5.4E07,8.150E+2,
5.402E007,7.960E+2,
5.404E007,8.210E+2,
5.406E007,7.520E+2,
5.408E007,8.170E+2,
5.41E07,8.450E+2,
5.412E007,8.030E+2,
5.414E007,8.070E+2,
5.416E007,7.990E+2,
5.418E007,8.140E+2,
5.42E07,8.290E+2,
5.422E007,7.970E+2,
5.424E007,7.890E+2,
5.426E007,8.330E+2,
5.428E007,7.610E+2,
5.43E07,7.390E+2,
5.432E007,8.020E+2,
5.434E007,8.190E+2,
5.436E007,8.350E+2,
5.438E007,8.160E+2,
5.44E07,8.270E+2,
5.442E007,8.260E+2,
5.444E007,8.110E+2,
5.446E007,7.940E+2,
5.448E007,8.060E+2,
5.45E07,7.340E+2,
5.452E007,7.610E+2,
5.454E007,7.790E+2,
5.456E007,7.940E+2,
5.458E007,7.930E+2,
5.46E07,7.930E+2,
5.462E007,7.000E+2,
5.464E007,7.390E+2,
5.466E007,7.730E+2,
5.468E007,7.810E+2,
5.47E07,8.210E+2,
5.472E007,8.070E+2,
5.474E007,8.010E+2,
5.476E007,7.700E+2,
5.478E007,7.490E+2,
5.48E07,7.410E+2,
5.482E007,7.600E+2,
5.484E007,8.160E+2,
5.486E007,7.970E+2,
5.488E007,7.970E+2,
5.49E07,8.000E+2,
5.492E007,7.500E+2,
5.494E007,7.740E+2,
5.496E007,7.920E+2,
5.498E007,7.870E+2,
5.5E07,8.090E+2,
5.502E007,7.610E+2,
5.504E007,7.700E+2,
5.506E007,8.040E+2,
5.508E007,7.870E+2,
5.51E07,7.720E+2,
5.512E007,7.480E+2,
5.514E007,8.350E+2,
5.516E007,7.730E+2,
5.518E007,7.540E+2,
5.52E07,7.590E+2,
5.522E007,7.920E+2,
5.524E007,7.570E+2,
5.526E007,7.540E+2,
5.528E007,7.620E+2,
5.53E07,8.010E+2,
5.532E007,7.930E+2,
5.534E007,7.710E+2,
5.536E007,7.400E+2,
5.538E007,7.600E+2,
5.54E07,7.630E+2,
5.542E007,7.330E+2,
5.544E007,7.610E+2,
5.546E007,7.730E+2,
5.548E007,7.680E+2,
5.55E07,7.080E+2,
5.552E007,7.720E+2,
5.554E007,7.290E+2,
5.556E007,7.990E+2,
5.558E007,7.860E+2,
5.56E07,7.800E+2,
5.562E007,8.290E+2,
5.564E007,7.610E+2,
5.566E007,8.080E+2,
5.568E007,8.000E+2,
5.57E07,7.830E+2,
5.572E007,7.580E+2,
5.574E007,8.140E+2,
5.576E007,7.480E+2,
5.578E007,7.490E+2,
5.58E07,7.480E+2,
5.582E007,7.940E+2,
5.584E007,7.250E+2,
5.586E007,7.380E+2,
5.588E007,7.670E+2,
5.59E07,7.430E+2,
5.592E007,7.820E+2,
5.594E007,7.600E+2,
5.596E007,7.870E+2,
5.598E007,7.740E+2,
5.6E07,7.530E+2,
5.602E007,7.460E+2,
5.604E007,7.580E+2,
5.606E007,7.740E+2,
5.608E007,7.730E+2,
5.61E07,8.030E+2,
5.612E007,6.990E+2,
5.614E007,7.760E+2,
5.616E007,7.670E+2,
5.618E007,7.320E+2,
5.62E07,7.490E+2,
5.622E007,7.500E+2,
5.624E007,7.350E+2,
5.626E007,7.520E+2,
5.628E007,7.610E+2,
5.63E07,7.670E+2,
5.632E007,7.660E+2,
5.634E007,7.500E+2,
5.636E007,8.290E+2,
5.638E007,7.540E+2,
5.64E07,7.760E+2,
5.642E007,7.220E+2,
5.644E007,7.860E+2,
5.646E007,7.800E+2,
5.648E007,7.670E+2,
5.65E07,7.830E+2,
5.652E007,7.480E+2,
5.654E007,8.000E+2,
5.656E007,6.870E+2,
5.658E007,7.330E+2,
5.66E07,7.020E+2,
5.662E007,7.720E+2,
5.664E007,7.420E+2,
5.666E007,7.500E+2,
5.668E007,7.200E+2,
5.67E07,7.650E+2,
5.672E007,7.660E+2,
5.674E007,7.630E+2,
5.676E007,7.970E+2,
5.678E007,7.500E+2,
5.68E07,7.530E+2,
5.682E007,7.700E+2,
5.684E007,7.980E+2,
5.686E007,8.440E+2,
5.688E007,7.330E+2,
5.69E07,8.060E+2,
5.692E007,7.900E+2,
5.694E007,7.730E+2,
5.696E007,7.150E+2,
5.698E007,7.590E+2,
5.7E07,7.330E+2,
5.702E007,7.480E+2,
5.704E007,7.680E+2,
5.706E007,7.430E+2,
5.708E007,7.550E+2,
5.71E07,7.270E+2,
5.712E007,7.570E+2,
5.714E007,7.560E+2,
5.716E007,7.800E+2,
5.718E007,7.370E+2,
5.72E07,7.420E+2,
5.722E007,7.290E+2,
5.724E007,7.240E+2,
5.726E007,7.600E+2,
5.728E007,7.240E+2,
5.73E07,7.560E+2,
5.732E007,7.730E+2,
5.734E007,7.690E+2,
5.736E007,7.210E+2,
5.738E007,7.400E+2,
5.74E07,7.990E+2,
5.742E007,7.810E+2,
5.744E007,7.110E+2,
5.746E007,6.950E+2,
5.748E007,7.640E+2,
5.75E07,7.760E+2,
5.752E007,7.360E+2,
5.754E007,7.060E+2,
5.756E007,7.260E+2,
5.758E007,7.620E+2,
5.76E07,7.500E+2,
5.762E007,7.460E+2,
5.764E007,7.800E+2,
5.766E007,7.620E+2,
5.768E007,7.040E+2,
5.77E07,6.910E+2,
5.772E007,7.550E+2,
5.774E007,7.640E+2,
5.776E007,7.160E+2,
5.778E007,7.540E+2,
5.78E07,7.080E+2,
5.782E007,7.430E+2,
5.784E007,7.250E+2,
5.786E007,7.700E+2,
5.788E007,7.630E+2,
5.79E07,7.720E+2,
5.792E007,7.390E+2,
5.794E007,7.740E+2,
5.796E007,7.460E+2,
5.798E007,7.610E+2,
5.8E07,7.340E+2,
5.802E007,7.630E+2,
5.804E007,7.480E+2,
5.806E007,7.040E+2,
5.808E007,7.080E+2,
5.81E07,6.920E+2,
5.812E007,7.270E+2,
5.814E007,7.290E+2,
5.816E007,7.190E+2,
5.818E007,7.780E+2,
5.82E07,7.450E+2,
5.822E007,7.450E+2,
5.824E007,7.210E+2,
5.826E007,6.980E+2,
5.828E007,7.270E+2,
5.83E07,7.210E+2,
5.832E007,7.050E+2,
5.834E007,6.790E+2,
5.836E007,7.380E+2,
5.838E007,7.210E+2,
5.84E07,7.210E+2,
5.842E007,6.900E+2,
5.844E007,7.600E+2,
5.846E007,7.550E+2,
5.848E007,7.410E+2,
5.85E07,7.490E+2,
5.852E007,7.000E+2,
5.854E007,7.500E+2,
5.856E007,7.320E+2,
5.858E007,7.560E+2,
5.86E07,7.690E+2,
5.862E007,7.350E+2,
5.864E007,7.240E+2,
5.866E007,7.140E+2,
5.868E007,6.890E+2,
5.87E07,6.760E+2,
5.872E007,7.210E+2,
5.874E007,7.500E+2,
5.876E007,7.360E+2,
5.878E007,7.410E+2,
5.88E07,7.190E+2,
5.882E007,7.350E+2,
5.884E007,7.140E+2,
5.886E007,7.470E+2,
5.888E007,8.170E+2,
5.89E07,7.300E+2,
5.892E007,7.550E+2,
5.894E007,7.560E+2,
5.896E007,7.290E+2,
5.898E007,6.920E+2,
5.9E07,7.390E+2,
5.902E007,7.290E+2,
5.904E007,6.350E+2,
5.906E007,7.190E+2,
5.908E007,7.320E+2,
5.91E07,7.190E+2,
5.912E007,7.710E+2,
5.914E007,7.910E+2,
5.916E007,8.010E+2,
5.918E007,7.930E+2,
5.92E07,7.290E+2,
5.922E007,7.140E+2,
5.924E007,7.270E+2,
5.926E007,7.730E+2,
5.928E007,7.460E+2,
5.93E07,7.210E+2,
5.932E007,7.110E+2,
5.934E007,7.570E+2,
5.936E007,7.230E+2,
5.938E007,7.500E+2,
5.94E07,6.810E+2,
5.942E007,7.440E+2,
5.944E007,7.240E+2,
5.946E007,6.630E+2,
5.948E007,7.610E+2,
5.95E07,6.840E+2,
5.952E007,7.190E+2,
5.954E007,7.300E+2,
5.956E007,7.920E+2,
5.958E007,7.460E+2,
5.96E07,8.000E+2,
5.962E007,7.210E+2,
5.964E007,7.630E+2,
5.966E007,7.170E+2,
5.968E007,7.180E+2,
5.97E07,7.260E+2,
5.972E007,7.470E+2,
5.974E007,7.120E+2,
5.976E007,7.540E+2,
5.978E007,7.240E+2,
5.98E07,7.350E+2,
5.982E007,6.840E+2,
5.984E007,7.760E+2,
5.986E007,6.590E+2,
5.988E007,7.330E+2,
5.99E07,6.980E+2,
5.992E007,7.310E+2,
5.994E007,7.320E+2,
5.996E007,7.180E+2,
5.998E007,7.880E+2,
6E07,7.150E+2,
6.002E007,7.070E+2,
6.004E007,7.440E+2,
6.006E007,7.130E+2,
6.008E007,6.960E+2,
6.01E07,7.250E+2,
6.012E007,6.980E+2,
6.014E007,7.280E+2,
6.016E007,7.440E+2,
6.018E007,7.050E+2,
6.02E07,7.220E+2,
6.022E007,7.250E+2,
6.024E007,7.500E+2,
6.026E007,7.580E+2,
6.028E007,7.140E+2,
6.03E07,6.990E+2,
6.032E007,7.490E+2,
6.034E007,7.140E+2,
6.036E007,7.340E+2,
6.038E007,7.000E+2,
6.04E07,6.970E+2,
6.042E007,6.730E+2,
6.044E007,6.790E+2,
6.046E007,7.500E+2,
6.048E007,7.010E+2,
6.05E07,7.300E+2,
6.052E007,6.840E+2,
6.054E007,7.290E+2,
6.056E007,7.480E+2,
6.058E007,7.100E+2,
6.06E07,7.200E+2,
6.062E007,7.100E+2,
6.064E007,7.560E+2,
6.066E007,6.910E+2,
6.068E007,7.310E+2,
6.07E07,7.070E+2,
6.072E007,6.960E+2,
6.074E007,7.190E+2,
6.076E007,7.010E+2,
6.078E007,7.070E+2,
6.08E07,7.320E+2,
6.082E007,6.850E+2,
6.084E007,7.540E+2,
6.086E007,7.170E+2,
6.088E007,7.420E+2,
6.09E07,7.120E+2,
6.092E007,7.510E+2,
6.094E007,7.650E+2,
6.096E007,7.070E+2,
6.098E007,6.630E+2,
6.1E07,7.310E+2,
6.102E007,7.120E+2,
6.104E007,7.580E+2,
6.106E007,6.960E+2,
6.108E007,7.190E+2,
6.11E07,6.820E+2,
6.112E007,7.340E+2,
6.114E007,6.920E+2,
6.116E007,7.230E+2,
6.118E007,7.430E+2,
6.12E07,6.820E+2,
6.122E007,6.650E+2,
6.124E007,7.160E+2,
6.126E007,7.320E+2,
6.128E007,6.810E+2,
6.13E07,7.660E+2,
6.132E007,7.310E+2,
6.134E007,7.020E+2,
6.136E007,7.410E+2,
6.138E007,7.150E+2,
6.14E07,6.930E+2,
6.142E007,7.230E+2,
6.144E007,6.950E+2,
6.146E007,6.820E+2,
6.148E007,7.750E+2,
6.15E07,7.080E+2,
6.152E007,7.500E+2,
6.154E007,7.800E+2,
6.156E007,7.200E+2,
6.158E007,7.150E+2,
6.16E07,7.370E+2,
6.162E007,6.890E+2,
6.164E007,6.780E+2,
6.166E007,7.210E+2,
6.168E007,7.250E+2,
6.17E07,7.290E+2,
6.172E007,7.660E+2,
6.174E007,7.090E+2,
6.176E007,6.750E+2,
6.178E007,7.080E+2,
6.18E07,6.560E+2,
6.182E007,6.620E+2,
6.184E007,6.990E+2,
6.186E007,6.900E+2,
6.188E007,7.020E+2,
6.19E07,7.430E+2,
6.192E007,6.930E+2,
6.194E007,6.780E+2,
6.196E007,7.510E+2,
6.198E007,7.020E+2,
6.2E07,6.680E+2,
6.202E007,6.700E+2,
6.204E007,6.960E+2,
6.206E007,7.060E+2,
6.208E007,7.190E+2,
6.21E07,7.630E+2,
6.212E007,7.150E+2,
6.214E007,6.800E+2,
6.216E007,7.900E+2,
6.218E007,7.100E+2,
6.22E07,6.830E+2,
6.222E007,6.810E+2,
6.224E007,7.200E+2,
6.226E007,7.170E+2,
6.228E007,7.210E+2,
6.23E07,6.800E+2,
6.232E007,7.300E+2,
6.234E007,6.980E+2,
6.236E007,6.960E+2,
6.238E007,7.250E+2,
6.24E07,7.140E+2,
6.242E007,6.810E+2,
6.244E007,6.920E+2,
6.246E007,7.060E+2,
6.248E007,6.680E+2,
6.25E07,7.290E+2,
6.252E007,7.210E+2,
6.254E007,6.880E+2,
6.256E007,6.630E+2,
6.258E007,6.960E+2,
6.26E07,6.610E+2,
6.262E007,7.190E+2,
6.264E007,6.880E+2,
6.266E007,6.810E+2,
6.268E007,6.820E+2,
6.27E07,6.940E+2,
6.272E007,7.150E+2,
6.274E007,7.380E+2,
6.276E007,6.770E+2,
6.278E007,6.670E+2,
6.28E07,7.090E+2,
6.282E007,6.780E+2,
6.284E007,6.900E+2,
6.286E007,7.250E+2,
6.288E007,6.690E+2,
6.29E07,6.940E+2,
6.292E007,7.280E+2,
6.294E007,7.140E+2,
6.296E007,7.120E+2,
6.298E007,7.170E+2,
6.3E07,7.520E+2,
6.302E007,6.820E+2,
6.304E007,6.590E+2,
6.306E007,6.740E+2,
6.308E007,6.630E+2,
6.31E07,6.870E+2,
6.312E007,6.830E+2,
6.314E007,6.770E+2,
6.316E007,6.520E+2,
6.318E007,7.170E+2,
6.32E07,7.540E+2,
6.322E007,7.030E+2,
6.324E007,7.240E+2,
6.326E007,7.090E+2,
6.328E007,6.820E+2,
6.33E07,6.710E+2,
6.332E007,7.270E+2,
6.334E007,7.170E+2,
6.336E007,6.620E+2,
6.338E007,7.030E+2,
6.34E07,6.540E+2,
6.342E007,7.300E+2,
6.344E007,6.660E+2,
6.346E007,6.700E+2,
6.348E007,6.680E+2,
6.35E07,6.620E+2,
6.352E007,7.020E+2,
6.354E007,6.830E+2,
6.356E007,6.870E+2,
6.358E007,6.580E+2,
6.36E07,6.930E+2,
6.362E007,7.030E+2,
6.364E007,6.900E+2,
6.366E007,6.860E+2,
6.368E007,6.510E+2,
6.37E07,7.200E+2,
6.372E007,6.990E+2,
6.374E007,7.080E+2,
6.376E007,6.880E+2,
6.378E007,7.320E+2,
6.38E07,7.220E+2,
6.382E007,6.470E+2,
6.384E007,6.770E+2,
6.386E007,6.710E+2,
6.388E007,7.140E+2,
6.39E07,6.650E+2,
6.392E007,6.770E+2,
6.394E007,7.250E+2,
6.396E007,6.630E+2,
6.398E007,6.810E+2,
6.4E07,6.840E+2,
6.402E007,6.570E+2,
6.404E007,7.010E+2,
6.406E007,7.080E+2,
6.408E007,6.860E+2,
6.41E07,6.280E+2,
6.412E007,6.960E+2,
6.414E007,6.880E+2,
6.416E007,6.700E+2,
6.418E007,6.940E+2,
6.42E07,7.390E+2,
6.422E007,6.360E+2,
6.424E007,6.650E+2,
6.426E007,6.980E+2,
6.428E007,7.730E+2,
6.43E07,6.510E+2,
6.432E007,6.940E+2,
6.434E007,6.830E+2,
6.436E007,6.750E+2,
6.438E007,6.890E+2,
6.44E07,6.960E+2,
6.442E007,6.620E+2,
6.444E007,6.980E+2,
6.446E007,6.890E+2,
6.448E007,6.710E+2,
6.45E07,6.820E+2,
6.452E007,6.890E+2,
6.454E007,6.640E+2,
6.456E007,7.060E+2,
6.458E007,7.140E+2,
6.46E07,7.010E+2,
6.462E007,6.600E+2,
6.464E007,6.510E+2,
6.466E007,6.650E+2,
6.468E007,6.670E+2,
6.47E07,6.800E+2,
6.472E007,6.010E+2,
6.474E007,7.070E+2,
6.476E007,6.820E+2,
6.478E007,6.520E+2,
6.48E07,6.920E+2,
6.482E007,7.140E+2,
6.484E007,7.080E+2,
6.486E007,6.820E+2,
6.488E007,6.870E+2,
6.49E07,7.090E+2,
6.492E007,6.650E+2,
6.494E007,6.860E+2,
6.496E007,6.810E+2,
6.498E007,7.220E+2,
6.5E07,7.180E+2,
6.502E007,6.740E+2,
6.504E007,6.900E+2,
6.506E007,6.750E+2,
6.508E007,7.170E+2,
6.51E07,6.730E+2,
6.512E007,6.750E+2,
6.514E007,6.370E+2,
6.516E007,6.640E+2,
6.518E007,6.880E+2,
6.52E07,7.090E+2,
6.522E007,6.860E+2,
6.524E007,7.100E+2,
6.526E007,6.390E+2,
6.528E007,6.520E+2,
6.53E07,6.350E+2,
6.532E007,6.790E+2,
6.534E007,6.680E+2,
6.536E007,6.770E+2,
6.538E007,6.710E+2,
6.54E07,7.170E+2,
6.542E007,6.600E+2,
6.544E007,7.020E+2,
6.546E007,6.530E+2,
6.548E007,6.770E+2,
6.55E07,6.760E+2,
6.552E007,6.440E+2,
6.554E007,6.470E+2,
6.556E007,6.810E+2,
6.558E007,6.970E+2,
6.56E07,6.540E+2,
6.562E007,7.260E+2,
6.564E007,6.740E+2,
6.566E007,6.870E+2,
6.568E007,6.630E+2,
6.57E07,6.630E+2,
6.572E007,7.170E+2,
6.574E007,6.650E+2,
6.576E007,6.780E+2,
6.578E007,6.960E+2,
6.58E07,6.730E+2,
6.582E007,6.560E+2,
6.584E007,6.560E+2,
6.586E007,6.590E+2,
6.588E007,6.600E+2,
6.59E07,6.870E+2,
6.592E007,7.060E+2,
6.594E007,6.670E+2,
6.596E007,6.750E+2,
6.598E007,7.020E+2,
6.6E07,6.770E+2,
6.602E007,6.730E+2,
6.604E007,6.520E+2,
6.606E007,6.460E+2,
6.608E007,6.870E+2,
6.61E07,6.520E+2,
6.612E007,6.660E+2,
6.614E007,6.580E+2,
6.616E007,6.620E+2,
6.618E007,6.680E+2,
6.62E07,6.720E+2,
6.622E007,7.120E+2,
6.624E007,6.290E+2,
6.626E007,6.410E+2,
6.628E007,6.660E+2,
6.63E07,6.780E+2,
6.632E007,6.630E+2,
6.634E007,6.740E+2,
6.636E007,6.440E+2,
6.638E007,6.770E+2,
6.64E07,6.500E+2,
6.642E007,7.010E+2,
6.644E007,6.370E+2,
6.646E007,6.480E+2,
6.648E007,6.580E+2,
6.65E07,7.390E+2,
6.652E007,6.740E+2,
6.654E007,6.590E+2,
6.656E007,6.820E+2,
6.658E007,7.030E+2,
6.66E07,6.570E+2,
6.662E007,6.660E+2,
6.664E007,6.930E+2,
6.666E007,7.150E+2,
6.668E007,6.790E+2,
6.67E07,6.930E+2,
6.672E007,6.640E+2,
6.674E007,6.460E+2,
6.676E007,6.660E+2,
6.678E007,6.810E+2,
6.68E07,6.940E+2,
6.682E007,6.210E+2,
6.684E007,6.720E+2,
6.686E007,6.700E+2,
6.688E007,6.890E+2,
6.69E07,7.040E+2,
6.692E007,6.300E+2,
6.694E007,6.580E+2,
6.696E007,6.910E+2,
6.698E007,6.700E+2,
6.7E07,6.600E+2,
6.702E007,6.680E+2,
6.704E007,6.840E+2,
6.706E007,6.940E+2,
6.708E007,7.130E+2,
6.71E07,6.460E+2,
6.712E007,7.040E+2,
6.714E007,6.340E+2,
6.716E007,6.640E+2,
6.718E007,6.750E+2,
6.72E07,6.770E+2,
6.722E007,6.360E+2,
6.724E007,6.750E+2,
6.726E007,6.460E+2,
6.728E007,7.140E+2,
6.73E07,6.710E+2,
6.732E007,7.000E+2,
6.734E007,6.410E+2,
6.736E007,6.990E+2,
6.738E007,6.740E+2,
6.74E07,6.460E+2,
6.742E007,6.200E+2,
6.744E007,7.140E+2,
6.746E007,6.330E+2,
6.748E007,7.000E+2,
6.75E07,6.830E+2,
6.752E007,6.580E+2,
6.754E007,6.570E+2,
6.756E007,6.700E+2,
6.758E007,6.620E+2,
6.76E07,6.710E+2,
6.762E007,6.590E+2,
6.764E007,6.450E+2,
6.766E007,6.350E+2,
6.768E007,6.360E+2,
6.77E07,6.760E+2,
6.772E007,5.980E+2,
6.774E007,6.730E+2,
6.776E007,6.520E+2,
6.778E007,6.620E+2,
6.78E07,6.970E+2,
6.782E007,6.710E+2,
6.784E007,6.670E+2,
6.786E007,6.640E+2,
6.788E007,6.880E+2,
6.79E07,7.200E+2,
6.792E007,6.590E+2,
6.794E007,6.780E+2,
6.796E007,6.290E+2,
6.798E007,6.560E+2,
6.8E07,6.440E+2,
6.802E007,6.790E+2,
6.804E007,6.300E+2,
6.806E007,6.260E+2,
6.808E007,6.430E+2,
6.81E07,6.390E+2,
6.812E007,6.820E+2,
6.814E007,6.380E+2,
6.816E007,6.750E+2,
6.818E007,6.760E+2,
6.82E07,6.810E+2,
6.822E007,6.940E+2,
6.824E007,6.950E+2,
6.826E007,6.900E+2,
6.828E007,6.990E+2,
6.83E07,6.510E+2,
6.832E007,6.670E+2,
6.834E007,6.640E+2,
6.836E007,6.900E+2,
6.838E007,6.950E+2,
6.84E07,6.610E+2,
6.842E007,6.330E+2,
6.844E007,7.020E+2,
6.846E007,6.670E+2,
6.848E007,6.470E+2,
6.85E07,6.910E+2,
6.852E007,6.980E+2,
6.854E007,6.440E+2,
6.856E007,6.760E+2,
6.858E007,6.880E+2,
6.86E07,6.760E+2,
6.862E007,7.000E+2,
6.864E007,6.080E+2,
6.866E007,6.530E+2,
6.868E007,6.700E+2,
6.87E07,6.500E+2,
6.872E007,6.790E+2,
6.874E007,6.800E+2,
6.876E007,6.870E+2,
6.878E007,6.730E+2,
6.88E07,6.450E+2,
6.882E007,6.590E+2,
6.884E007,6.770E+2,
6.886E007,6.760E+2,
6.888E007,6.350E+2,
6.89E07,6.930E+2,
6.892E007,6.420E+2,
6.894E007,6.680E+2,
6.896E007,6.930E+2,
6.898E007,6.970E+2,
6.9E07,6.890E+2,
6.902E007,6.450E+2,
6.904E007,6.360E+2,
6.906E007,6.220E+2,
6.908E007,6.270E+2,
6.91E07,6.540E+2,
6.912E007,6.660E+2,
6.914E007,6.680E+2,
6.916E007,6.920E+2,
6.918E007,6.930E+2,
6.92E07,6.730E+2,
6.922E007,7.040E+2,
6.924E007,6.470E+2,
6.926E007,6.790E+2,
6.928E007,6.670E+2,
6.93E07,6.680E+2,
6.932E007,6.200E+2,
6.934E007,6.470E+2,
6.936E007,6.680E+2,
6.938E007,6.210E+2,
6.94E07,6.860E+2,
6.942E007,6.530E+2,
6.944E007,6.620E+2,
6.946E007,6.530E+2,
6.948E007,6.610E+2,
6.95E07,6.310E+2,
6.952E007,6.630E+2,
6.954E007,6.190E+2,
6.956E007,6.230E+2,
6.958E007,6.970E+2,
6.96E07,6.550E+2,
6.962E007,6.500E+2,
6.964E007,6.730E+2,
6.966E007,6.710E+2,
6.968E007,6.500E+2,
6.97E07,6.610E+2,
6.972E007,6.270E+2,
6.974E007,6.370E+2,
6.976E007,6.590E+2,
6.978E007,6.680E+2,
6.98E07,6.640E+2,
6.982E007,6.220E+2,
6.984E007,6.590E+2,
6.986E007,6.850E+2,
6.988E007,6.340E+2,
6.99E07,6.450E+2,
6.992E007,6.480E+2,
6.994E007,6.510E+2,
6.996E007,6.120E+2,
6.998E007,6.410E+2,
7E07,6.250E+2,
7.002E007,6.390E+2,
7.004E007,6.820E+2,
7.006E007,6.300E+2,
7.008E007,6.600E+2,
7.01E07,6.770E+2,
7.012E007,6.980E+2,
7.014E007,6.600E+2,
7.016E007,6.690E+2,
7.018E007,6.570E+2,
7.02E07,6.400E+2,
7.022E007,6.430E+2,
7.024E007,6.660E+2,
7.026E007,6.500E+2,
7.028E007,6.490E+2,
7.03E07,6.200E+2,
7.032E007,6.390E+2,
7.034E007,5.730E+2,
7.036E007,6.540E+2,
7.038E007,7.030E+2,
7.04E07,6.010E+2,
7.042E007,6.970E+2,
7.044E007,6.180E+2,
7.046E007,6.510E+2,
7.048E007,6.640E+2,
7.05E07,6.740E+2,
7.052E007,6.210E+2,
7.054E007,6.270E+2,
7.056E007,6.790E+2,
7.058E007,6.410E+2,
7.06E07,7.060E+2,
7.062E007,6.710E+2,
7.064E007,6.820E+2,
7.066E007,6.460E+2,
7.068E007,6.910E+2,
7.07E07,7.090E+2,
7.072E007,6.700E+2,
7.074E007,6.450E+2,
7.076E007,6.780E+2,
7.078E007,6.490E+2,
7.08E07,6.670E+2,
7.082E007,6.340E+2,
7.084E007,6.280E+2,
7.086E007,6.770E+2,
7.088E007,6.850E+2,
7.09E07,6.800E+2,
7.092E007,6.770E+2,
7.094E007,6.110E+2,
7.096E007,5.970E+2,
7.098E007,6.260E+2,
7.1E07,6.670E+2,
7.102E007,6.840E+2,
7.104E007,6.310E+2,
7.106E007,7.060E+2,
7.108E007,7.030E+2,
7.11E07,6.740E+2,
7.112E007,6.180E+2,
7.114E007,7.080E+2,
7.116E007,6.930E+2,
7.118E007,6.600E+2,
7.12E07,6.410E+2,
7.122E007,6.260E+2,
7.124E007,6.790E+2,
7.126E007,6.200E+2,
7.128E007,6.880E+2,
7.13E07,6.540E+2,
7.132E007,6.350E+2,
7.134E007,6.880E+2,
7.136E007,6.860E+2,
7.138E007,6.440E+2,
7.14E07,6.130E+2,
7.142E007,6.500E+2,
7.144E007,6.350E+2,
7.146E007,6.830E+2,
7.148E007,6.640E+2,
7.15E07,6.310E+2,
7.152E007,5.760E+2,
7.154E007,6.690E+2,
7.156E007,6.620E+2,
7.158E007,6.610E+2,
7.16E07,6.080E+2,
7.162E007,6.610E+2,
7.164E007,6.570E+2,
7.166E007,6.480E+2,
7.168E007,7.040E+2,
7.17E07,6.970E+2,
7.172E007,6.400E+2,
7.174E007,6.530E+2,
7.176E007,6.630E+2,
7.178E007,6.690E+2,
7.18E07,6.170E+2,
7.182E007,6.720E+2,
7.184E007,6.010E+2,
7.186E007,6.620E+2,
7.188E007,6.490E+2,
7.19E07,6.610E+2,
7.192E007,6.190E+2,
7.194E007,6.230E+2,
7.196E007,6.610E+2,
7.198E007,6.250E+2,
7.2E07,6.390E+2,
7.202E007,6.440E+2,
7.204E007,6.380E+2,
7.206E007,6.680E+2,
7.208E007,6.180E+2,
7.21E07,6.540E+2,
7.212E007,6.760E+2,
7.214E007,6.720E+2,
7.216E007,6.540E+2,
7.218E007,6.890E+2,
7.22E07,6.380E+2,
7.222E007,6.610E+2,
7.224E007,6.920E+2,
7.226E007,6.430E+2,
7.228E007,6.490E+2,
7.23E07,6.390E+2,
7.232E007,6.160E+2,
7.234E007,6.080E+2,
7.236E007,6.100E+2,
7.238E007,6.540E+2,
7.24E07,6.310E+2,
7.242E007,6.380E+2,
7.244E007,6.470E+2,
7.246E007,6.400E+2,
7.248E007,6.550E+2,
7.25E07,5.870E+2,
7.252E007,6.330E+2,
7.254E007,6.560E+2,
7.256E007,6.340E+2,
7.258E007,6.320E+2,
7.26E07,6.440E+2,
7.262E007,6.390E+2,
7.264E007,6.340E+2,
7.266E007,6.660E+2,
7.268E007,6.310E+2,
7.27E07,6.270E+2,
7.272E007,5.960E+2,
7.274E007,6.800E+2,
7.276E007,6.670E+2,
7.278E007,6.050E+2,
7.28E07,6.390E+2,
7.282E007,5.950E+2,
7.284E007,6.640E+2,
7.286E007,6.320E+2,
7.288E007,6.620E+2,
7.29E07,6.540E+2,
7.292E007,6.610E+2,
7.294E007,6.050E+2,
7.296E007,6.810E+2,
7.298E007,6.430E+2,
7.3E07,6.700E+2,
7.302E007,6.440E+2,
7.304E007,6.070E+2,
7.306E007,6.710E+2,
7.308E007,6.690E+2,
7.31E07,6.400E+2,
7.312E007,6.470E+2,
7.314E007,6.550E+2,
7.316E007,6.710E+2,
7.318E007,6.700E+2,
7.32E07,6.730E+2,
7.322E007,6.260E+2,
7.324E007,6.410E+2,
7.326E007,6.180E+2,
7.328E007,6.350E+2,
7.33E07,6.180E+2,
7.332E007,6.220E+2,
7.334E007,6.500E+2,
7.336E007,6.040E+2,
7.338E007,5.920E+2,
7.34E07,6.590E+2,
7.342E007,6.520E+2,
7.344E007,6.260E+2,
7.346E007,6.430E+2,
7.348E007,5.960E+2,
7.35E07,6.360E+2,
7.352E007,6.140E+2,
7.354E007,6.100E+2,
7.356E007,6.420E+2,
7.358E007,6.280E+2,
7.36E07,6.810E+2,
7.362E007,6.290E+2,
7.364E007,6.420E+2,
7.366E007,6.340E+2,
7.368E007,6.520E+2,
7.37E07,6.200E+2,
7.372E007,6.280E+2,
7.374E007,6.430E+2,
7.376E007,6.500E+2,
7.378E007,6.230E+2,
7.38E07,6.470E+2,
7.382E007,6.310E+2,
7.384E007,6.440E+2,
7.386E007,6.060E+2,
7.388E007,6.060E+2,
7.39E07,6.560E+2,
7.392E007,6.580E+2,
7.394E007,6.280E+2,
7.396E007,6.210E+2,
7.398E007,6.460E+2,
7.4E07,6.320E+2,
7.402E007,6.280E+2,
7.404E007,6.180E+2,
7.406E007,6.630E+2,
7.408E007,6.150E+2,
7.41E07,6.220E+2,
7.412E007,6.890E+2,
7.414E007,6.370E+2,
7.416E007,6.600E+2,
7.418E007,6.490E+2,
7.42E07,6.120E+2,
7.422E007,6.080E+2,
7.424E007,6.330E+2,
7.426E007,6.290E+2,
7.428E007,6.520E+2,
7.43E07,6.000E+2,
7.432E007,6.370E+2,
7.434E007,6.390E+2,
7.436E007,6.670E+2,
7.438E007,6.020E+2,
7.44E07,6.170E+2,
7.442E007,6.820E+2,
7.444E007,6.450E+2,
7.446E007,6.330E+2,
7.448E007,6.120E+2,
7.45E07,6.100E+2,
7.452E007,6.270E+2,
7.454E007,6.200E+2,
7.456E007,6.380E+2,
7.458E007,6.220E+2,
7.46E07,6.180E+2,
7.462E007,6.290E+2,
7.464E007,6.390E+2,
7.466E007,6.690E+2,
7.468E007,6.000E+2,
7.47E07,6.300E+2,
7.472E007,6.370E+2,
7.474E007,6.310E+2,
7.476E007,6.350E+2,
7.478E007,6.170E+2,
7.48E07,6.440E+2,
7.482E007,6.330E+2,
7.484E007,6.620E+2,
7.486E007,6.300E+2,
7.488E007,6.590E+2,
7.49E07,6.380E+2,
7.492E007,6.450E+2,
7.494E007,5.920E+2,
7.496E007,6.890E+2,
7.498E007,5.960E+2,
7.5E07,6.520E+2,
7.502E007,6.860E+2,
7.504E007,6.710E+2,
7.506E007,6.570E+2,
7.508E007,6.300E+2,
7.51E07,5.980E+2,
7.512E007,6.550E+2,
7.514E007,6.430E+2,
7.516E007,6.210E+2,
7.518E007,6.560E+2,
7.52E07,6.090E+2,
7.522E007,6.220E+2,
7.524E007,6.170E+2,
7.526E007,6.910E+2,
7.528E007,6.330E+2,
7.53E07,6.480E+2,
7.532E007,6.690E+2,
7.534E007,6.750E+2,
7.536E007,6.010E+2,
7.538E007,6.450E+2,
7.54E07,6.190E+2,
7.542E007,6.210E+2,
7.544E007,6.600E+2,
7.546E007,6.510E+2,
7.548E007,6.450E+2,
7.55E07,6.380E+2,
7.552E007,6.180E+2,
7.554E007,6.910E+2,
7.556E007,6.900E+2,
7.558E007,6.560E+2,
7.56E07,6.280E+2,
7.562E007,6.210E+2,
7.564E007,6.460E+2,
7.566E007,6.690E+2,
7.568E007,6.330E+2,
7.57E07,6.240E+2,
7.572E007,6.230E+2,
7.574E007,6.160E+2,
7.576E007,6.410E+2,
7.578E007,6.300E+2,
7.58E07,6.280E+2,
7.582E007,6.380E+2,
7.584E007,6.710E+2,
7.586E007,6.400E+2,
7.588E007,6.010E+2,
7.59E07,6.730E+2,
7.592E007,5.980E+2,
7.594E007,6.100E+2,
7.596E007,6.070E+2,
7.598E007,6.490E+2,
7.6E07,6.350E+2,
7.602E007,6.340E+2,
7.604E007,6.790E+2,
7.606E007,6.700E+2,
7.608E007,7.080E+2,
7.61E07,7.130E+2,
7.612E007,6.530E+2,
7.614E007,6.450E+2,
7.616E007,6.560E+2,
7.618E007,6.620E+2,
7.62E07,6.860E+2,
7.622E007,6.360E+2,
7.624E007,6.200E+2,
7.626E007,6.450E+2,
7.628E007,6.310E+2,
7.63E07,6.580E+2,
7.632E007,6.540E+2,
7.634E007,6.550E+2,
7.636E007,6.570E+2,
7.638E007,6.070E+2,
7.64E07,6.220E+2,
7.642E007,6.520E+2,
7.644E007,6.380E+2,
7.646E007,6.270E+2,
7.648E007,5.920E+2,
7.65E07,6.440E+2,
7.652E007,6.160E+2,
7.654E007,6.140E+2,
7.656E007,6.540E+2,
7.658E007,5.900E+2,
7.66E07,6.670E+2,
7.662E007,6.430E+2,
7.664E007,6.000E+2,
7.666E007,5.900E+2,
7.668E007,5.860E+2,
7.67E07,6.550E+2,
7.672E007,6.340E+2,
7.674E007,6.310E+2,
7.676E007,5.970E+2,
7.678E007,6.250E+2,
7.68E07,6.230E+2,
7.682E007,6.570E+2,
7.684E007,6.880E+2,
7.686E007,5.950E+2,
7.688E007,6.270E+2,
7.69E07,6.650E+2,
7.692E007,6.290E+2,
7.694E007,6.180E+2,
7.696E007,5.880E+2,
7.698E007,6.510E+2,
7.7E07,6.840E+2,
7.702E007,5.960E+2,
7.704E007,6.080E+2,
7.706E007,6.690E+2,
7.708E007,6.040E+2,
7.71E07,5.890E+2,
7.712E007,5.960E+2,
7.714E007,6.160E+2,
7.716E007,6.250E+2,
7.718E007,6.840E+2,
7.72E07,6.440E+2,
7.722E007,6.800E+2,
7.724E007,6.190E+2,
7.726E007,5.910E+2,
7.728E007,6.220E+2,
7.73E07,6.110E+2,
7.732E007,6.460E+2,
7.734E007,5.860E+2,
7.736E007,6.040E+2,
7.738E007,6.160E+2,
7.74E07,6.000E+2,
7.742E007,6.910E+2,
7.744E007,6.420E+2,
7.746E007,6.440E+2,
7.748E007,6.390E+2,
7.75E07,6.050E+2,
7.752E007,6.150E+2,
7.754E007,6.590E+2,
7.756E007,6.350E+2,
7.758E007,6.340E+2,
7.76E07,6.570E+2,
7.762E007,6.710E+2,
7.764E007,6.460E+2,
7.766E007,6.170E+2,
7.768E007,6.330E+2,
7.77E07,6.620E+2,
7.772E007,6.180E+2,
7.774E007,5.660E+2,
7.776E007,6.090E+2,
7.778E007,6.010E+2,
7.78E07,6.370E+2,
7.782E007,6.140E+2,
7.784E007,5.850E+2,
7.786E007,6.200E+2,
7.788E007,6.210E+2,
7.79E07,6.890E+2,
7.792E007,6.370E+2,
7.794E007,6.260E+2,
7.796E007,6.350E+2,
7.798E007,6.330E+2,
7.8E07,6.400E+2,
7.802E007,6.410E+2,
7.804E007,6.110E+2,
7.806E007,6.240E+2,
7.808E007,6.510E+2,
7.81E07,6.400E+2,
7.812E007,6.570E+2,
7.814E007,6.810E+2,
7.816E007,6.310E+2,
7.818E007,6.170E+2,
7.82E07,6.150E+2,
7.822E007,6.400E+2,
7.824E007,5.830E+2,
7.826E007,6.410E+2,
7.828E007,6.460E+2,
7.83E07,6.330E+2,
7.832E007,6.180E+2,
7.834E007,6.580E+2,
7.836E007,6.560E+2,
7.838E007,6.250E+2,
7.84E07,6.390E+2,
7.842E007,6.960E+2,
7.844E007,6.200E+2,
7.846E007,6.500E+2,
7.848E007,6.300E+2,
7.85E07,6.180E+2,
7.852E007,5.890E+2,
7.854E007,6.170E+2,
7.856E007,6.060E+2,
7.858E007,6.150E+2,
7.86E07,6.220E+2,
7.862E007,6.120E+2,
7.864E007,5.820E+2,
7.866E007,6.490E+2,
7.868E007,6.170E+2,
7.87E07,6.580E+2,
7.872E007,6.430E+2,
7.874E007,6.140E+2,
7.876E007,6.860E+2,
7.878E007,6.070E+2,
7.88E07,6.300E+2,
7.882E007,6.510E+2,
7.884E007,6.030E+2,
7.886E007,6.110E+2,
7.888E007,6.150E+2,
7.89E07,6.450E+2,
7.892E007,6.310E+2,
7.894E007,6.250E+2,
7.896E007,6.600E+2,
7.898E007,6.340E+2,
7.9E07,6.050E+2,
7.902E007,6.470E+2,
7.904E007,5.980E+2,
7.906E007,6.430E+2,
7.908E007,6.240E+2,
7.91E07,6.070E+2,
7.912E007,6.230E+2,
7.914E007,6.360E+2,
7.916E007,6.400E+2,
7.918E007,6.170E+2,
7.92E07,6.560E+2,
7.922E007,6.690E+2,
7.924E007,5.990E+2,
7.926E007,6.620E+2,
7.928E007,6.350E+2,
7.93E07,6.140E+2,
7.932E007,6.040E+2,
7.934E007,6.650E+2,
7.936E007,6.430E+2,
7.938E007,6.260E+2,
7.94E07,6.400E+2,
7.942E007,6.650E+2,
7.944E007,5.690E+2,
7.946E007,6.220E+2,
7.948E007,6.490E+2,
7.95E07,6.330E+2,
7.952E007,6.350E+2,
7.954E007,6.490E+2,
7.956E007,6.040E+2,
7.958E007,6.230E+2,
7.96E07,6.990E+2,
7.962E007,6.310E+2,
7.964E007,6.460E+2,
7.966E007,6.390E+2,
7.968E007,6.610E+2,
7.97E07,6.120E+2,
7.972E007,6.380E+2,
7.974E007,6.200E+2,
7.976E007,5.990E+2,
7.978E007,6.170E+2,
7.98E07,6.440E+2,
7.982E007,6.410E+2,
7.984E007,6.540E+2,
7.986E007,6.350E+2,
7.988E007,6.530E+2,
7.99E07,6.300E+2,
7.992E007,6.620E+2,
7.994E007,6.290E+2,
7.996E007,6.290E+2,
7.998E007,6.200E+2,
