Labels,T14_2ms,
Type,Time Scan,
Comment,,
Start,0.00,
Stop,1.998E008,
Step,2E05,
Fixed/Offset, ,
XAxis,Time,
YAxis,Counts,

0.00,5.391E+4,
2E05,4.552E+5,
4E05,7.486E+5,
6E05,9.049E+5,
800000.060000,9.772E+5,
1E06,1.008E+6,
1.2E06,1.012E+6,
1.4E06,1.015E+6,
1.6E06,1.018E+6,
1.8E06,1.018E+6,
2E06,1.017E+6,
2.2E06,1.009E+6,
2.4E06,1.011E+6,
2.6E06,1.012E+6,
2.8E06,1.016E+6,
3E06,1.016E+6,
3.2E06,1.018E+6,
3.4E06,1.020E+6,
3.6E06,1.019E+6,
3.8E06,1.023E+6,
4E06,1.022E+6,
4.2E06,1.023E+6,
4.4E06,1.026E+6,
4.6E06,1.027E+6,
4.8E06,1.027E+6,
5E06,1.029E+6,
5.2E06,1.029E+6,
5.4E06,1.029E+6,
5.6E06,1.031E+6,
5.8E06,1.031E+6,
6E06,1.031E+6,
6.2E06,1.029E+6,
6400000.500000,1.030E+6,
6600000.500000,1.029E+6,
6800000.500000,1.028E+6,
7000000.500000,1.028E+6,
7200000.600000,1.027E+6,
7400000.600000,1.026E+6,
7600000.600000,1.025E+6,
7800000.600000,1.023E+6,
8000000.600000,1.022E+6,
8200000.600000,1.021E+6,
8400000.700000,1.017E+6,
8600000.700000,1.015E+6,
8800000.700000,1.013E+6,
9000000.700000,1.012E+6,
9200000.700000,1.007E+6,
9400000.700000,1.003E+6,
9600000.800000,1.001E+6,
9800000.800000,9.965E+5,
1E07,9.931E+5,
1.02E07,9.894E+5,
1.04E07,9.869E+5,
1.06E07,9.816E+5,
1.08E07,9.764E+5,
1.1E07,9.725E+5,
1.12E07,9.669E+5,
1.14E07,9.623E+5,
1.16E07,9.574E+5,
1.18E07,9.504E+5,
1.2E07,9.457E+5,
1.22E07,9.410E+5,
1.24E07,9.337E+5,
1.26E07,9.279E+5,
1.28E07,9.225E+5,
1.3E07,9.149E+5,
1.32E07,9.090E+5,
1.34E07,9.038E+5,
1.36E07,8.964E+5,
1.38E07,8.885E+5,
1.4E07,8.823E+5,
1.42E07,8.747E+5,
1.44E07,8.674E+5,
1.46E07,8.589E+5,
1.48E07,8.518E+5,
1.5E07,8.462E+5,
1.52E07,8.384E+5,
1.54E07,8.299E+5,
1.56E07,8.221E+5,
1.58E07,8.148E+5,
1.6E07,8.064E+5,
1.62E07,7.992E+5,
1.64E07,7.916E+5,
1.66E07,7.829E+5,
1.68E07,7.748E+5,
1.7E07,7.668E+5,
1.72E07,7.588E+5,
1.74E07,7.519E+5,
1.76E07,7.431E+5,
1.78E07,7.345E+5,
1.8E07,7.261E+5,
1.82E07,7.167E+5,
1.84E07,7.094E+5,
1.86E07,7.024E+5,
1.88E07,6.951E+5,
1.9E07,6.862E+5,
1.92E07,6.776E+5,
1.94E07,6.693E+5,
1.96E07,6.616E+5,
1.98E07,6.531E+5,
2E07,6.463E+5,
2.02E07,6.382E+5,
2.04E07,6.295E+5,
2.06E07,6.219E+5,
2.08E07,6.129E+5,
2.1E07,6.055E+5,
2.12E07,5.980E+5,
2.14E07,5.917E+5,
2.16E07,5.839E+5,
2.18E07,5.759E+5,
2.2E07,5.689E+5,
2.22E07,5.610E+5,
2.24E07,5.543E+5,
2.26E07,5.463E+5,
2.28E07,5.388E+5,
2.3E07,5.307E+5,
2.32E07,5.255E+5,
2.34E07,5.182E+5,
2.36E07,5.105E+5,
2.38E07,5.037E+5,
2.4E07,4.966E+5,
2.42E07,4.906E+5,
2.44E07,4.832E+5,
2.46E07,4.769E+5,
2.48E07,4.688E+5,
2.5E07,4.641E+5,
2.52E07,4.575E+5,
2.54E07,4.505E+5,
2.56E07,4.438E+5,
2.58E07,4.377E+5,
2.6E07,4.320E+5,
2.62E07,4.262E+5,
2.64E07,4.190E+5,
2.66E07,4.135E+5,
2.68E07,4.071E+5,
2.7E07,4.011E+5,
2.72E07,3.952E+5,
2.74E07,3.887E+5,
2.76E07,3.828E+5,
2.78E07,3.776E+5,
2.8E07,3.720E+5,
2.82E07,3.680E+5,
2.84E07,3.616E+5,
2.86E07,3.567E+5,
2.88E07,3.512E+5,
2.9E07,3.451E+5,
2.92E07,3.404E+5,
2.94E07,3.347E+5,
2.96E07,3.304E+5,
2.98E07,3.252E+5,
3E07,3.196E+5,
3.02E07,3.154E+5,
3.04E07,3.103E+5,
3.06E07,3.055E+5,
3.08E07,3.010E+5,
3.1E07,2.965E+5,
3.12E07,2.924E+5,
3.14E07,2.877E+5,
3.16E07,2.827E+5,
3.18E07,2.785E+5,
3.2E07,2.727E+5,
3.22E07,2.696E+5,
3.24E07,2.651E+5,
3.26E07,2.606E+5,
3.28E07,2.565E+5,
3.3E07,2.523E+5,
3.32E07,2.490E+5,
3.34E07,2.444E+5,
3.36E07,2.410E+5,
3.38E07,2.373E+5,
3.4E07,2.336E+5,
3.42E07,2.292E+5,
3.44E07,2.250E+5,
3.46E07,2.223E+5,
3.48E07,2.191E+5,
3.5E07,2.149E+5,
3.52E07,2.117E+5,
3.54E07,2.075E+5,
3.56E07,2.039E+5,
3.58E07,2.013E+5,
3.6E07,1.976E+5,
3.62E07,1.953E+5,
3.64E07,1.915E+5,
3.66E07,1.886E+5,
3.68E07,1.840E+5,
3.7E07,1.818E+5,
3.72E07,1.794E+5,
3.74E07,1.758E+5,
3.76E07,1.733E+5,
3.78E07,1.700E+5,
3.8E07,1.673E+5,
3.82E07,1.646E+5,
3.84E07,1.615E+5,
3.86E07,1.589E+5,
3.88E07,1.559E+5,
3.9E07,1.538E+5,
3.92E07,1.514E+5,
3.94E07,1.485E+5,
3.96E07,1.461E+5,
3.98E07,1.441E+5,
4E07,1.413E+5,
4.02E07,1.391E+5,
4.04E07,1.364E+5,
4.06E07,1.348E+5,
4.08E07,1.322E+5,
4.1E07,1.298E+5,
4.12E07,1.272E+5,
4.14E07,1.252E+5,
4.16E07,1.233E+5,
4.18E07,1.208E+5,
4.2E07,1.189E+5,
4.22E07,1.175E+5,
4.24E07,1.148E+5,
4.26E07,1.129E+5,
4.28E07,1.110E+5,
4.3E07,1.094E+5,
4.32E07,1.077E+5,
4.34E07,1.058E+5,
4.36E07,1.039E+5,
4.38E07,1.025E+5,
4.4E07,1.000E+5,
4.42E07,9.910E+4,
4.44E07,9.688E+4,
4.46E07,9.578E+4,
4.48E07,9.469E+4,
4.5E07,9.258E+4,
4.52E07,9.081E+4,
4.54E07,8.960E+4,
4.56E07,8.767E+4,
4.58E07,8.666E+4,
4.6E07,8.494E+4,
4.62E07,8.347E+4,
4.64E07,8.216E+4,
4.66E07,8.149E+4,
4.68E07,7.927E+4,
4.7E07,7.866E+4,
4.72E07,7.691E+4,
4.74E07,7.537E+4,
4.76E07,7.402E+4,
4.78E07,7.329E+4,
4.8E07,7.225E+4,
4.82E07,7.043E+4,
4.84E07,6.956E+4,
4.86E07,6.845E+4,
4.88E07,6.747E+4,
4.9E07,6.659E+4,
4.92E07,6.527E+4,
4.94E07,6.397E+4,
4.96E07,6.345E+4,
4.98E07,6.199E+4,
5E07,6.130E+4,
5.02E07,5.994E+4,
5.04E07,5.939E+4,
5.06E07,5.870E+4,
5.08E07,5.702E+4,
5.1E07,5.620E+4,
5.12E07,5.569E+4,
5.14E07,5.461E+4,
5.16E07,5.420E+4,
5.18E07,5.327E+4,
5.2E07,5.163E+4,
5.22E07,5.131E+4,
5.24E07,5.055E+4,
5.26E07,4.995E+4,
5.28E07,4.875E+4,
5.3E07,4.793E+4,
5.32E07,4.755E+4,
5.34E07,4.701E+4,
5.36E07,4.615E+4,
5.38E07,4.548E+4,
5.4E07,4.442E+4,
5.42E07,4.446E+4,
5.44E07,4.291E+4,
5.46E07,4.270E+4,
5.48E07,4.223E+4,
5.5E07,4.124E+4,
5.52E07,4.088E+4,
5.54E07,4.038E+4,
5.56E07,3.982E+4,
5.58E07,3.909E+4,
5.6E07,3.866E+4,
5.62E07,3.791E+4,
5.64E07,3.736E+4,
5.66E07,3.729E+4,
5.68E07,3.665E+4,
5.7E07,3.586E+4,
5.72E07,3.538E+4,
5.74E07,3.495E+4,
5.76E07,3.474E+4,
5.78E07,3.413E+4,
5.8E07,3.389E+4,
5.82E07,3.306E+4,
5.84E07,3.275E+4,
5.86E07,3.222E+4,
5.88E07,3.195E+4,
5.9E07,3.153E+4,
5.92E07,3.111E+4,
5.94E07,3.074E+4,
5.96E07,3.026E+4,
5.98E07,2.985E+4,
6E07,2.961E+4,
6.02E07,2.900E+4,
6.04E07,2.857E+4,
6.06E07,2.842E+4,
6.08E07,2.800E+4,
6.1E07,2.787E+4,
6.12E07,2.734E+4,
6.14E07,2.712E+4,
6.16E07,2.661E+4,
6.18E07,2.637E+4,
6.2E07,2.611E+4,
6.22E07,2.558E+4,
6.24E07,2.521E+4,
6.26E07,2.508E+4,
6.28E07,2.472E+4,
6.3E07,2.465E+4,
6.32E07,2.412E+4,
6.34E07,2.383E+4,
6.36E07,2.393E+4,
6.38E07,2.331E+4,
64000005.000000,2.318E+4,
64200005.000000,2.303E+4,
64400005.000000,2.282E+4,
64600005.000000,2.237E+4,
64800005.000000,2.233E+4,
65000005.000000,2.182E+4,
65200005.000000,2.184E+4,
65400005.000000,2.150E+4,
65600005.000000,2.146E+4,
65800005.000000,2.109E+4,
66000005.000000,2.104E+4,
66200005.000000,2.062E+4,
66400005.000000,2.028E+4,
66600005.000000,2.033E+4,
66800005.000000,1.994E+4,
67000005.000000,1.976E+4,
67200005.000000,1.972E+4,
67400005.000000,1.947E+4,
67600005.000000,1.928E+4,
67800005.000000,1.928E+4,
68000005.000000,1.912E+4,
68200005.000000,1.858E+4,
68400005.000000,1.896E+4,
68600005.000000,1.824E+4,
68800005.000000,1.825E+4,
69000005.000000,1.854E+4,
69200005.000000,1.807E+4,
69400005.000000,1.753E+4,
69600005.000000,1.744E+4,
69800005.000000,1.749E+4,
70000005.000000,1.750E+4,
70200005.000000,1.715E+4,
70400006.000000,1.704E+4,
70600006.000000,1.679E+4,
70800006.000000,1.641E+4,
71000006.000000,1.673E+4,
71200006.000000,1.637E+4,
71400006.000000,1.637E+4,
71600006.000000,1.607E+4,
71800006.000000,1.613E+4,
72000006.000000,1.595E+4,
72200006.000000,1.595E+4,
72400006.000000,1.575E+4,
72600006.000000,1.567E+4,
72800006.000000,1.556E+4,
73000006.000000,1.516E+4,
73200006.000000,1.527E+4,
73400006.000000,1.538E+4,
73600006.000000,1.482E+4,
73800006.000000,1.511E+4,
74000006.000000,1.470E+4,
74200006.000000,1.489E+4,
74400006.000000,1.472E+4,
74600006.000000,1.470E+4,
74800006.000000,1.440E+4,
75000006.000000,1.443E+4,
75200006.000000,1.422E+4,
75400006.000000,1.417E+4,
75600006.000000,1.409E+4,
75800006.000000,1.442E+4,
76000006.000000,1.376E+4,
76200006.000000,1.372E+4,
76400006.000000,1.389E+4,
76600006.000000,1.377E+4,
76800006.000000,1.364E+4,
77000006.000000,1.356E+4,
77200006.000000,1.376E+4,
77400006.000000,1.362E+4,
77600006.000000,1.344E+4,
77800006.000000,1.338E+4,
78000006.000000,1.324E+4,
78200006.000000,1.354E+4,
78400006.000000,1.329E+4,
78600006.000000,1.317E+4,
78800006.000000,1.270E+4,
79000006.000000,1.280E+4,
79200006.000000,1.279E+4,
79400006.000000,1.278E+4,
79600006.000000,1.278E+4,
79800006.000000,1.269E+4,
80000006.000000,1.255E+4,
80200006.000000,1.248E+4,
80400006.000000,1.262E+4,
80600006.000000,1.229E+4,
80800006.000000,1.252E+4,
81000006.000000,1.258E+4,
81200006.000000,1.230E+4,
81400006.000000,1.234E+4,
81600006.000000,1.240E+4,
81800006.000000,1.221E+4,
82000006.000000,1.211E+4,
82200006.000000,1.222E+4,
82400006.000000,1.213E+4,
82600006.000000,1.186E+4,
82800006.000000,1.187E+4,
83000006.000000,1.190E+4,
83200007.000000,1.182E+4,
83400007.000000,1.179E+4,
83600007.000000,1.172E+4,
83800007.000000,1.196E+4,
84000007.000000,1.159E+4,
84200007.000000,1.151E+4,
84400007.000000,1.152E+4,
84600007.000000,1.144E+4,
84800007.000000,1.158E+4,
85000007.000000,1.141E+4,
85200007.000000,1.169E+4,
85400007.000000,1.146E+4,
85600007.000000,1.145E+4,
85800007.000000,1.141E+4,
86000007.000000,1.145E+4,
86200007.000000,1.137E+4,
86400007.000000,1.143E+4,
86600007.000000,1.134E+4,
86800007.000000,1.132E+4,
87000007.000000,1.136E+4,
87200007.000000,1.120E+4,
87400007.000000,1.123E+4,
87600007.000000,1.116E+4,
87800007.000000,1.132E+4,
88000007.000000,1.121E+4,
88200007.000000,1.127E+4,
88400007.000000,1.114E+4,
88600007.000000,1.104E+4,
88800007.000000,1.112E+4,
89000007.000000,1.103E+4,
89200007.000000,1.103E+4,
89400007.000000,1.097E+4,
89600007.000000,1.095E+4,
89800007.000000,1.106E+4,
90000007.000000,1.096E+4,
90200007.000000,1.078E+4,
90400007.000000,1.072E+4,
90600007.000000,1.065E+4,
90800007.000000,1.087E+4,
91000007.000000,1.061E+4,
91200007.000000,1.082E+4,
91400007.000000,1.071E+4,
91600007.000000,1.091E+4,
91800007.000000,1.073E+4,
92000007.000000,1.073E+4,
92200007.000000,1.082E+4,
92400007.000000,1.068E+4,
92600007.000000,1.082E+4,
92800007.000000,1.042E+4,
93000007.000000,1.050E+4,
93200007.000000,1.064E+4,
93400007.000000,1.068E+4,
93600007.000000,1.052E+4,
93800007.000000,1.072E+4,
94000007.000000,1.054E+4,
94200007.000000,1.061E+4,
94400007.000000,1.051E+4,
94600007.000000,1.044E+4,
94800007.000000,1.048E+4,
95000007.000000,1.067E+4,
95200007.000000,1.082E+4,
95400007.000000,1.035E+4,
95600007.000000,1.058E+4,
95800007.000000,1.052E+4,
96000008.000000,1.046E+4,
96200008.000000,1.039E+4,
96400008.000000,1.044E+4,
96600008.000000,1.047E+4,
96800008.000000,1.023E+4,
97000008.000000,1.048E+4,
97200008.000000,1.034E+4,
97400008.000000,1.017E+4,
97600008.000000,1.043E+4,
97800008.000000,1.040E+4,
98000008.000000,1.034E+4,
98200008.000000,1.019E+4,
98400008.000000,1.028E+4,
98600008.000000,1.024E+4,
98800008.000000,1.039E+4,
99000008.000000,1.047E+4,
99200008.000000,1.015E+4,
99400008.000000,1.023E+4,
99600008.000000,1.029E+4,
99800008.000000,1.026E+4,
1E08,1.025E+4,
1.002E008,1.025E+4,
1.004E008,1.011E+4,
1.006E008,1.031E+4,
1.008E008,1.045E+4,
1.01E08,1.041E+4,
1.012E008,1.032E+4,
1.014E008,1.022E+4,
1.016E008,1.022E+4,
1.018E008,1.006E+4,
1.02E08,1.020E+4,
1.022E008,1.020E+4,
1.024E008,1.020E+4,
1.026E008,1.025E+4,
1.028E008,1.007E+4,
1.03E08,9.988E+3,
1.032E008,1.004E+4,
1.034E008,1.018E+4,
1.036E008,1.038E+4,
1.038E008,1.016E+4,
1.04E08,1.012E+4,
1.042E008,1.016E+4,
1.044E008,1.021E+4,
1.046E008,1.017E+4,
1.048E008,9.965E+3,
1.05E08,1.026E+4,
1.052E008,1.011E+4,
1.054E008,9.962E+3,
1.056E008,1.003E+4,
1.058E008,1.023E+4,
1.06E08,1.006E+4,
1.062E008,1.016E+4,
1.064E008,1.010E+4,
1.066E008,1.000E+4,
1.068E008,1.012E+4,
1.07E08,1.007E+4,
1.072E008,9.867E+3,
1.074E008,1.007E+4,
1.076E008,9.857E+3,
1.078E008,9.968E+3,
1.08E08,9.991E+3,
1.082E008,1.010E+4,
1.084E008,9.962E+3,
1.086E008,9.953E+3,
1.088E008,1.004E+4,
1.09E08,9.890E+3,
1.092E008,9.921E+3,
1.094E008,9.789E+3,
1.096E008,1.006E+4,
1.098E008,1.020E+4,
1.1E08,9.985E+3,
1.102E008,1.011E+4,
1.104E008,1.004E+4,
1.106E008,9.986E+3,
1.108E008,9.951E+3,
1.11E08,9.767E+3,
1.112E008,9.944E+3,
1.114E008,9.910E+3,
1.116E008,9.787E+3,
1.118E008,1.012E+4,
1.12E08,1.004E+4,
1.122E008,1.018E+4,
1.124E008,9.996E+3,
1.126E008,9.740E+3,
1.128E008,9.976E+3,
1.13E08,9.994E+3,
1.132E008,1.008E+4,
1.134E008,9.968E+3,
1.136E008,9.972E+3,
1.138E008,1.014E+4,
1.14E08,1.002E+4,
1.142E008,1.006E+4,
1.144E008,1.005E+4,
1.146E008,1.014E+4,
1.148E008,1.003E+4,
1.15E08,9.824E+3,
1.152E008,9.896E+3,
1.154E008,9.769E+3,
1.156E008,9.963E+3,
1.158E008,9.724E+3,
1.16E08,9.973E+3,
1.162E008,9.748E+3,
1.164E008,9.908E+3,
1.166E008,9.939E+3,
1.168E008,9.893E+3,
1.17E08,9.771E+3,
1.172E008,9.856E+3,
1.174E008,9.686E+3,
1.176E008,9.868E+3,
1.178E008,9.941E+3,
1.18E08,9.678E+3,
1.182E008,9.936E+3,
1.184E008,1.002E+4,
1.186E008,9.788E+3,
1.188E008,9.818E+3,
1.19E08,9.714E+3,
1.192E008,9.943E+3,
1.194E008,1.003E+4,
1.196E008,9.718E+3,
1.198E008,9.782E+3,
1.2E08,9.890E+3,
1.202E008,9.732E+3,
1.204E008,9.920E+3,
1.206E008,9.953E+3,
1.208E008,9.949E+3,
1.21E08,9.842E+3,
1.212E008,9.793E+3,
1.214E008,9.741E+3,
1.216E008,9.799E+3,
1.218E008,9.798E+3,
1.22E08,9.963E+3,
1.222E008,9.896E+3,
1.224E008,1.002E+4,
1.226E008,9.985E+3,
1.228E008,9.770E+3,
1.23E08,9.880E+3,
1.232E008,9.740E+3,
1.234E008,9.775E+3,
1.236E008,9.845E+3,
1.238E008,9.879E+3,
1.24E08,9.909E+3,
1.242E008,9.962E+3,
1.244E008,9.872E+3,
1.246E008,9.824E+3,
1.248E008,9.772E+3,
1.25E08,9.707E+3,
1.252E008,9.692E+3,
1.254E008,9.791E+3,
1.256E008,9.701E+3,
1.258E008,9.793E+3,
1.26E08,9.674E+3,
1.262E008,9.977E+3,
1.264E008,1.002E+4,
1.266E008,1.013E+4,
1.268E008,9.960E+3,
1.27E08,9.705E+3,
1.272E008,9.728E+3,
1.274E008,9.668E+3,
1.276E008,9.834E+3,
1.278E008,9.942E+3,
1.28E08,9.739E+3,
1.282E008,9.667E+3,
1.284E008,1.002E+4,
1.286E008,9.848E+3,
1.288E008,9.994E+3,
1.29E08,9.846E+3,
1.292E008,9.711E+3,
1.294E008,9.749E+3,
1.296E008,9.852E+3,
1.298E008,9.832E+3,
1.3E08,9.830E+3,
1.302E008,9.883E+3,
1.304E008,1.003E+4,
1.306E008,9.771E+3,
1.308E008,9.874E+3,
1.31E08,9.881E+3,
1.312E008,9.772E+3,
1.314E008,9.983E+3,
1.316E008,9.677E+3,
1.318E008,9.919E+3,
1.32E08,9.895E+3,
1.322E008,9.854E+3,
1.324E008,1.005E+4,
1.326E008,1.007E+4,
1.328E008,9.781E+3,
1.33E08,9.718E+3,
1.332E008,9.772E+3,
1.334E008,9.883E+3,
1.336E008,9.788E+3,
1.338E008,9.814E+3,
1.34E08,9.762E+3,
1.342E008,9.529E+3,
1.344E008,9.744E+3,
1.346E008,9.613E+3,
1.348E008,9.716E+3,
1.35E08,9.673E+3,
1.352E008,9.775E+3,
1.354E008,9.709E+3,
1.356E008,9.918E+3,
1.358E008,9.797E+3,
1.36E08,9.724E+3,
1.362E008,9.876E+3,
1.364E008,9.788E+3,
1.366E008,9.823E+3,
1.368E008,9.815E+3,
1.37E08,9.777E+3,
1.372E008,9.963E+3,
1.374E008,9.723E+3,
1.376E008,9.784E+3,
1.378E008,9.940E+3,
1.38E08,9.877E+3,
1.382E008,9.689E+3,
1.384E008,9.694E+3,
1.386E008,9.572E+3,
1.388E008,9.912E+3,
1.39E08,9.846E+3,
1.392E008,9.978E+3,
1.394E008,9.905E+3,
1.396E008,9.953E+3,
1.398E008,9.821E+3,
1.4E08,1.001E+4,
1.402E008,9.710E+3,
1.404E008,9.915E+3,
1.406E008,9.687E+3,
1.408E008,9.835E+3,
1.41E08,9.796E+3,
1.412E008,9.929E+3,
1.414E008,9.679E+3,
1.416E008,9.829E+3,
1.418E008,9.902E+3,
1.42E08,9.681E+3,
1.422E008,9.781E+3,
1.424E008,9.928E+3,
1.426E008,9.759E+3,
1.428E008,9.825E+3,
1.43E08,9.692E+3,
1.432E008,9.545E+3,
1.434E008,9.786E+3,
1.436E008,9.630E+3,
1.438E008,9.703E+3,
1.44E08,9.839E+3,
1.442E008,9.683E+3,
1.444E008,9.739E+3,
1.446E008,9.767E+3,
1.448E008,9.653E+3,
1.45E08,9.654E+3,
1.452E008,9.879E+3,
1.454E008,9.956E+3,
1.456E008,9.655E+3,
1.458E008,9.692E+3,
1.46E08,9.804E+3,
1.462E008,9.859E+3,
1.464E008,9.836E+3,
1.466E008,1.006E+4,
1.468E008,9.779E+3,
1.47E08,9.714E+3,
1.472E008,9.786E+3,
1.474E008,9.853E+3,
1.476E008,1.001E+4,
1.478E008,9.825E+3,
1.48E08,9.748E+3,
1.482E008,1.003E+4,
1.484E008,9.704E+3,
1.486E008,9.767E+3,
1.488E008,9.874E+3,
1.49E08,9.978E+3,
1.492E008,9.947E+3,
1.494E008,9.998E+3,
1.496E008,9.639E+3,
1.498E008,9.772E+3,
1.5E08,9.797E+3,
1.502E008,9.961E+3,
1.504E008,9.660E+3,
1.506E008,9.746E+3,
1.508E008,9.737E+3,
1.51E08,9.851E+3,
1.512E008,9.802E+3,
1.514E008,9.852E+3,
1.516E008,9.722E+3,
1.518E008,9.667E+3,
1.52E08,9.775E+3,
1.522E008,9.821E+3,
1.524E008,9.964E+3,
1.526E008,9.822E+3,
1.528E008,9.881E+3,
1.53E08,9.778E+3,
1.532E008,9.853E+3,
1.534E008,9.809E+3,
1.536E008,9.848E+3,
1.538E008,9.780E+3,
1.54E08,9.707E+3,
1.542E008,9.808E+3,
1.544E008,9.634E+3,
1.546E008,9.787E+3,
1.548E008,9.754E+3,
1.55E08,9.700E+3,
1.552E008,9.884E+3,
1.554E008,9.819E+3,
1.556E008,9.804E+3,
1.558E008,9.687E+3,
1.56E08,9.798E+3,
1.562E008,9.760E+3,
1.564E008,9.937E+3,
1.566E008,9.794E+3,
1.568E008,9.871E+3,
1.57E08,9.871E+3,
1.572E008,9.702E+3,
1.574E008,9.923E+3,
1.576E008,9.870E+3,
1.578E008,9.678E+3,
1.58E08,9.769E+3,
1.582E008,9.720E+3,
1.584E008,9.820E+3,
1.586E008,9.855E+3,
1.588E008,9.807E+3,
1.59E08,9.707E+3,
1.592E008,9.662E+3,
1.594E008,9.914E+3,
1.596E008,9.596E+3,
1.598E008,9.716E+3,
1.6E08,9.906E+3,
1.602E008,9.711E+3,
1.604E008,9.746E+3,
1.606E008,9.791E+3,
1.608E008,9.803E+3,
1.61E08,9.651E+3,
1.612E008,9.841E+3,
1.614E008,9.733E+3,
1.616E008,9.724E+3,
1.618E008,9.925E+3,
1.62E08,1.001E+4,
1.622E008,9.757E+3,
1.624E008,9.695E+3,
1.626E008,9.653E+3,
1.628E008,9.817E+3,
1.63E08,9.858E+3,
1.632E008,9.752E+3,
1.634E008,9.798E+3,
1.636E008,9.787E+3,
1.638E008,9.719E+3,
1.64E08,9.760E+3,
1.642E008,9.696E+3,
1.644E008,9.790E+3,
1.646E008,9.756E+3,
1.648E008,9.654E+3,
1.65E08,9.657E+3,
1.652E008,9.666E+3,
1.654E008,9.787E+3,
1.656E008,9.957E+3,
1.658E008,9.805E+3,
1.66E08,9.805E+3,
1.662E008,9.892E+3,
1.664E008,1.006E+4,
1.666E008,9.751E+3,
1.668E008,1.001E+4,
1.67E08,9.796E+3,
1.672E008,1.007E+4,
1.674E008,9.689E+3,
1.676E008,9.789E+3,
1.678E008,9.438E+3,
1.68E08,9.920E+3,
1.682E008,9.505E+3,
1.684E008,9.736E+3,
1.686E008,9.680E+3,
1.688E008,9.685E+3,
1.69E08,9.696E+3,
1.692E008,9.796E+3,
1.694E008,9.597E+3,
1.696E008,9.663E+3,
1.698E008,9.723E+3,
1.7E08,9.593E+3,
1.702E008,9.613E+3,
1.704E008,9.754E+3,
1.706E008,9.549E+3,
1.708E008,9.869E+3,
1.71E08,9.809E+3,
1.712E008,9.778E+3,
1.714E008,9.670E+3,
1.716E008,9.613E+3,
1.718E008,9.759E+3,
1.72E08,9.874E+3,
1.722E008,9.610E+3,
1.724E008,9.761E+3,
1.726E008,9.786E+3,
1.728E008,9.803E+3,
1.73E08,9.962E+3,
1.732E008,9.790E+3,
1.734E008,9.854E+3,
1.736E008,9.940E+3,
1.738E008,9.890E+3,
1.74E08,9.669E+3,
1.742E008,9.817E+3,
1.744E008,9.697E+3,
1.746E008,9.766E+3,
1.748E008,9.773E+3,
1.75E08,9.922E+3,
1.752E008,9.817E+3,
1.754E008,9.786E+3,
1.756E008,9.984E+3,
1.758E008,9.741E+3,
1.76E08,9.570E+3,
1.762E008,9.699E+3,
1.764E008,9.712E+3,
1.766E008,9.774E+3,
1.768E008,9.995E+3,
1.77E08,9.875E+3,
1.772E008,9.655E+3,
1.774E008,9.696E+3,
1.776E008,9.589E+3,
1.778E008,9.914E+3,
1.78E08,9.795E+3,
1.782E008,9.525E+3,
1.784E008,9.849E+3,
1.786E008,9.663E+3,
1.788E008,9.809E+3,
1.79E08,9.716E+3,
1.792E008,9.626E+3,
1.794E008,9.778E+3,
1.796E008,9.845E+3,
1.798E008,9.734E+3,
1.8E08,9.747E+3,
1.802E008,9.813E+3,
1.804E008,9.728E+3,
1.806E008,9.547E+3,
1.808E008,9.859E+3,
1.81E08,9.872E+3,
1.812E008,9.834E+3,
1.814E008,9.691E+3,
1.816E008,9.725E+3,
1.818E008,9.683E+3,
1.82E08,9.904E+3,
1.822E008,9.654E+3,
1.824E008,9.690E+3,
1.826E008,9.796E+3,
1.828E008,9.857E+3,
1.83E08,9.700E+3,
1.832E008,9.658E+3,
1.834E008,9.807E+3,
1.836E008,9.812E+3,
1.838E008,9.731E+3,
1.84E08,9.696E+3,
1.842E008,9.855E+3,
1.844E008,9.699E+3,
1.846E008,9.605E+3,
1.848E008,9.929E+3,
1.85E08,9.706E+3,
1.852E008,9.804E+3,
1.854E008,9.647E+3,
1.856E008,9.687E+3,
1.858E008,9.813E+3,
1.86E08,9.681E+3,
1.862E008,9.699E+3,
1.864E008,9.702E+3,
1.866E008,9.629E+3,
1.868E008,9.747E+3,
1.87E08,9.732E+3,
1.872E008,9.598E+3,
1.874E008,9.820E+3,
1.876E008,9.698E+3,
1.878E008,9.602E+3,
1.88E08,9.530E+3,
1.882E008,9.640E+3,
1.884E008,9.680E+3,
1.886E008,9.712E+3,
1.888E008,9.701E+3,
1.89E08,9.530E+3,
1.892E008,9.803E+3,
1.894E008,9.720E+3,
1.896E008,9.704E+3,
1.898E008,9.543E+3,
1.9E08,9.900E+3,
1.902E008,9.521E+3,
1.904E008,9.634E+3,
1.906E008,9.650E+3,
1.908E008,9.635E+3,
1.91E08,9.676E+3,
1.912E008,9.977E+3,
1.914E008,9.813E+3,
1.916E008,9.674E+3,
1.918E008,9.718E+3,
1.92E08,9.729E+3,
1.922E008,9.913E+3,
1.924E008,9.707E+3,
1.926E008,9.925E+3,
1.928E008,9.905E+3,
1.93E08,9.876E+3,
1.932E008,9.843E+3,
1.934E008,9.539E+3,
1.936E008,9.913E+3,
1.938E008,9.753E+3,
1.94E08,9.812E+3,
1.942E008,9.876E+3,
1.944E008,9.854E+3,
1.946E008,9.680E+3,
1.948E008,9.664E+3,
1.95E08,9.984E+3,
1.952E008,9.835E+3,
1.954E008,9.726E+3,
1.956E008,9.707E+3,
1.958E008,9.769E+3,
1.96E08,9.866E+3,
1.962E008,9.701E+3,
1.964E008,9.711E+3,
1.966E008,9.712E+3,
1.968E008,9.845E+3,
1.97E08,9.579E+3,
1.972E008,9.836E+3,
1.974E008,9.688E+3,
1.976E008,9.763E+3,
1.978E008,9.803E+3,
1.98E08,9.743E+3,
1.982E008,9.784E+3,
1.984E008,9.721E+3,
1.986E008,9.861E+3,
1.988E008,9.718E+3,
1.99E08,9.454E+3,
1.992E008,9.739E+3,
1.994E008,9.897E+3,
1.996E008,9.740E+3,
1.998E008,9.842E+3,
