Labels,T14_100ms,
Type,Time Scan,
Comment,,
Start,0.00,
Stop,3.996E008,
Step,4E05,
Fixed/Offset, ,
XAxis,Time,
YAxis,Counts,

0.00,1.789E+5,
4E05,7.518E+5,
800000.060000,1.147E+6,
1.2E06,1.425E+6,
1.6E06,1.609E+6,
2E06,1.748E+6,
2.4E06,1.834E+6,
2.8E06,1.899E+6,
3.2E06,1.943E+6,
3.6E06,1.973E+6,
4E06,1.995E+6,
4.4E06,2.007E+6,
4.8E06,2.020E+6,
5.2E06,2.025E+6,
5.6E06,2.032E+6,
6E06,2.034E+6,
6400000.500000,2.038E+6,
6800000.500000,2.040E+6,
7200000.600000,2.040E+6,
7600000.600000,2.042E+6,
8000000.600000,2.043E+6,
8400000.700000,2.044E+6,
8800000.700000,2.043E+6,
9200000.700000,2.044E+6,
9600000.800000,2.046E+6,
1E07,2.045E+6,
1.04E07,2.044E+6,
1.08E07,2.044E+6,
1.12E07,2.043E+6,
1.16E07,2.046E+6,
1.2E07,2.045E+6,
1.24E07,2.045E+6,
1.28E07,2.043E+6,
1.32E07,2.043E+6,
1.36E07,2.040E+6,
1.4E07,2.041E+6,
1.44E07,2.039E+6,
1.48E07,2.037E+6,
1.52E07,2.037E+6,
1.56E07,2.037E+6,
1.6E07,2.035E+6,
1.64E07,2.037E+6,
1.68E07,2.035E+6,
1.72E07,2.033E+6,
1.76E07,2.034E+6,
1.8E07,2.036E+6,
1.84E07,2.033E+6,
1.88E07,2.033E+6,
1.92E07,2.033E+6,
1.96E07,2.033E+6,
2E07,2.033E+6,
2.04E07,2.034E+6,
2.08E07,2.034E+6,
2.12E07,2.034E+6,
2.16E07,2.033E+6,
2.2E07,2.034E+6,
2.24E07,2.036E+6,
2.28E07,2.037E+6,
2.32E07,2.037E+6,
2.36E07,2.038E+6,
2.4E07,2.037E+6,
2.44E07,2.039E+6,
2.48E07,2.038E+6,
2.52E07,2.040E+6,
2.56E07,2.039E+6,
2.6E07,2.039E+6,
2.64E07,2.042E+6,
2.68E07,2.040E+6,
2.72E07,2.040E+6,
2.76E07,2.040E+6,
2.8E07,2.041E+6,
2.84E07,2.040E+6,
2.88E07,2.040E+6,
2.92E07,2.039E+6,
2.96E07,2.039E+6,
3E07,2.042E+6,
3.04E07,2.042E+6,
3.08E07,2.042E+6,
3.12E07,2.040E+6,
3.16E07,2.040E+6,
3.2E07,2.041E+6,
3.24E07,2.040E+6,
3.28E07,2.040E+6,
3.32E07,2.038E+6,
3.36E07,2.039E+6,
3.4E07,2.041E+6,
3.44E07,2.040E+6,
3.48E07,2.041E+6,
3.52E07,2.040E+6,
3.56E07,2.040E+6,
3.6E07,2.040E+6,
3.64E07,2.040E+6,
3.68E07,2.041E+6,
3.72E07,2.042E+6,
3.76E07,2.041E+6,
3.8E07,2.040E+6,
3.84E07,2.041E+6,
3.88E07,2.040E+6,
3.92E07,2.038E+6,
3.96E07,2.039E+6,
4E07,2.039E+6,
4.04E07,2.040E+6,
4.08E07,2.039E+6,
4.12E07,2.041E+6,
4.16E07,2.042E+6,
4.2E07,2.040E+6,
4.24E07,2.040E+6,
4.28E07,2.040E+6,
4.32E07,2.040E+6,
4.36E07,2.041E+6,
4.4E07,2.041E+6,
4.44E07,2.040E+6,
4.48E07,2.039E+6,
4.52E07,2.039E+6,
4.56E07,2.038E+6,
4.6E07,2.041E+6,
4.64E07,2.039E+6,
4.68E07,2.040E+6,
4.72E07,2.039E+6,
4.76E07,2.040E+6,
4.8E07,2.040E+6,
4.84E07,2.040E+6,
4.88E07,2.039E+6,
4.92E07,2.042E+6,
4.96E07,2.040E+6,
5E07,2.041E+6,
5.04E07,2.040E+6,
5.08E07,2.041E+6,
5.12E07,2.040E+6,
5.16E07,2.040E+6,
5.2E07,2.042E+6,
5.24E07,2.040E+6,
5.28E07,2.039E+6,
5.32E07,2.041E+6,
5.36E07,2.040E+6,
5.4E07,2.041E+6,
5.44E07,2.040E+6,
5.48E07,2.041E+6,
5.52E07,2.041E+6,
5.56E07,2.039E+6,
5.6E07,2.041E+6,
5.64E07,2.040E+6,
5.68E07,2.041E+6,
5.72E07,2.039E+6,
5.76E07,2.042E+6,
5.8E07,2.041E+6,
5.84E07,2.041E+6,
5.88E07,2.040E+6,
5.92E07,2.042E+6,
5.96E07,2.039E+6,
6E07,2.041E+6,
6.04E07,2.040E+6,
6.08E07,2.041E+6,
6.12E07,2.040E+6,
6.16E07,2.041E+6,
6.2E07,2.042E+6,
6.24E07,2.040E+6,
6.28E07,2.041E+6,
6.32E07,2.041E+6,
6.36E07,2.040E+6,
64000005.000000,2.042E+6,
64400005.000000,2.042E+6,
64800005.000000,2.041E+6,
65200005.000000,2.042E+6,
65600005.000000,2.042E+6,
66000005.000000,2.042E+6,
66400005.000000,2.042E+6,
66800005.000000,2.043E+6,
67200005.000000,2.042E+6,
67600005.000000,2.041E+6,
68000005.000000,2.042E+6,
68400005.000000,2.041E+6,
68800005.000000,2.042E+6,
69200005.000000,2.041E+6,
69600005.000000,2.041E+6,
70000005.000000,2.041E+6,
70400006.000000,2.043E+6,
70800006.000000,2.042E+6,
71200006.000000,2.042E+6,
71600006.000000,2.042E+6,
72000006.000000,2.042E+6,
72400006.000000,2.042E+6,
72800006.000000,2.041E+6,
73200006.000000,2.042E+6,
73600006.000000,2.044E+6,
74000006.000000,2.044E+6,
74400006.000000,2.042E+6,
74800006.000000,2.042E+6,
75200006.000000,2.043E+6,
75600006.000000,2.041E+6,
76000006.000000,2.042E+6,
76400006.000000,2.045E+6,
76800006.000000,2.042E+6,
77200006.000000,2.044E+6,
77600006.000000,2.041E+6,
78000006.000000,2.042E+6,
78400006.000000,2.042E+6,
78800006.000000,2.043E+6,
79200006.000000,2.043E+6,
79600006.000000,2.042E+6,
80000006.000000,2.042E+6,
80400006.000000,2.044E+6,
80800006.000000,2.044E+6,
81200006.000000,2.042E+6,
81600006.000000,2.041E+6,
82000006.000000,2.044E+6,
82400006.000000,2.044E+6,
82800006.000000,2.042E+6,
83200007.000000,2.044E+6,
83600007.000000,2.044E+6,
84000007.000000,2.044E+6,
84400007.000000,2.043E+6,
84800007.000000,2.042E+6,
85200007.000000,2.043E+6,
85600007.000000,2.043E+6,
86000007.000000,2.043E+6,
86400007.000000,2.043E+6,
86800007.000000,2.044E+6,
87200007.000000,2.043E+6,
87600007.000000,2.043E+6,
88000007.000000,2.045E+6,
88400007.000000,2.043E+6,
88800007.000000,2.043E+6,
89200007.000000,2.044E+6,
89600007.000000,2.044E+6,
90000007.000000,2.043E+6,
90400007.000000,2.045E+6,
90800007.000000,2.044E+6,
91200007.000000,2.044E+6,
91600007.000000,2.045E+6,
92000007.000000,2.044E+6,
92400007.000000,2.044E+6,
92800007.000000,2.044E+6,
93200007.000000,2.045E+6,
93600007.000000,2.045E+6,
94000007.000000,2.043E+6,
94400007.000000,2.044E+6,
94800007.000000,2.042E+6,
95200007.000000,2.045E+6,
95600007.000000,2.045E+6,
96000008.000000,2.045E+6,
96400008.000000,2.045E+6,
96800008.000000,2.046E+6,
97200008.000000,2.045E+6,
97600008.000000,2.045E+6,
98000008.000000,2.044E+6,
98400008.000000,2.043E+6,
98800008.000000,2.043E+6,
99200008.000000,2.045E+6,
99600008.000000,2.045E+6,
1E08,2.045E+6,
1.004E008,2.044E+6,
1.008E008,2.047E+6,
1.012E008,2.052E+6,
1.016E008,2.056E+6,
1.02E08,2.059E+6,
1.024E008,2.063E+6,
1.028E008,2.064E+6,
1.032E008,2.067E+6,
1.036E008,2.068E+6,
1.04E08,2.069E+6,
1.044E008,2.069E+6,
1.048E008,2.068E+6,
1.052E008,2.063E+6,
1.056E008,2.060E+6,
1.06E08,2.054E+6,
1.064E008,2.046E+6,
1.068E008,2.037E+6,
1.072E008,2.027E+6,
1.076E008,2.028E+6,
1.08E08,2.015E+6,
1.084E008,1.994E+6,
1.088E008,1.970E+6,
1.092E008,1.945E+6,
1.096E008,1.924E+6,
1.1E08,1.900E+6,
1.104E008,1.873E+6,
1.108E008,1.847E+6,
1.112E008,1.821E+6,
1.116E008,1.793E+6,
1.12E08,1.763E+6,
1.124E008,1.734E+6,
1.128E008,1.704E+6,
1.132E008,1.673E+6,
1.136E008,1.641E+6,
1.14E08,1.610E+6,
1.144E008,1.576E+6,
1.148E008,1.544E+6,
1.152E008,1.511E+6,
1.156E008,1.478E+6,
1.16E08,1.446E+6,
1.164E008,1.412E+6,
1.168E008,1.377E+6,
1.172E008,1.346E+6,
1.176E008,1.315E+6,
1.18E08,1.283E+6,
1.184E008,1.252E+6,
1.188E008,1.216E+6,
1.192E008,1.188E+6,
1.196E008,1.159E+6,
1.2E08,1.128E+6,
1.204E008,1.098E+6,
1.208E008,1.069E+6,
1.212E008,1.039E+6,
1.216E008,1.012E+6,
1.22E08,9.850E+5,
1.224E008,9.575E+5,
1.228E008,9.304E+5,
1.232E008,9.049E+5,
1.236E008,8.781E+5,
1.24E08,8.551E+5,
1.244E008,8.293E+5,
1.248E008,8.057E+5,
1.252E008,7.811E+5,
1.256E008,7.567E+5,
1.26E08,7.337E+5,
1.264E008,7.146E+5,
1.268E008,6.932E+5,
1.272E008,6.721E+5,
1.276E008,6.524E+5,
1.28E08,6.314E+5,
1.284E008,6.116E+5,
1.288E008,5.929E+5,
1.292E008,5.744E+5,
1.296E008,5.564E+5,
1.3E08,5.383E+5,
1.304E008,5.213E+5,
1.308E008,5.054E+5,
1.312E008,4.885E+5,
1.316E008,4.729E+5,
1.32E08,4.566E+5,
1.324E008,4.422E+5,
1.328E008,4.283E+5,
1.332E008,4.133E+5,
1.336E008,3.995E+5,
1.34E08,3.870E+5,
1.344E008,3.737E+5,
1.348E008,3.614E+5,
1.352E008,3.483E+5,
1.356E008,3.364E+5,
1.36E08,3.251E+5,
1.364E008,3.141E+5,
1.368E008,3.039E+5,
1.372E008,2.929E+5,
1.376E008,2.832E+5,
1.38E08,2.736E+5,
1.384E008,2.638E+5,
1.388E008,2.546E+5,
1.392E008,2.462E+5,
1.396E008,2.377E+5,
1.4E08,2.302E+5,
1.404E008,2.218E+5,
1.408E008,2.136E+5,
1.412E008,2.066E+5,
1.416E008,1.992E+5,
1.42E08,1.920E+5,
1.424E008,1.849E+5,
1.428E008,1.786E+5,
1.432E008,1.726E+5,
1.436E008,1.665E+5,
1.44E08,1.611E+5,
1.444E008,1.552E+5,
1.448E008,1.497E+5,
1.452E008,1.457E+5,
1.456E008,1.405E+5,
1.46E08,1.348E+5,
1.464E008,1.298E+5,
1.468E008,1.261E+5,
1.472E008,1.211E+5,
1.476E008,1.173E+5,
1.48E08,1.130E+5,
1.484E008,1.093E+5,
1.488E008,1.052E+5,
1.492E008,1.023E+5,
1.496E008,9.840E+4,
1.5E08,9.544E+4,
1.504E008,9.231E+4,
1.508E008,8.873E+4,
1.512E008,8.571E+4,
1.516E008,8.383E+4,
1.52E08,7.982E+4,
1.524E008,7.778E+4,
1.528E008,7.543E+4,
1.532E008,7.239E+4,
1.536E008,7.020E+4,
1.54E08,6.763E+4,
1.544E008,6.579E+4,
1.548E008,6.380E+4,
1.552E008,6.130E+4,
1.556E008,5.953E+4,
1.56E08,5.726E+4,
1.564E008,5.568E+4,
1.568E008,5.404E+4,
1.572E008,5.250E+4,
1.576E008,5.053E+4,
1.58E08,4.929E+4,
1.584E008,4.718E+4,
1.588E008,4.621E+4,
1.592E008,4.502E+4,
1.596E008,4.344E+4,
1.6E08,4.204E+4,
1.604E008,4.055E+4,
1.608E008,3.909E+4,
1.612E008,3.804E+4,
1.616E008,3.700E+4,
1.62E08,3.621E+4,
1.624E008,3.517E+4,
1.628E008,3.407E+4,
1.632E008,3.307E+4,
1.636E008,3.246E+4,
1.64E08,3.124E+4,
1.644E008,3.090E+4,
1.648E008,2.963E+4,
1.652E008,2.913E+4,
1.656E008,2.789E+4,
1.66E08,2.770E+4,
1.664E008,2.675E+4,
1.668E008,2.597E+4,
1.672E008,2.530E+4,
1.676E008,2.516E+4,
1.68E08,2.391E+4,
1.684E008,2.364E+4,
1.688E008,2.313E+4,
1.692E008,2.244E+4,
1.696E008,2.185E+4,
1.7E08,2.120E+4,
1.704E008,2.098E+4,
1.708E008,2.047E+4,
1.712E008,1.999E+4,
1.716E008,1.954E+4,
1.72E08,1.922E+4,
1.724E008,1.888E+4,
1.728E008,1.827E+4,
1.732E008,1.828E+4,
1.736E008,1.749E+4,
1.74E08,1.740E+4,
1.744E008,1.695E+4,
1.748E008,1.682E+4,
1.752E008,1.644E+4,
1.756E008,1.613E+4,
1.76E08,1.587E+4,
1.764E008,1.543E+4,
1.768E008,1.531E+4,
1.772E008,1.520E+4,
1.776E008,1.456E+4,
1.78E08,1.463E+4,
1.784E008,1.421E+4,
1.788E008,1.404E+4,
1.792E008,1.387E+4,
1.796E008,1.379E+4,
1.8E08,1.349E+4,
1.804E008,1.311E+4,
1.808E008,1.323E+4,
1.812E008,1.286E+4,
1.816E008,1.298E+4,
1.82E08,1.268E+4,
1.824E008,1.276E+4,
1.828E008,1.230E+4,
1.832E008,1.220E+4,
1.836E008,1.231E+4,
1.84E08,1.187E+4,
1.844E008,1.187E+4,
1.848E008,1.180E+4,
1.852E008,1.151E+4,
1.856E008,1.182E+4,
1.86E08,1.132E+4,
1.864E008,1.129E+4,
1.868E008,1.112E+4,
1.872E008,1.098E+4,
1.876E008,1.107E+4,
1.88E08,1.088E+4,
1.884E008,1.093E+4,
1.888E008,1.061E+4,
1.892E008,1.066E+4,
1.896E008,1.060E+4,
1.9E08,1.033E+4,
1.904E008,1.048E+4,
1.908E008,1.034E+4,
1.912E008,1.020E+4,
1.916E008,1.026E+4,
1.92E08,1.014E+4,
1.924E008,9.997E+3,
1.928E008,9.917E+3,
1.932E008,9.981E+3,
1.936E008,1.010E+4,
1.94E08,9.801E+3,
1.944E008,9.826E+3,
1.948E008,9.769E+3,
1.952E008,9.952E+3,
1.956E008,9.671E+3,
1.96E08,9.705E+3,
1.964E008,9.691E+3,
1.968E008,9.607E+3,
1.972E008,9.420E+3,
1.976E008,9.442E+3,
1.98E08,9.419E+3,
1.984E008,9.473E+3,
1.988E008,9.213E+3,
1.992E008,9.349E+3,
1.996E008,9.261E+3,
2E08,9.231E+3,
2.004E008,9.205E+3,
2.008E008,9.279E+3,
2.012E008,9.129E+3,
2.016E008,9.106E+3,
2.02E08,9.240E+3,
2.024E008,9.134E+3,
2.028E008,9.081E+3,
2.032E008,9.174E+3,
2.036E008,9.067E+3,
2.04E08,8.942E+3,
2.044E008,9.034E+3,
2.048E008,8.990E+3,
2.052E008,8.953E+3,
2.056E008,8.992E+3,
2.06E08,8.818E+3,
2.064E008,8.896E+3,
2.068E008,8.843E+3,
2.072E008,8.886E+3,
2.076E008,9.025E+3,
2.08E08,8.842E+3,
2.084E008,8.701E+3,
2.088E008,8.943E+3,
2.092E008,8.744E+3,
2.096E008,8.796E+3,
2.1E08,8.755E+3,
2.104E008,8.809E+3,
2.108E008,8.806E+3,
2.112E008,8.713E+3,
2.116E008,8.737E+3,
2.12E08,8.712E+3,
2.124E008,8.754E+3,
2.128E008,8.728E+3,
2.132E008,8.640E+3,
2.136E008,8.779E+3,
2.14E08,8.653E+3,
2.144E008,8.743E+3,
2.148E008,8.719E+3,
2.152E008,8.771E+3,
2.156E008,8.462E+3,
2.16E08,8.577E+3,
2.164E008,8.704E+3,
2.168E008,8.521E+3,
2.172E008,8.408E+3,
2.176E008,8.637E+3,
2.18E08,8.880E+3,
2.184E008,8.630E+3,
2.188E008,8.721E+3,
2.192E008,8.671E+3,
2.196E008,8.502E+3,
2.2E08,8.571E+3,
2.204E008,8.370E+3,
2.208E008,8.459E+3,
2.212E008,8.306E+3,
2.216E008,8.663E+3,
2.22E08,8.563E+3,
2.224E008,8.462E+3,
2.228E008,8.540E+3,
2.232E008,8.548E+3,
2.236E008,8.407E+3,
2.24E08,8.705E+3,
2.244E008,8.640E+3,
2.248E008,8.429E+3,
2.252E008,8.364E+3,
2.256E008,8.533E+3,
2.26E08,8.493E+3,
2.264E008,8.463E+3,
2.268E008,8.314E+3,
2.272E008,8.401E+3,
2.276E008,8.541E+3,
2.28E08,8.439E+3,
2.284E008,8.396E+3,
2.288E008,8.424E+3,
2.292E008,8.373E+3,
2.296E008,8.536E+3,
2.3E08,8.449E+3,
2.304E008,8.591E+3,
2.308E008,8.365E+3,
2.312E008,8.632E+3,
2.316E008,8.484E+3,
2.32E08,8.363E+3,
2.324E008,8.231E+3,
2.328E008,8.450E+3,
2.332E008,8.386E+3,
2.336E008,8.181E+3,
2.34E08,8.337E+3,
2.344E008,8.463E+3,
2.348E008,8.389E+3,
2.352E008,8.191E+3,
2.356E008,8.413E+3,
2.36E08,8.489E+3,
2.364E008,8.439E+3,
2.368E008,8.479E+3,
2.372E008,8.256E+3,
2.376E008,8.401E+3,
2.38E08,8.478E+3,
2.384E008,8.371E+3,
2.388E008,8.533E+3,
2.392E008,8.289E+3,
2.396E008,8.488E+3,
2.4E08,8.721E+3,
2.404E008,8.349E+3,
2.408E008,8.339E+3,
2.412E008,8.550E+3,
2.416E008,8.318E+3,
2.42E08,8.432E+3,
2.424E008,8.584E+3,
2.428E008,8.353E+3,
2.432E008,8.330E+3,
2.436E008,8.349E+3,
2.44E08,8.455E+3,
2.444E008,8.402E+3,
2.448E008,8.461E+3,
2.452E008,8.326E+3,
2.456E008,8.452E+3,
2.46E08,8.404E+3,
2.464E008,8.361E+3,
2.468E008,8.419E+3,
2.472E008,8.404E+3,
2.476E008,8.449E+3,
2.48E08,8.552E+3,
2.484E008,8.279E+3,
2.488E008,8.518E+3,
2.492E008,8.541E+3,
2.496E008,8.441E+3,
2.5E08,8.600E+3,
2.504E008,8.343E+3,
2.508E008,8.533E+3,
2.512E008,8.499E+3,
2.516E008,8.250E+3,
2.52E08,8.230E+3,
2.524E008,8.418E+3,
2.528E008,8.379E+3,
2.532E008,8.567E+3,
2.536E008,8.543E+3,
2.54E08,8.480E+3,
2.544E008,8.291E+3,
2.548E008,8.338E+3,
2.552E008,8.569E+3,
2.556E008,8.438E+3,
2.56E08,8.375E+3,
2.564E008,8.294E+3,
2.568E008,8.364E+3,
2.572E008,8.336E+3,
2.576E008,8.432E+3,
2.58E08,8.448E+3,
2.584E008,8.153E+3,
2.588E008,8.346E+3,
2.592E008,8.354E+3,
2.596E008,8.301E+3,
2.6E08,8.322E+3,
2.604E008,8.449E+3,
2.608E008,8.445E+3,
2.612E008,8.412E+3,
2.616E008,8.237E+3,
2.62E08,8.395E+3,
2.624E008,8.395E+3,
2.628E008,8.539E+3,
2.632E008,8.369E+3,
2.636E008,8.384E+3,
2.64E08,8.426E+3,
2.644E008,8.339E+3,
2.648E008,8.339E+3,
2.652E008,8.319E+3,
2.656E008,8.275E+3,
2.66E08,8.350E+3,
2.664E008,8.466E+3,
2.668E008,8.221E+3,
2.672E008,8.400E+3,
2.676E008,8.440E+3,
2.68E08,8.269E+3,
2.684E008,8.263E+3,
2.688E008,8.324E+3,
2.692E008,8.529E+3,
2.696E008,8.372E+3,
2.7E08,8.466E+3,
2.704E008,8.344E+3,
2.708E008,8.184E+3,
2.712E008,8.322E+3,
2.716E008,8.630E+3,
2.72E08,8.450E+3,
2.724E008,8.419E+3,
2.728E008,8.429E+3,
2.732E008,8.457E+3,
2.736E008,8.338E+3,
2.74E08,8.411E+3,
2.744E008,8.469E+3,
2.748E008,8.496E+3,
2.752E008,8.366E+3,
2.756E008,8.328E+3,
2.76E08,8.427E+3,
2.764E008,8.346E+3,
2.768E008,8.450E+3,
2.772E008,8.325E+3,
2.776E008,8.416E+3,
2.78E08,8.441E+3,
2.784E008,8.469E+3,
2.788E008,8.417E+3,
2.792E008,8.604E+3,
2.796E008,8.436E+3,
2.8E08,8.530E+3,
2.804E008,8.206E+3,
2.808E008,8.382E+3,
2.812E008,8.273E+3,
2.816E008,8.384E+3,
2.82E08,8.397E+3,
2.824E008,8.329E+3,
2.828E008,8.536E+3,
2.832E008,8.240E+3,
2.836E008,8.266E+3,
2.84E08,8.428E+3,
2.844E008,8.434E+3,
2.848E008,8.392E+3,
2.852E008,8.385E+3,
2.856E008,8.417E+3,
2.86E08,8.293E+3,
2.864E008,8.405E+3,
2.868E008,8.526E+3,
2.872E008,8.348E+3,
2.876E008,8.305E+3,
2.88E08,8.286E+3,
2.884E008,8.267E+3,
2.888E008,8.517E+3,
2.892E008,8.316E+3,
2.896E008,8.468E+3,
2.9E08,8.459E+3,
2.904E008,8.274E+3,
2.908E008,8.467E+3,
2.912E008,8.575E+3,
2.916E008,8.341E+3,
2.92E08,8.228E+3,
2.924E008,8.390E+3,
2.928E008,8.375E+3,
2.932E008,8.417E+3,
2.936E008,8.226E+3,
2.94E08,8.396E+3,
2.944E008,8.355E+3,
2.948E008,8.231E+3,
2.952E008,8.465E+3,
2.956E008,8.470E+3,
2.96E08,8.122E+3,
2.964E008,8.273E+3,
2.968E008,8.201E+3,
2.972E008,8.350E+3,
2.976E008,8.332E+3,
2.98E08,8.350E+3,
2.984E008,8.226E+3,
2.988E008,8.398E+3,
2.992E008,8.381E+3,
2.996E008,8.292E+3,
3E08,8.390E+3,
3.004E008,8.339E+3,
3.008E008,8.404E+3,
3.012E008,8.309E+3,
3.016E008,8.509E+3,
3.02E08,8.377E+3,
3.024E008,8.433E+3,
3.028E008,8.278E+3,
3.032E008,8.566E+3,
3.036E008,8.309E+3,
3.04E08,8.388E+3,
3.044E008,8.578E+3,
3.048E008,8.314E+3,
3.052E008,8.400E+3,
3.056E008,8.409E+3,
3.06E08,8.447E+3,
3.064E008,8.480E+3,
3.068E008,8.375E+3,
3.072E008,8.466E+3,
3.076E008,8.327E+3,
3.08E08,8.495E+3,
3.084E008,8.198E+3,
3.088E008,8.421E+3,
3.092E008,8.328E+3,
3.096E008,8.498E+3,
3.1E08,8.417E+3,
3.104E008,8.364E+3,
3.108E008,8.414E+3,
3.112E008,8.355E+3,
3.116E008,8.124E+3,
3.12E08,8.379E+3,
3.124E008,8.395E+3,
3.128E008,8.267E+3,
3.132E008,8.563E+3,
3.136E008,8.338E+3,
3.14E08,8.185E+3,
3.144E008,8.265E+3,
3.148E008,8.356E+3,
3.152E008,8.264E+3,
3.156E008,8.307E+3,
3.16E08,8.405E+3,
3.164E008,8.286E+3,
3.168E008,8.319E+3,
3.172E008,8.334E+3,
3.176E008,8.250E+3,
3.18E08,8.357E+3,
3.184E008,8.517E+3,
3.188E008,8.385E+3,
3.192E008,8.281E+3,
3.196E008,8.478E+3,
3.2E08,8.520E+3,
3.204E008,8.427E+3,
3.208E008,8.376E+3,
3.212E008,8.472E+3,
3.216E008,8.420E+3,
3.22E08,8.423E+3,
3.224E008,8.279E+3,
3.228E008,8.369E+3,
3.232E008,8.513E+3,
3.236E008,8.361E+3,
3.24E08,8.377E+3,
3.244E008,8.337E+3,
3.248E008,8.556E+3,
3.252E008,8.219E+3,
3.256E008,8.494E+3,
3.26E08,8.501E+3,
3.264E008,8.351E+3,
3.268E008,8.224E+3,
3.272E008,8.315E+3,
3.276E008,8.307E+3,
3.28E08,8.315E+3,
3.284E008,8.573E+3,
3.288E008,8.388E+3,
3.292E008,8.251E+3,
3.296E008,8.380E+3,
3.3E08,8.473E+3,
3.304E008,8.276E+3,
3.308E008,8.221E+3,
3.312E008,8.327E+3,
3.316E008,8.335E+3,
3.32E08,8.510E+3,
3.324E008,8.363E+3,
3.328E008,8.415E+3,
3.332E008,8.328E+3,
3.336E008,8.321E+3,
3.34E08,8.384E+3,
3.344E008,8.378E+3,
3.348E008,8.191E+3,
3.352E008,8.296E+3,
3.356E008,8.318E+3,
3.36E08,8.321E+3,
3.364E008,8.367E+3,
3.368E008,8.212E+3,
3.372E008,8.331E+3,
3.376E008,8.358E+3,
3.38E08,8.296E+3,
3.384E008,8.291E+3,
3.388E008,8.459E+3,
3.392E008,8.162E+3,
3.396E008,8.301E+3,
3.4E08,8.456E+3,
3.404E008,8.288E+3,
3.408E008,8.134E+3,
3.412E008,8.289E+3,
3.416E008,8.511E+3,
3.42E08,8.358E+3,
3.424E008,8.324E+3,
3.428E008,8.310E+3,
3.432E008,8.286E+3,
3.436E008,8.403E+3,
3.44E08,8.292E+3,
3.444E008,8.275E+3,
3.448E008,8.214E+3,
3.452E008,8.353E+3,
3.456E008,8.271E+3,
3.46E08,8.407E+3,
3.464E008,8.349E+3,
3.468E008,8.314E+3,
3.472E008,8.346E+3,
3.476E008,8.276E+3,
3.48E08,8.366E+3,
3.484E008,8.336E+3,
3.488E008,8.368E+3,
3.492E008,8.506E+3,
3.496E008,8.557E+3,
3.5E08,8.408E+3,
3.504E008,8.256E+3,
3.508E008,8.339E+3,
3.512E008,8.432E+3,
3.516E008,8.253E+3,
3.52E08,8.339E+3,
3.524E008,8.304E+3,
3.528E008,8.199E+3,
3.532E008,8.346E+3,
3.536E008,8.409E+3,
3.54E08,8.414E+3,
3.544E008,8.307E+3,
3.548E008,8.393E+3,
3.552E008,8.230E+3,
3.556E008,8.367E+3,
3.56E08,8.499E+3,
3.564E008,8.358E+3,
3.568E008,8.434E+3,
3.572E008,8.339E+3,
3.576E008,8.231E+3,
3.58E08,8.561E+3,
3.584E008,8.391E+3,
3.588E008,8.244E+3,
3.592E008,8.500E+3,
3.596E008,8.403E+3,
3.6E08,8.406E+3,
3.604E008,8.625E+3,
3.608E008,8.179E+3,
3.612E008,8.202E+3,
3.616E008,8.384E+3,
3.62E08,8.292E+3,
3.624E008,8.231E+3,
3.628E008,8.396E+3,
3.632E008,8.614E+3,
3.636E008,8.479E+3,
3.64E08,8.420E+3,
3.644E008,8.473E+3,
3.648E008,8.462E+3,
3.652E008,8.514E+3,
3.656E008,8.398E+3,
3.66E08,8.292E+3,
3.664E008,8.536E+3,
3.668E008,8.577E+3,
3.672E008,8.311E+3,
3.676E008,8.539E+3,
3.68E08,8.364E+3,
3.684E008,8.233E+3,
3.688E008,8.568E+3,
3.692E008,8.351E+3,
3.696E008,8.377E+3,
3.7E08,8.214E+3,
3.704E008,8.302E+3,
3.708E008,8.453E+3,
3.712E008,8.395E+3,
3.716E008,8.433E+3,
3.72E08,8.325E+3,
3.724E008,8.313E+3,
3.728E008,8.334E+3,
3.732E008,8.382E+3,
3.736E008,8.454E+3,
3.74E08,8.373E+3,
3.744E008,8.308E+3,
3.748E008,8.556E+3,
3.752E008,8.298E+3,
3.756E008,8.331E+3,
3.76E08,8.475E+3,
3.764E008,8.349E+3,
3.768E008,8.240E+3,
3.772E008,8.433E+3,
3.776E008,8.346E+3,
3.78E08,8.236E+3,
3.784E008,8.398E+3,
3.788E008,8.217E+3,
3.792E008,8.461E+3,
3.796E008,8.310E+3,
3.8E08,8.321E+3,
3.804E008,8.378E+3,
3.808E008,8.345E+3,
3.812E008,8.498E+3,
3.816E008,8.493E+3,
3.82E08,8.391E+3,
3.824E008,8.250E+3,
3.828E008,8.532E+3,
3.832E008,8.236E+3,
3.836E008,8.522E+3,
3.84E08,8.416E+3,
3.844E008,8.302E+3,
3.848E008,8.312E+3,
3.852E008,8.434E+3,
3.856E008,8.485E+3,
3.86E08,8.516E+3,
3.864E008,8.296E+3,
3.868E008,8.318E+3,
3.872E008,8.365E+3,
3.876E008,8.310E+3,
3.88E08,8.315E+3,
3.884E008,8.329E+3,
3.888E008,8.471E+3,
3.892E008,8.373E+3,
3.896E008,8.284E+3,
3.9E08,8.419E+3,
3.904E008,8.147E+3,
3.908E008,8.427E+3,
3.912E008,8.594E+3,
3.916E008,8.436E+3,
3.92E08,8.502E+3,
3.924E008,8.268E+3,
3.928E008,8.460E+3,
3.932E008,8.328E+3,
3.936E008,8.210E+3,
3.94E08,8.425E+3,
3.944E008,8.157E+3,
3.948E008,8.448E+3,
3.952E008,8.313E+3,
3.956E008,8.272E+3,
3.96E08,8.563E+3,
3.964E008,8.394E+3,
3.968E008,8.151E+3,
3.972E008,8.346E+3,
3.976E008,8.340E+3,
3.98E08,8.367E+3,
3.984E008,8.230E+3,
3.988E008,8.521E+3,
3.992E008,8.420E+3,
3.996E008,8.382E+3,
