Labels,T16,
Type,Time Scan,
Comment,,
Start,0.00,
Stop,1.998E008,
Step,2E05,
Fixed/Offset, ,
XAxis,Time,
YAxis,Counts,

0.00,1.330E+4,
2E05,3.759E+4,
4E05,3.686E+4,
6E05,3.606E+4,
800000.060000,3.570E+4,
1E06,3.502E+4,
1.2E06,3.452E+4,
1.4E06,3.384E+4,
1.6E06,3.364E+4,
1.8E06,3.303E+4,
2E06,3.250E+4,
2.2E06,3.222E+4,
2.4E06,3.157E+4,
2.6E06,3.148E+4,
2.8E06,3.068E+4,
3E06,3.020E+4,
3.2E06,2.994E+4,
3.4E06,2.962E+4,
3.6E06,2.887E+4,
3.8E06,2.897E+4,
4E06,2.838E+4,
4.2E06,2.797E+4,
4.4E06,2.767E+4,
4.6E06,2.733E+4,
4.8E06,2.700E+4,
5E06,2.653E+4,
5.2E06,2.652E+4,
5.4E06,2.594E+4,
5.6E06,2.582E+4,
5.8E06,2.539E+4,
6E06,2.524E+4,
6.2E06,2.481E+4,
6400000.500000,2.422E+4,
6600000.500000,2.407E+4,
6800000.500000,2.396E+4,
7000000.500000,2.333E+4,
7200000.600000,2.359E+4,
7400000.600000,2.298E+4,
7600000.600000,2.251E+4,
7800000.600000,2.262E+4,
8000000.600000,2.240E+4,
8200000.600000,2.190E+4,
8400000.700000,2.140E+4,
8600000.700000,2.139E+4,
8800000.700000,2.112E+4,
9000000.700000,2.083E+4,
9200000.700000,2.064E+4,
9400000.700000,2.031E+4,
9600000.800000,2.034E+4,
9800000.800000,2.022E+4,
1E07,2.005E+4,
1.02E07,1.983E+4,
1.04E07,1.946E+4,
1.06E07,1.910E+4,
1.08E07,1.896E+4,
1.1E07,1.885E+4,
1.12E07,1.841E+4,
1.14E07,1.832E+4,
1.16E07,1.827E+4,
1.18E07,1.822E+4,
1.2E07,1.802E+4,
1.22E07,1.776E+4,
1.24E07,1.744E+4,
1.26E07,1.742E+4,
1.28E07,1.721E+4,
1.3E07,1.698E+4,
1.32E07,1.669E+4,
1.34E07,1.668E+4,
1.36E07,1.646E+4,
1.38E07,1.644E+4,
1.4E07,1.621E+4,
1.42E07,1.598E+4,
1.44E07,1.584E+4,
1.46E07,1.586E+4,
1.48E07,1.578E+4,
1.5E07,1.542E+4,
1.52E07,1.519E+4,
1.54E07,1.536E+4,
1.56E07,1.506E+4,
1.58E07,1.473E+4,
1.6E07,1.462E+4,
1.62E07,1.474E+4,
1.64E07,1.477E+4,
1.66E07,1.431E+4,
1.68E07,1.422E+4,
1.7E07,1.391E+4,
1.72E07,1.412E+4,
1.74E07,1.382E+4,
1.76E07,1.381E+4,
1.78E07,1.362E+4,
1.8E07,1.351E+4,
1.82E07,1.323E+4,
1.84E07,1.343E+4,
1.86E07,1.329E+4,
1.88E07,1.342E+4,
1.9E07,1.297E+4,
1.92E07,1.299E+4,
1.94E07,1.297E+4,
1.96E07,1.299E+4,
1.98E07,1.265E+4,
2E07,1.277E+4,
2.02E07,1.257E+4,
2.04E07,1.261E+4,
2.06E07,1.221E+4,
2.08E07,1.236E+4,
2.1E07,1.220E+4,
2.12E07,1.209E+4,
2.14E07,1.221E+4,
2.16E07,1.221E+4,
2.18E07,1.166E+4,
2.2E07,1.185E+4,
2.22E07,1.190E+4,
2.24E07,1.166E+4,
2.26E07,1.150E+4,
2.28E07,1.153E+4,
2.3E07,1.152E+4,
2.32E07,1.124E+4,
2.34E07,1.124E+4,
2.36E07,1.123E+4,
2.38E07,1.095E+4,
2.4E07,1.114E+4,
2.42E07,1.097E+4,
2.44E07,1.103E+4,
2.46E07,1.108E+4,
2.48E07,1.090E+4,
2.5E07,1.085E+4,
2.52E07,1.077E+4,
2.54E07,1.075E+4,
2.56E07,1.082E+4,
2.58E07,1.067E+4,
2.6E07,1.057E+4,
2.62E07,1.045E+4,
2.64E07,1.060E+4,
2.66E07,1.051E+4,
2.68E07,1.052E+4,
2.7E07,1.010E+4,
2.72E07,1.042E+4,
2.74E07,1.032E+4,
2.76E07,1.015E+4,
2.78E07,9.877E+3,
2.8E07,9.998E+3,
2.82E07,9.891E+3,
2.84E07,9.971E+3,
2.86E07,9.991E+3,
2.88E07,9.807E+3,
2.9E07,9.842E+3,
2.92E07,9.864E+3,
2.94E07,9.876E+3,
2.96E07,9.846E+3,
2.98E07,9.546E+3,
3E07,9.737E+3,
3.02E07,9.811E+3,
3.04E07,9.526E+3,
3.06E07,9.469E+3,
3.08E07,9.361E+3,
3.1E07,9.690E+3,
3.12E07,9.367E+3,
3.14E07,9.533E+3,
3.16E07,9.253E+3,
3.18E07,9.296E+3,
3.2E07,9.420E+3,
3.22E07,9.202E+3,
3.24E07,9.328E+3,
3.26E07,9.465E+3,
3.28E07,9.287E+3,
3.3E07,9.235E+3,
3.32E07,9.179E+3,
3.34E07,9.044E+3,
3.36E07,9.177E+3,
3.38E07,8.907E+3,
3.4E07,9.046E+3,
3.42E07,9.128E+3,
3.44E07,8.786E+3,
3.46E07,9.003E+3,
3.48E07,8.920E+3,
3.5E07,8.802E+3,
3.52E07,8.964E+3,
3.54E07,8.921E+3,
3.56E07,8.801E+3,
3.58E07,8.682E+3,
3.6E07,8.867E+3,
3.62E07,8.620E+3,
3.64E07,8.808E+3,
3.66E07,8.711E+3,
3.68E07,8.631E+3,
3.7E07,8.637E+3,
3.72E07,8.745E+3,
3.74E07,8.614E+3,
3.76E07,8.686E+3,
3.78E07,8.470E+3,
3.8E07,8.719E+3,
3.82E07,8.541E+3,
3.84E07,8.567E+3,
3.86E07,8.510E+3,
3.88E07,8.577E+3,
3.9E07,8.466E+3,
3.92E07,8.562E+3,
3.94E07,8.631E+3,
3.96E07,8.442E+3,
3.98E07,8.694E+3,
4E07,8.489E+3,
4.02E07,8.475E+3,
4.04E07,8.526E+3,
4.06E07,8.401E+3,
4.08E07,8.479E+3,
4.1E07,8.579E+3,
4.12E07,8.326E+3,
4.14E07,8.354E+3,
4.16E07,8.316E+3,
4.18E07,8.338E+3,
4.2E07,8.419E+3,
4.22E07,8.284E+3,
4.24E07,8.366E+3,
4.26E07,8.273E+3,
4.28E07,8.288E+3,
4.3E07,8.282E+3,
4.32E07,8.263E+3,
4.34E07,8.184E+3,
4.36E07,8.265E+3,
4.38E07,8.179E+3,
4.4E07,8.154E+3,
4.42E07,8.230E+3,
4.44E07,8.235E+3,
4.46E07,8.261E+3,
4.48E07,8.029E+3,
4.5E07,8.084E+3,
4.52E07,8.025E+3,
4.54E07,7.994E+3,
4.56E07,8.203E+3,
4.58E07,8.104E+3,
4.6E07,8.206E+3,
4.62E07,8.200E+3,
4.64E07,8.228E+3,
4.66E07,8.085E+3,
4.68E07,8.117E+3,
4.7E07,8.099E+3,
4.72E07,8.165E+3,
4.74E07,7.984E+3,
4.76E07,8.012E+3,
4.78E07,8.105E+3,
4.8E07,8.068E+3,
4.82E07,8.032E+3,
4.84E07,8.204E+3,
4.86E07,7.965E+3,
4.88E07,7.962E+3,
4.9E07,7.970E+3,
4.92E07,7.878E+3,
4.94E07,8.095E+3,
4.96E07,7.769E+3,
4.98E07,8.018E+3,
5E07,7.883E+3,
5.02E07,8.074E+3,
5.04E07,7.975E+3,
5.06E07,7.805E+3,
5.08E07,7.869E+3,
5.1E07,8.011E+3,
5.12E07,7.992E+3,
5.14E07,7.748E+3,
5.16E07,7.990E+3,
5.18E07,7.890E+3,
5.2E07,7.701E+3,
5.22E07,7.951E+3,
5.24E07,7.937E+3,
5.26E07,7.841E+3,
5.28E07,7.781E+3,
5.3E07,7.843E+3,
5.32E07,7.720E+3,
5.34E07,7.909E+3,
5.36E07,8.159E+3,
5.38E07,7.866E+3,
5.4E07,7.812E+3,
5.42E07,7.851E+3,
5.44E07,7.798E+3,
5.46E07,7.839E+3,
5.48E07,8.034E+3,
5.5E07,7.811E+3,
5.52E07,7.822E+3,
5.54E07,7.823E+3,
5.56E07,7.817E+3,
5.58E07,7.850E+3,
5.6E07,7.658E+3,
5.62E07,7.710E+3,
5.64E07,7.793E+3,
5.66E07,7.852E+3,
5.68E07,7.893E+3,
5.7E07,7.971E+3,
5.72E07,7.674E+3,
5.74E07,7.806E+3,
5.76E07,7.524E+3,
5.78E07,7.736E+3,
5.8E07,7.861E+3,
5.82E07,7.850E+3,
5.84E07,7.609E+3,
5.86E07,7.837E+3,
5.88E07,7.698E+3,
5.9E07,7.940E+3,
5.92E07,7.971E+3,
5.94E07,7.832E+3,
5.96E07,7.808E+3,
5.98E07,7.681E+3,
6E07,7.646E+3,
6.02E07,7.644E+3,
6.04E07,7.854E+3,
6.06E07,7.659E+3,
6.08E07,7.722E+3,
6.1E07,7.836E+3,
6.12E07,7.791E+3,
6.14E07,7.730E+3,
6.16E07,7.647E+3,
6.18E07,7.701E+3,
6.2E07,7.751E+3,
6.22E07,7.746E+3,
6.24E07,7.773E+3,
6.26E07,7.769E+3,
6.28E07,7.813E+3,
6.3E07,7.673E+3,
6.32E07,7.633E+3,
6.34E07,7.820E+3,
6.36E07,7.639E+3,
6.38E07,7.804E+3,
64000005.000000,7.794E+3,
64200005.000000,7.627E+3,
64400005.000000,7.784E+3,
64600005.000000,7.697E+3,
64800005.000000,7.613E+3,
65000005.000000,7.711E+3,
65200005.000000,7.617E+3,
65400005.000000,7.591E+3,
65600005.000000,7.773E+3,
65800005.000000,7.675E+3,
66000005.000000,7.601E+3,
66200005.000000,7.617E+3,
66400005.000000,7.786E+3,
66600005.000000,7.460E+3,
66800005.000000,7.855E+3,
67000005.000000,7.607E+3,
67200005.000000,7.632E+3,
67400005.000000,7.705E+3,
67600005.000000,7.802E+3,
67800005.000000,7.566E+3,
68000005.000000,7.786E+3,
68200005.000000,7.527E+3,
68400005.000000,7.676E+3,
68600005.000000,7.648E+3,
68800005.000000,7.756E+3,
69000005.000000,7.646E+3,
69200005.000000,7.570E+3,
69400005.000000,7.582E+3,
69600005.000000,7.553E+3,
69800005.000000,7.586E+3,
70000005.000000,7.595E+3,
70200005.000000,7.631E+3,
70400006.000000,7.643E+3,
70600006.000000,7.555E+3,
70800006.000000,7.698E+3,
71000006.000000,7.567E+3,
71200006.000000,7.682E+3,
71400006.000000,7.599E+3,
71600006.000000,7.796E+3,
71800006.000000,7.563E+3,
72000006.000000,7.542E+3,
72200006.000000,7.781E+3,
72400006.000000,7.697E+3,
72600006.000000,7.511E+3,
72800006.000000,7.626E+3,
73000006.000000,7.625E+3,
73200006.000000,7.567E+3,
73400006.000000,7.841E+3,
73600006.000000,7.632E+3,
73800006.000000,7.504E+3,
74000006.000000,7.847E+3,
74200006.000000,7.752E+3,
74400006.000000,7.574E+3,
74600006.000000,7.616E+3,
74800006.000000,7.678E+3,
75000006.000000,7.655E+3,
75200006.000000,7.494E+3,
75400006.000000,7.607E+3,
75600006.000000,7.793E+3,
75800006.000000,7.556E+3,
76000006.000000,7.831E+3,
76200006.000000,7.443E+3,
76400006.000000,7.507E+3,
76600006.000000,7.662E+3,
76800006.000000,7.650E+3,
77000006.000000,7.805E+3,
77200006.000000,7.502E+3,
77400006.000000,7.632E+3,
77600006.000000,7.873E+3,
77800006.000000,7.524E+3,
78000006.000000,7.549E+3,
78200006.000000,7.528E+3,
78400006.000000,7.640E+3,
78600006.000000,7.791E+3,
78800006.000000,7.573E+3,
79000006.000000,7.630E+3,
79200006.000000,7.728E+3,
79400006.000000,7.688E+3,
79600006.000000,7.589E+3,
79800006.000000,7.637E+3,
80000006.000000,7.734E+3,
80200006.000000,7.466E+3,
80400006.000000,7.653E+3,
80600006.000000,7.700E+3,
80800006.000000,7.540E+3,
81000006.000000,7.676E+3,
81200006.000000,7.460E+3,
81400006.000000,7.678E+3,
81600006.000000,7.587E+3,
81800006.000000,7.723E+3,
82000006.000000,7.663E+3,
82200006.000000,7.494E+3,
82400006.000000,7.709E+3,
82600006.000000,7.681E+3,
82800006.000000,7.891E+3,
83000006.000000,7.686E+3,
83200007.000000,7.692E+3,
83400007.000000,7.569E+3,
83600007.000000,7.660E+3,
83800007.000000,7.613E+3,
84000007.000000,7.667E+3,
84200007.000000,7.681E+3,
84400007.000000,7.354E+3,
84600007.000000,7.764E+3,
84800007.000000,7.736E+3,
85000007.000000,7.725E+3,
85200007.000000,7.539E+3,
85400007.000000,7.510E+3,
85600007.000000,7.689E+3,
85800007.000000,7.656E+3,
86000007.000000,7.557E+3,
86200007.000000,7.506E+3,
86400007.000000,7.683E+3,
86600007.000000,7.862E+3,
86800007.000000,7.650E+3,
87000007.000000,7.725E+3,
87200007.000000,7.695E+3,
87400007.000000,7.667E+3,
87600007.000000,7.503E+3,
87800007.000000,7.526E+3,
88000007.000000,7.613E+3,
88200007.000000,7.786E+3,
88400007.000000,7.794E+3,
88600007.000000,7.571E+3,
88800007.000000,7.575E+3,
89000007.000000,7.740E+3,
89200007.000000,7.768E+3,
89400007.000000,7.387E+3,
89600007.000000,7.655E+3,
89800007.000000,7.792E+3,
90000007.000000,7.651E+3,
90200007.000000,7.440E+3,
90400007.000000,7.665E+3,
90600007.000000,7.683E+3,
90800007.000000,7.743E+3,
91000007.000000,7.838E+3,
91200007.000000,7.580E+3,
91400007.000000,7.542E+3,
91600007.000000,7.619E+3,
91800007.000000,7.510E+3,
92000007.000000,7.503E+3,
92200007.000000,7.635E+3,
92400007.000000,7.665E+3,
92600007.000000,7.643E+3,
92800007.000000,7.493E+3,
93000007.000000,7.669E+3,
93200007.000000,7.630E+3,
93400007.000000,7.510E+3,
93600007.000000,7.588E+3,
93800007.000000,7.520E+3,
94000007.000000,7.582E+3,
94200007.000000,7.531E+3,
94400007.000000,7.762E+3,
94600007.000000,7.469E+3,
94800007.000000,7.560E+3,
95000007.000000,7.737E+3,
95200007.000000,7.649E+3,
95400007.000000,7.823E+3,
95600007.000000,7.594E+3,
95800007.000000,7.712E+3,
96000008.000000,7.736E+3,
96200008.000000,7.629E+3,
96400008.000000,7.744E+3,
96600008.000000,7.424E+3,
96800008.000000,7.753E+3,
97000008.000000,7.695E+3,
97200008.000000,7.758E+3,
97400008.000000,7.520E+3,
97600008.000000,7.525E+3,
97800008.000000,7.719E+3,
98000008.000000,7.557E+3,
98200008.000000,7.553E+3,
98400008.000000,7.721E+3,
98600008.000000,7.369E+3,
98800008.000000,7.581E+3,
99000008.000000,7.621E+3,
99200008.000000,7.689E+3,
99400008.000000,7.633E+3,
99600008.000000,7.455E+3,
99800008.000000,7.471E+3,
1E08,7.573E+3,
1.002E008,7.600E+3,
1.004E008,7.709E+3,
1.006E008,7.603E+3,
1.008E008,7.631E+3,
1.01E08,7.611E+3,
1.012E008,7.624E+3,
1.014E008,7.685E+3,
1.016E008,7.506E+3,
1.018E008,7.789E+3,
1.02E08,7.410E+3,
1.022E008,7.671E+3,
1.024E008,7.708E+3,
1.026E008,7.769E+3,
1.028E008,7.554E+3,
1.03E08,7.672E+3,
1.032E008,7.613E+3,
1.034E008,7.507E+3,
1.036E008,7.772E+3,
1.038E008,7.475E+3,
1.04E08,7.530E+3,
1.042E008,7.523E+3,
1.044E008,7.666E+3,
1.046E008,7.568E+3,
1.048E008,7.657E+3,
1.05E08,7.651E+3,
1.052E008,7.712E+3,
1.054E008,7.740E+3,
1.056E008,7.553E+3,
1.058E008,7.652E+3,
1.06E08,7.526E+3,
1.062E008,7.573E+3,
1.064E008,7.549E+3,
1.066E008,7.614E+3,
1.068E008,7.547E+3,
1.07E08,7.688E+3,
1.072E008,7.760E+3,
1.074E008,7.731E+3,
1.076E008,7.637E+3,
1.078E008,7.570E+3,
1.08E08,7.701E+3,
1.082E008,7.520E+3,
1.084E008,7.545E+3,
1.086E008,7.655E+3,
1.088E008,7.728E+3,
1.09E08,7.565E+3,
1.092E008,7.765E+3,
1.094E008,7.527E+3,
1.096E008,7.546E+3,
1.098E008,7.665E+3,
1.1E08,7.594E+3,
1.102E008,7.639E+3,
1.104E008,7.686E+3,
1.106E008,7.486E+3,
1.108E008,7.541E+3,
1.11E08,7.704E+3,
1.112E008,7.636E+3,
1.114E008,7.569E+3,
1.116E008,7.366E+3,
1.118E008,7.702E+3,
1.12E08,7.592E+3,
1.122E008,7.700E+3,
1.124E008,7.547E+3,
1.126E008,7.600E+3,
1.128E008,7.634E+3,
1.13E08,7.625E+3,
1.132E008,7.356E+3,
1.134E008,7.618E+3,
1.136E008,7.706E+3,
1.138E008,7.447E+3,
1.14E08,7.488E+3,
1.142E008,7.604E+3,
1.144E008,7.677E+3,
1.146E008,7.512E+3,
1.148E008,7.740E+3,
1.15E08,7.520E+3,
1.152E008,7.714E+3,
1.154E008,7.688E+3,
1.156E008,7.658E+3,
1.158E008,7.530E+3,
1.16E08,7.473E+3,
1.162E008,7.565E+3,
1.164E008,7.606E+3,
1.166E008,7.389E+3,
1.168E008,7.573E+3,
1.17E08,7.522E+3,
1.172E008,7.597E+3,
1.174E008,7.571E+3,
1.176E008,7.723E+3,
1.178E008,7.617E+3,
1.18E08,7.501E+3,
1.182E008,7.588E+3,
1.184E008,7.508E+3,
1.186E008,7.777E+3,
1.188E008,7.698E+3,
1.19E08,7.868E+3,
1.192E008,7.776E+3,
1.194E008,7.633E+3,
1.196E008,7.648E+3,
1.198E008,7.517E+3,
1.2E08,7.696E+3,
1.202E008,7.589E+3,
1.204E008,7.660E+3,
1.206E008,7.624E+3,
1.208E008,7.706E+3,
1.21E08,7.482E+3,
1.212E008,7.758E+3,
1.214E008,7.545E+3,
1.216E008,7.597E+3,
1.218E008,7.888E+3,
1.22E08,7.543E+3,
1.222E008,7.539E+3,
1.224E008,7.464E+3,
1.226E008,7.439E+3,
1.228E008,7.667E+3,
1.23E08,7.709E+3,
1.232E008,7.547E+3,
1.234E008,7.536E+3,
1.236E008,7.612E+3,
1.238E008,7.551E+3,
1.24E08,7.576E+3,
1.242E008,7.475E+3,
1.244E008,7.494E+3,
1.246E008,7.807E+3,
1.248E008,7.425E+3,
1.25E08,7.628E+3,
1.252E008,7.505E+3,
1.254E008,7.743E+3,
1.256E008,7.431E+3,
1.258E008,7.591E+3,
1.26E08,7.603E+3,
1.262E008,7.441E+3,
1.264E008,7.675E+3,
1.266E008,7.753E+3,
1.268E008,7.702E+3,
1.27E08,7.678E+3,
1.272E008,7.479E+3,
1.274E008,7.683E+3,
1.276E008,7.615E+3,
1.278E008,7.575E+3,
1.28E08,7.654E+3,
1.282E008,7.617E+3,
1.284E008,7.695E+3,
1.286E008,7.636E+3,
1.288E008,7.603E+3,
1.29E08,7.667E+3,
1.292E008,7.597E+3,
1.294E008,7.595E+3,
1.296E008,7.581E+3,
1.298E008,7.636E+3,
1.3E08,7.636E+3,
1.302E008,7.441E+3,
1.304E008,7.608E+3,
1.306E008,7.515E+3,
1.308E008,7.577E+3,
1.31E08,7.581E+3,
1.312E008,7.579E+3,
1.314E008,7.467E+3,
1.316E008,7.697E+3,
1.318E008,7.447E+3,
1.32E08,7.782E+3,
1.322E008,7.637E+3,
1.324E008,7.587E+3,
1.326E008,7.730E+3,
1.328E008,7.574E+3,
1.33E08,7.478E+3,
1.332E008,7.643E+3,
1.334E008,7.454E+3,
1.336E008,7.700E+3,
1.338E008,7.557E+3,
1.34E08,7.650E+3,
1.342E008,7.784E+3,
1.344E008,7.626E+3,
1.346E008,7.792E+3,
1.348E008,7.524E+3,
1.35E08,7.604E+3,
1.352E008,7.596E+3,
1.354E008,7.463E+3,
1.356E008,7.444E+3,
1.358E008,7.543E+3,
1.36E08,7.731E+3,
1.362E008,7.660E+3,
1.364E008,7.670E+3,
1.366E008,7.644E+3,
1.368E008,7.670E+3,
1.37E08,7.590E+3,
1.372E008,7.677E+3,
1.374E008,7.510E+3,
1.376E008,7.715E+3,
1.378E008,7.568E+3,
1.38E08,7.497E+3,
1.382E008,7.629E+3,
1.384E008,7.717E+3,
1.386E008,7.611E+3,
1.388E008,7.497E+3,
1.39E08,7.728E+3,
1.392E008,7.674E+3,
1.394E008,7.443E+3,
1.396E008,7.632E+3,
1.398E008,7.460E+3,
1.4E08,7.496E+3,
1.402E008,7.682E+3,
1.404E008,7.624E+3,
1.406E008,7.645E+3,
1.408E008,7.689E+3,
1.41E08,7.683E+3,
1.412E008,7.762E+3,
1.414E008,7.537E+3,
1.416E008,7.701E+3,
1.418E008,7.441E+3,
1.42E08,7.585E+3,
1.422E008,7.571E+3,
1.424E008,7.515E+3,
1.426E008,7.545E+3,
1.428E008,7.577E+3,
1.43E08,7.597E+3,
1.432E008,7.780E+3,
1.434E008,7.666E+3,
1.436E008,7.678E+3,
1.438E008,7.756E+3,
1.44E08,7.579E+3,
1.442E008,7.641E+3,
1.444E008,7.526E+3,
1.446E008,7.597E+3,
1.448E008,7.598E+3,
1.45E08,7.644E+3,
1.452E008,7.513E+3,
1.454E008,7.695E+3,
1.456E008,7.623E+3,
1.458E008,7.577E+3,
1.46E08,7.584E+3,
1.462E008,7.822E+3,
1.464E008,7.646E+3,
1.466E008,7.636E+3,
1.468E008,7.571E+3,
1.47E08,7.674E+3,
1.472E008,7.623E+3,
1.474E008,7.619E+3,
1.476E008,7.581E+3,
1.478E008,7.539E+3,
1.48E08,7.341E+3,
1.482E008,7.622E+3,
1.484E008,7.661E+3,
1.486E008,7.438E+3,
1.488E008,7.798E+3,
1.49E08,7.720E+3,
1.492E008,7.756E+3,
1.494E008,7.739E+3,
1.496E008,7.708E+3,
1.498E008,7.663E+3,
1.5E08,7.526E+3,
1.502E008,7.609E+3,
1.504E008,7.575E+3,
1.506E008,7.537E+3,
1.508E008,7.673E+3,
1.51E08,7.522E+3,
1.512E008,7.614E+3,
1.514E008,7.598E+3,
1.516E008,7.548E+3,
1.518E008,7.639E+3,
1.52E08,7.542E+3,
1.522E008,7.560E+3,
1.524E008,7.525E+3,
1.526E008,7.551E+3,
1.528E008,7.591E+3,
1.53E08,7.607E+3,
1.532E008,7.598E+3,
1.534E008,7.598E+3,
1.536E008,7.436E+3,
1.538E008,7.726E+3,
1.54E08,7.636E+3,
1.542E008,7.590E+3,
1.544E008,7.603E+3,
1.546E008,7.696E+3,
1.548E008,7.740E+3,
1.55E08,7.660E+3,
1.552E008,7.497E+3,
1.554E008,7.560E+3,
1.556E008,7.562E+3,
1.558E008,7.784E+3,
1.56E08,7.544E+3,
1.562E008,7.724E+3,
1.564E008,7.659E+3,
1.566E008,7.837E+3,
1.568E008,7.867E+3,
1.57E08,7.489E+3,
1.572E008,7.477E+3,
1.574E008,7.667E+3,
1.576E008,7.680E+3,
1.578E008,7.494E+3,
1.58E08,7.636E+3,
1.582E008,7.607E+3,
1.584E008,7.622E+3,
1.586E008,7.753E+3,
1.588E008,7.441E+3,
1.59E08,7.601E+3,
1.592E008,7.637E+3,
1.594E008,7.491E+3,
1.596E008,7.755E+3,
1.598E008,7.635E+3,
1.6E08,7.670E+3,
1.602E008,7.690E+3,
1.604E008,7.703E+3,
1.606E008,7.823E+3,
1.608E008,7.755E+3,
1.61E08,7.623E+3,
1.612E008,7.612E+3,
1.614E008,7.464E+3,
1.616E008,7.664E+3,
1.618E008,7.683E+3,
1.62E08,7.726E+3,
1.622E008,7.483E+3,
1.624E008,7.536E+3,
1.626E008,7.570E+3,
1.628E008,7.628E+3,
1.63E08,7.642E+3,
1.632E008,7.682E+3,
1.634E008,7.805E+3,
1.636E008,7.805E+3,
1.638E008,7.595E+3,
1.64E08,7.355E+3,
1.642E008,7.724E+3,
1.644E008,7.750E+3,
1.646E008,7.541E+3,
1.648E008,7.691E+3,
1.65E08,7.672E+3,
1.652E008,7.386E+3,
1.654E008,7.705E+3,
1.656E008,7.716E+3,
1.658E008,7.580E+3,
1.66E08,7.604E+3,
1.662E008,7.592E+3,
1.664E008,7.588E+3,
1.666E008,7.586E+3,
1.668E008,7.550E+3,
1.67E08,7.675E+3,
1.672E008,7.498E+3,
1.674E008,7.706E+3,
1.676E008,7.666E+3,
1.678E008,7.844E+3,
1.68E08,7.522E+3,
1.682E008,7.500E+3,
1.684E008,7.675E+3,
1.686E008,7.709E+3,
1.688E008,7.547E+3,
1.69E08,7.622E+3,
1.692E008,7.482E+3,
1.694E008,7.475E+3,
1.696E008,7.601E+3,
1.698E008,7.502E+3,
1.7E08,7.543E+3,
1.702E008,7.636E+3,
1.704E008,7.717E+3,
1.706E008,7.651E+3,
1.708E008,7.490E+3,
1.71E08,7.402E+3,
1.712E008,7.615E+3,
1.714E008,7.581E+3,
1.716E008,7.605E+3,
1.718E008,7.609E+3,
1.72E08,7.683E+3,
1.722E008,7.723E+3,
1.724E008,7.712E+3,
1.726E008,7.672E+3,
1.728E008,7.762E+3,
1.73E08,7.718E+3,
1.732E008,7.653E+3,
1.734E008,7.544E+3,
1.736E008,7.649E+3,
1.738E008,7.765E+3,
1.74E08,7.639E+3,
1.742E008,7.699E+3,
1.744E008,7.420E+3,
1.746E008,7.653E+3,
1.748E008,7.644E+3,
1.75E08,7.766E+3,
1.752E008,7.701E+3,
1.754E008,7.789E+3,
1.756E008,7.619E+3,
1.758E008,7.616E+3,
1.76E08,7.581E+3,
1.762E008,7.355E+3,
1.764E008,7.647E+3,
1.766E008,7.574E+3,
1.768E008,7.607E+3,
1.77E08,7.394E+3,
1.772E008,7.618E+3,
1.774E008,7.564E+3,
1.776E008,7.567E+3,
1.778E008,7.602E+3,
1.78E08,7.863E+3,
1.782E008,7.525E+3,
1.784E008,7.521E+3,
1.786E008,7.534E+3,
1.788E008,7.538E+3,
1.79E08,7.637E+3,
1.792E008,7.702E+3,
1.794E008,7.607E+3,
1.796E008,7.604E+3,
1.798E008,7.529E+3,
1.8E08,7.609E+3,
1.802E008,7.524E+3,
1.804E008,7.450E+3,
1.806E008,7.647E+3,
1.808E008,7.593E+3,
1.81E08,7.443E+3,
1.812E008,7.695E+3,
1.814E008,7.755E+3,
1.816E008,7.493E+3,
1.818E008,7.620E+3,
1.82E08,7.700E+3,
1.822E008,7.609E+3,
1.824E008,7.662E+3,
1.826E008,7.546E+3,
1.828E008,7.574E+3,
1.83E08,7.795E+3,
1.832E008,7.623E+3,
1.834E008,7.625E+3,
1.836E008,7.478E+3,
1.838E008,7.704E+3,
1.84E08,7.611E+3,
1.842E008,7.469E+3,
1.844E008,7.674E+3,
1.846E008,7.731E+3,
1.848E008,7.636E+3,
1.85E08,7.573E+3,
1.852E008,7.709E+3,
1.854E008,7.680E+3,
1.856E008,7.674E+3,
1.858E008,7.521E+3,
1.86E08,7.576E+3,
1.862E008,7.686E+3,
1.864E008,7.468E+3,
1.866E008,7.676E+3,
1.868E008,7.690E+3,
1.87E08,7.544E+3,
1.872E008,7.762E+3,
1.874E008,7.600E+3,
1.876E008,7.535E+3,
1.878E008,7.667E+3,
1.88E08,7.590E+3,
1.882E008,7.683E+3,
1.884E008,7.701E+3,
1.886E008,7.671E+3,
1.888E008,7.454E+3,
1.89E08,7.634E+3,
1.892E008,7.674E+3,
1.894E008,7.661E+3,
1.896E008,7.624E+3,
1.898E008,7.671E+3,
1.9E08,7.482E+3,
1.902E008,7.776E+3,
1.904E008,7.435E+3,
1.906E008,7.372E+3,
1.908E008,7.747E+3,
1.91E08,7.751E+3,
1.912E008,7.636E+3,
1.914E008,7.725E+3,
1.916E008,7.819E+3,
1.918E008,7.764E+3,
1.92E08,7.768E+3,
1.922E008,7.546E+3,
1.924E008,7.558E+3,
1.926E008,7.702E+3,
1.928E008,7.536E+3,
1.93E08,7.644E+3,
1.932E008,7.590E+3,
1.934E008,7.506E+3,
1.936E008,7.600E+3,
1.938E008,7.456E+3,
1.94E08,7.570E+3,
1.942E008,7.491E+3,
1.944E008,7.657E+3,
1.946E008,7.576E+3,
1.948E008,7.561E+3,
1.95E08,7.580E+3,
1.952E008,7.538E+3,
1.954E008,7.686E+3,
1.956E008,7.649E+3,
1.958E008,7.556E+3,
1.96E08,7.843E+3,
1.962E008,7.560E+3,
1.964E008,7.529E+3,
1.966E008,7.538E+3,
1.968E008,7.663E+3,
1.97E08,7.698E+3,
1.972E008,7.686E+3,
1.974E008,7.531E+3,
1.976E008,7.457E+3,
1.978E008,7.521E+3,
1.98E08,7.660E+3,
1.982E008,7.667E+3,
1.984E008,7.580E+3,
1.986E008,7.485E+3,
1.988E008,7.626E+3,
1.99E08,7.708E+3,
1.992E008,7.616E+3,
1.994E008,7.700E+3,
1.996E008,7.520E+3,
1.998E008,7.550E+3,
