Labels,T17_2ms,
Type,Time Scan,
Comment,,
Start,0.00,
Stop,1.998E008,
Step,2E05,
Fixed/Offset, ,
XAxis,Time,
YAxis,Counts,

0.00,4.862E+4,
2E05,4.126E+5,
4E05,6.898E+5,
6E05,8.498E+5,
800000.060000,9.450E+5,
1E06,9.933E+5,
1.2E06,1.010E+6,
1.4E06,1.019E+6,
1.6E06,1.024E+6,
1.8E06,1.025E+6,
2E06,1.024E+6,
2.2E06,1.017E+6,
2.4E06,1.018E+6,
2.6E06,1.020E+6,
2.8E06,1.020E+6,
3E06,1.022E+6,
3.2E06,1.025E+6,
3.4E06,1.027E+6,
3.6E06,1.028E+6,
3.8E06,1.030E+6,
4E06,1.030E+6,
4.2E06,1.030E+6,
4.4E06,1.031E+6,
4.6E06,1.032E+6,
4.8E06,1.033E+6,
5E06,1.033E+6,
5.2E06,1.033E+6,
5.4E06,1.033E+6,
5.6E06,1.031E+6,
5.8E06,1.031E+6,
6E06,1.029E+6,
6.2E06,1.030E+6,
6400000.500000,1.029E+6,
6600000.500000,1.028E+6,
6800000.500000,1.027E+6,
7000000.500000,1.024E+6,
7200000.600000,1.023E+6,
7400000.600000,1.019E+6,
7600000.600000,1.018E+6,
7800000.600000,1.016E+6,
8000000.600000,1.013E+6,
8200000.600000,1.010E+6,
8400000.700000,1.008E+6,
8600000.700000,1.004E+6,
8800000.700000,1.001E+6,
9000000.700000,9.987E+5,
9200000.700000,9.941E+5,
9400000.700000,9.912E+5,
9600000.800000,9.881E+5,
9800000.800000,9.823E+5,
1E07,9.786E+5,
1.02E07,9.731E+5,
1.04E07,9.684E+5,
1.06E07,9.634E+5,
1.08E07,9.591E+5,
1.1E07,9.542E+5,
1.12E07,9.502E+5,
1.14E07,9.452E+5,
1.16E07,9.390E+5,
1.18E07,9.330E+5,
1.2E07,9.271E+5,
1.22E07,9.210E+5,
1.24E07,9.156E+5,
1.26E07,9.095E+5,
1.28E07,9.031E+5,
1.3E07,8.964E+5,
1.32E07,8.911E+5,
1.34E07,8.840E+5,
1.36E07,8.767E+5,
1.38E07,8.706E+5,
1.4E07,8.647E+5,
1.42E07,8.578E+5,
1.44E07,8.509E+5,
1.46E07,8.424E+5,
1.48E07,8.357E+5,
1.5E07,8.289E+5,
1.52E07,8.217E+5,
1.54E07,8.148E+5,
1.56E07,8.079E+5,
1.58E07,8.003E+5,
1.6E07,7.935E+5,
1.62E07,7.873E+5,
1.64E07,7.793E+5,
1.66E07,7.711E+5,
1.68E07,7.640E+5,
1.7E07,7.576E+5,
1.72E07,7.500E+5,
1.74E07,7.422E+5,
1.76E07,7.335E+5,
1.78E07,7.269E+5,
1.8E07,7.202E+5,
1.82E07,7.120E+5,
1.84E07,7.056E+5,
1.86E07,6.984E+5,
1.88E07,6.907E+5,
1.9E07,6.830E+5,
1.92E07,6.758E+5,
1.94E07,6.674E+5,
1.96E07,6.608E+5,
1.98E07,6.540E+5,
2E07,6.480E+5,
2.02E07,6.396E+5,
2.04E07,6.314E+5,
2.06E07,6.235E+5,
2.08E07,6.180E+5,
2.1E07,6.115E+5,
2.12E07,6.041E+5,
2.14E07,5.952E+5,
2.16E07,5.899E+5,
2.18E07,5.834E+5,
2.2E07,5.779E+5,
2.22E07,5.676E+5,
2.24E07,5.623E+5,
2.26E07,5.552E+5,
2.28E07,5.495E+5,
2.3E07,5.438E+5,
2.32E07,5.371E+5,
2.34E07,5.299E+5,
2.36E07,5.226E+5,
2.38E07,5.176E+5,
2.4E07,5.105E+5,
2.42E07,5.048E+5,
2.44E07,4.980E+5,
2.46E07,4.911E+5,
2.48E07,4.844E+5,
2.5E07,4.796E+5,
2.52E07,4.737E+5,
2.54E07,4.674E+5,
2.56E07,4.614E+5,
2.58E07,4.551E+5,
2.6E07,4.498E+5,
2.62E07,4.439E+5,
2.64E07,4.381E+5,
2.66E07,4.327E+5,
2.68E07,4.260E+5,
2.7E07,4.201E+5,
2.72E07,4.136E+5,
2.74E07,4.088E+5,
2.76E07,4.035E+5,
2.78E07,3.985E+5,
2.8E07,3.942E+5,
2.82E07,3.871E+5,
2.84E07,3.824E+5,
2.86E07,3.795E+5,
2.88E07,3.719E+5,
2.9E07,3.677E+5,
2.92E07,3.609E+5,
2.94E07,3.581E+5,
2.96E07,3.533E+5,
2.98E07,3.478E+5,
3E07,3.434E+5,
3.02E07,3.369E+5,
3.04E07,3.324E+5,
3.06E07,3.288E+5,
3.08E07,3.235E+5,
3.1E07,3.198E+5,
3.12E07,3.154E+5,
3.14E07,3.104E+5,
3.16E07,3.062E+5,
3.18E07,3.016E+5,
3.2E07,2.954E+5,
3.22E07,2.926E+5,
3.24E07,2.892E+5,
3.26E07,2.854E+5,
3.28E07,2.797E+5,
3.3E07,2.764E+5,
3.32E07,2.722E+5,
3.34E07,2.685E+5,
3.36E07,2.637E+5,
3.38E07,2.589E+5,
3.4E07,2.558E+5,
3.42E07,2.523E+5,
3.44E07,2.490E+5,
3.46E07,2.451E+5,
3.48E07,2.409E+5,
3.5E07,2.375E+5,
3.52E07,2.334E+5,
3.54E07,2.300E+5,
3.56E07,2.249E+5,
3.58E07,2.236E+5,
3.6E07,2.193E+5,
3.62E07,2.167E+5,
3.64E07,2.134E+5,
3.66E07,2.105E+5,
3.68E07,2.062E+5,
3.7E07,2.036E+5,
3.72E07,2.008E+5,
3.74E07,1.976E+5,
3.76E07,1.942E+5,
3.78E07,1.916E+5,
3.8E07,1.890E+5,
3.82E07,1.853E+5,
3.84E07,1.826E+5,
3.86E07,1.800E+5,
3.88E07,1.770E+5,
3.9E07,1.740E+5,
3.92E07,1.711E+5,
3.94E07,1.688E+5,
3.96E07,1.665E+5,
3.98E07,1.638E+5,
4E07,1.606E+5,
4.02E07,1.578E+5,
4.04E07,1.561E+5,
4.06E07,1.538E+5,
4.08E07,1.511E+5,
4.1E07,1.478E+5,
4.12E07,1.469E+5,
4.14E07,1.439E+5,
4.16E07,1.429E+5,
4.18E07,1.397E+5,
4.2E07,1.374E+5,
4.22E07,1.354E+5,
4.24E07,1.334E+5,
4.26E07,1.312E+5,
4.28E07,1.289E+5,
4.3E07,1.271E+5,
4.32E07,1.250E+5,
4.34E07,1.240E+5,
4.36E07,1.214E+5,
4.38E07,1.200E+5,
4.4E07,1.176E+5,
4.42E07,1.156E+5,
4.44E07,1.141E+5,
4.46E07,1.112E+5,
4.48E07,1.103E+5,
4.5E07,1.092E+5,
4.52E07,1.067E+5,
4.54E07,1.046E+5,
4.56E07,1.034E+5,
4.58E07,1.018E+5,
4.6E07,1.004E+5,
4.62E07,9.933E+4,
4.64E07,9.728E+4,
4.66E07,9.532E+4,
4.68E07,9.472E+4,
4.7E07,9.286E+4,
4.72E07,9.136E+4,
4.74E07,9.050E+4,
4.76E07,8.802E+4,
4.78E07,8.770E+4,
4.8E07,8.630E+4,
4.82E07,8.444E+4,
4.84E07,8.313E+4,
4.86E07,8.224E+4,
4.88E07,8.043E+4,
4.9E07,7.894E+4,
4.92E07,7.755E+4,
4.94E07,7.728E+4,
4.96E07,7.576E+4,
4.98E07,7.511E+4,
5E07,7.343E+4,
5.02E07,7.238E+4,
5.04E07,7.143E+4,
5.06E07,7.009E+4,
5.08E07,7.033E+4,
5.1E07,6.817E+4,
5.12E07,6.683E+4,
5.14E07,6.629E+4,
5.16E07,6.523E+4,
5.18E07,6.446E+4,
5.2E07,6.278E+4,
5.22E07,6.241E+4,
5.24E07,6.108E+4,
5.26E07,6.047E+4,
5.28E07,5.977E+4,
5.3E07,5.854E+4,
5.32E07,5.789E+4,
5.34E07,5.649E+4,
5.36E07,5.543E+4,
5.38E07,5.519E+4,
5.4E07,5.471E+4,
5.42E07,5.369E+4,
5.44E07,5.287E+4,
5.46E07,5.208E+4,
5.48E07,5.099E+4,
5.5E07,5.055E+4,
5.52E07,4.998E+4,
5.54E07,4.929E+4,
5.56E07,4.846E+4,
5.58E07,4.810E+4,
5.6E07,4.683E+4,
5.62E07,4.641E+4,
5.64E07,4.582E+4,
5.66E07,4.518E+4,
5.68E07,4.471E+4,
5.7E07,4.386E+4,
5.72E07,4.353E+4,
5.74E07,4.271E+4,
5.76E07,4.260E+4,
5.78E07,4.204E+4,
5.8E07,4.160E+4,
5.82E07,4.035E+4,
5.84E07,3.961E+4,
5.86E07,3.911E+4,
5.88E07,3.881E+4,
5.9E07,3.853E+4,
5.92E07,3.823E+4,
5.94E07,3.750E+4,
5.96E07,3.688E+4,
5.98E07,3.612E+4,
6E07,3.592E+4,
6.02E07,3.516E+4,
6.04E07,3.508E+4,
6.06E07,3.438E+4,
6.08E07,3.395E+4,
6.1E07,3.358E+4,
6.12E07,3.307E+4,
6.14E07,3.259E+4,
6.16E07,3.230E+4,
6.18E07,3.169E+4,
6.2E07,3.175E+4,
6.22E07,3.126E+4,
6.24E07,3.119E+4,
6.26E07,3.047E+4,
6.28E07,3.012E+4,
6.3E07,2.996E+4,
6.32E07,2.986E+4,
6.34E07,2.915E+4,
6.36E07,2.861E+4,
6.38E07,2.839E+4,
64000005.000000,2.783E+4,
64200005.000000,2.772E+4,
64400005.000000,2.736E+4,
64600005.000000,2.698E+4,
64800005.000000,2.646E+4,
65000005.000000,2.627E+4,
65200005.000000,2.607E+4,
65400005.000000,2.575E+4,
65600005.000000,2.574E+4,
65800005.000000,2.556E+4,
66000005.000000,2.487E+4,
66200005.000000,2.438E+4,
66400005.000000,2.429E+4,
66600005.000000,2.392E+4,
66800005.000000,2.404E+4,
67000005.000000,2.344E+4,
67200005.000000,2.337E+4,
67400005.000000,2.341E+4,
67600005.000000,2.296E+4,
67800005.000000,2.247E+4,
68000005.000000,2.225E+4,
68200005.000000,2.216E+4,
68400005.000000,2.201E+4,
68600005.000000,2.175E+4,
68800005.000000,2.115E+4,
69000005.000000,2.144E+4,
69200005.000000,2.110E+4,
69400005.000000,2.101E+4,
69600005.000000,2.085E+4,
69800005.000000,2.058E+4,
70000005.000000,2.053E+4,
70200005.000000,2.004E+4,
70400006.000000,1.981E+4,
70600006.000000,1.956E+4,
70800006.000000,1.950E+4,
71000006.000000,1.941E+4,
71200006.000000,1.928E+4,
71400006.000000,1.893E+4,
71600006.000000,1.888E+4,
71800006.000000,1.878E+4,
72000006.000000,1.834E+4,
72200006.000000,1.823E+4,
72400006.000000,1.817E+4,
72600006.000000,1.810E+4,
72800006.000000,1.800E+4,
73000006.000000,1.779E+4,
73200006.000000,1.768E+4,
73400006.000000,1.745E+4,
73600006.000000,1.727E+4,
73800006.000000,1.732E+4,
74000006.000000,1.688E+4,
74200006.000000,1.669E+4,
74400006.000000,1.673E+4,
74600006.000000,1.652E+4,
74800006.000000,1.646E+4,
75000006.000000,1.665E+4,
75200006.000000,1.614E+4,
75400006.000000,1.577E+4,
75600006.000000,1.624E+4,
75800006.000000,1.583E+4,
76000006.000000,1.564E+4,
76200006.000000,1.574E+4,
76400006.000000,1.523E+4,
76600006.000000,1.540E+4,
76800006.000000,1.520E+4,
77000006.000000,1.521E+4,
77200006.000000,1.529E+4,
77400006.000000,1.499E+4,
77600006.000000,1.482E+4,
77800006.000000,1.486E+4,
78000006.000000,1.457E+4,
78200006.000000,1.462E+4,
78400006.000000,1.467E+4,
78600006.000000,1.438E+4,
78800006.000000,1.456E+4,
79000006.000000,1.453E+4,
79200006.000000,1.431E+4,
79400006.000000,1.435E+4,
79600006.000000,1.426E+4,
79800006.000000,1.396E+4,
80000006.000000,1.406E+4,
80200006.000000,1.398E+4,
80400006.000000,1.389E+4,
80600006.000000,1.349E+4,
80800006.000000,1.370E+4,
81000006.000000,1.351E+4,
81200006.000000,1.359E+4,
81400006.000000,1.321E+4,
81600006.000000,1.355E+4,
81800006.000000,1.326E+4,
82000006.000000,1.305E+4,
82200006.000000,1.304E+4,
82400006.000000,1.307E+4,
82600006.000000,1.277E+4,
82800006.000000,1.286E+4,
83000006.000000,1.272E+4,
83200007.000000,1.302E+4,
83400007.000000,1.272E+4,
83600007.000000,1.299E+4,
83800007.000000,1.280E+4,
84000007.000000,1.250E+4,
84200007.000000,1.230E+4,
84400007.000000,1.250E+4,
84600007.000000,1.222E+4,
84800007.000000,1.233E+4,
85000007.000000,1.249E+4,
85200007.000000,1.208E+4,
85400007.000000,1.248E+4,
85600007.000000,1.241E+4,
85800007.000000,1.216E+4,
86000007.000000,1.201E+4,
86200007.000000,1.199E+4,
86400007.000000,1.189E+4,
86600007.000000,1.199E+4,
86800007.000000,1.174E+4,
87000007.000000,1.177E+4,
87200007.000000,1.200E+4,
87400007.000000,1.163E+4,
87600007.000000,1.195E+4,
87800007.000000,1.144E+4,
88000007.000000,1.182E+4,
88200007.000000,1.179E+4,
88400007.000000,1.171E+4,
88600007.000000,1.155E+4,
88800007.000000,1.169E+4,
89000007.000000,1.151E+4,
89200007.000000,1.162E+4,
89400007.000000,1.154E+4,
89600007.000000,1.141E+4,
89800007.000000,1.144E+4,
90000007.000000,1.146E+4,
90200007.000000,1.133E+4,
90400007.000000,1.116E+4,
90600007.000000,1.108E+4,
90800007.000000,1.119E+4,
91000007.000000,1.135E+4,
91200007.000000,1.110E+4,
91400007.000000,1.100E+4,
91600007.000000,1.123E+4,
91800007.000000,1.113E+4,
92000007.000000,1.114E+4,
92200007.000000,1.099E+4,
92400007.000000,1.080E+4,
92600007.000000,1.088E+4,
92800007.000000,1.085E+4,
93000007.000000,1.089E+4,
93200007.000000,1.090E+4,
93400007.000000,1.075E+4,
93600007.000000,1.095E+4,
93800007.000000,1.092E+4,
94000007.000000,1.106E+4,
94200007.000000,1.054E+4,
94400007.000000,1.070E+4,
94600007.000000,1.064E+4,
94800007.000000,1.065E+4,
95000007.000000,1.073E+4,
95200007.000000,1.061E+4,
95400007.000000,1.069E+4,
95600007.000000,1.049E+4,
95800007.000000,1.038E+4,
96000008.000000,1.077E+4,
96200008.000000,1.060E+4,
96400008.000000,1.048E+4,
96600008.000000,1.047E+4,
96800008.000000,1.036E+4,
97000008.000000,1.047E+4,
97200008.000000,1.038E+4,
97400008.000000,1.031E+4,
97600008.000000,1.029E+4,
97800008.000000,1.039E+4,
98000008.000000,1.037E+4,
98200008.000000,1.031E+4,
98400008.000000,1.043E+4,
98600008.000000,1.033E+4,
98800008.000000,1.030E+4,
99000008.000000,1.035E+4,
99200008.000000,1.037E+4,
99400008.000000,1.038E+4,
99600008.000000,1.043E+4,
99800008.000000,1.029E+4,
1E08,1.009E+4,
1.002E008,1.009E+4,
1.004E008,1.008E+4,
1.006E008,1.037E+4,
1.008E008,1.016E+4,
1.01E08,1.019E+4,
1.012E008,1.009E+4,
1.014E008,1.018E+4,
1.016E008,1.022E+4,
1.018E008,1.025E+4,
1.02E08,1.000E+4,
1.022E008,1.012E+4,
1.024E008,1.010E+4,
1.026E008,1.002E+4,
1.028E008,1.015E+4,
1.03E08,9.848E+3,
1.032E008,1.012E+4,
1.034E008,1.016E+4,
1.036E008,1.024E+4,
1.038E008,1.000E+4,
1.04E08,9.960E+3,
1.042E008,9.951E+3,
1.044E008,9.979E+3,
1.046E008,1.016E+4,
1.048E008,9.880E+3,
1.05E08,1.003E+4,
1.052E008,9.983E+3,
1.054E008,9.957E+3,
1.056E008,9.942E+3,
1.058E008,9.922E+3,
1.06E08,9.877E+3,
1.062E008,9.947E+3,
1.064E008,9.924E+3,
1.066E008,9.853E+3,
1.068E008,1.004E+4,
1.07E08,1.015E+4,
1.072E008,9.742E+3,
1.074E008,9.865E+3,
1.076E008,9.701E+3,
1.078E008,9.838E+3,
1.08E08,9.818E+3,
1.082E008,9.913E+3,
1.084E008,9.857E+3,
1.086E008,9.813E+3,
1.088E008,9.841E+3,
1.09E08,9.883E+3,
1.092E008,9.849E+3,
1.094E008,9.861E+3,
1.096E008,9.846E+3,
1.098E008,9.648E+3,
1.1E08,9.741E+3,
1.102E008,9.556E+3,
1.104E008,9.474E+3,
1.106E008,9.757E+3,
1.108E008,9.730E+3,
1.11E08,9.825E+3,
1.112E008,9.776E+3,
1.114E008,9.592E+3,
1.116E008,9.810E+3,
1.118E008,9.743E+3,
1.12E08,9.732E+3,
1.122E008,9.957E+3,
1.124E008,9.607E+3,
1.126E008,9.781E+3,
1.128E008,9.600E+3,
1.13E08,9.606E+3,
1.132E008,9.651E+3,
1.134E008,9.825E+3,
1.136E008,9.758E+3,
1.138E008,9.635E+3,
1.14E08,9.869E+3,
1.142E008,9.635E+3,
1.144E008,9.566E+3,
1.146E008,9.683E+3,
1.148E008,9.617E+3,
1.15E08,9.768E+3,
1.152E008,9.742E+3,
1.154E008,9.627E+3,
1.156E008,9.669E+3,
1.158E008,9.766E+3,
1.16E08,9.854E+3,
1.162E008,9.792E+3,
1.164E008,9.541E+3,
1.166E008,9.819E+3,
1.168E008,9.541E+3,
1.17E08,9.713E+3,
1.172E008,9.877E+3,
1.174E008,9.899E+3,
1.176E008,9.813E+3,
1.178E008,9.576E+3,
1.18E08,9.671E+3,
1.182E008,9.703E+3,
1.184E008,9.670E+3,
1.186E008,9.737E+3,
1.188E008,9.657E+3,
1.19E08,9.681E+3,
1.192E008,9.611E+3,
1.194E008,9.457E+3,
1.196E008,9.754E+3,
1.198E008,9.606E+3,
1.2E08,9.709E+3,
1.202E008,9.733E+3,
1.204E008,9.640E+3,
1.206E008,9.740E+3,
1.208E008,9.653E+3,
1.21E08,9.546E+3,
1.212E008,9.676E+3,
1.214E008,9.638E+3,
1.216E008,9.632E+3,
1.218E008,9.628E+3,
1.22E08,9.516E+3,
1.222E008,9.529E+3,
1.224E008,9.660E+3,
1.226E008,9.483E+3,
1.228E008,9.417E+3,
1.23E08,9.879E+3,
1.232E008,9.819E+3,
1.234E008,9.678E+3,
1.236E008,9.461E+3,
1.238E008,9.621E+3,
1.24E08,9.753E+3,
1.242E008,9.632E+3,
1.244E008,9.429E+3,
1.246E008,9.431E+3,
1.248E008,9.661E+3,
1.25E08,9.647E+3,
1.252E008,9.636E+3,
1.254E008,9.469E+3,
1.256E008,9.588E+3,
1.258E008,9.607E+3,
1.26E08,9.535E+3,
1.262E008,9.540E+3,
1.264E008,9.478E+3,
1.266E008,9.731E+3,
1.268E008,9.606E+3,
1.27E08,9.349E+3,
1.272E008,9.555E+3,
1.274E008,9.442E+3,
1.276E008,9.490E+3,
1.278E008,9.543E+3,
1.28E08,9.439E+3,
1.282E008,9.582E+3,
1.284E008,9.530E+3,
1.286E008,9.562E+3,
1.288E008,9.648E+3,
1.29E08,9.709E+3,
1.292E008,9.605E+3,
1.294E008,9.555E+3,
1.296E008,9.560E+3,
1.298E008,9.645E+3,
1.3E08,9.396E+3,
1.302E008,9.595E+3,
1.304E008,9.335E+3,
1.306E008,9.469E+3,
1.308E008,9.602E+3,
1.31E08,9.355E+3,
1.312E008,9.587E+3,
1.314E008,9.578E+3,
1.316E008,9.544E+3,
1.318E008,9.484E+3,
1.32E08,9.497E+3,
1.322E008,9.540E+3,
1.324E008,9.368E+3,
1.326E008,9.461E+3,
1.328E008,9.341E+3,
1.33E08,9.440E+3,
1.332E008,9.635E+3,
1.334E008,9.445E+3,
1.336E008,9.412E+3,
1.338E008,9.481E+3,
1.34E08,9.339E+3,
1.342E008,9.504E+3,
1.344E008,9.492E+3,
1.346E008,9.291E+3,
1.348E008,9.393E+3,
1.35E08,9.411E+3,
1.352E008,9.662E+3,
1.354E008,9.752E+3,
1.356E008,9.423E+3,
1.358E008,9.517E+3,
1.36E08,9.589E+3,
1.362E008,9.635E+3,
1.364E008,9.523E+3,
1.366E008,9.460E+3,
1.368E008,9.546E+3,
1.37E08,9.393E+3,
1.372E008,9.510E+3,
1.374E008,9.775E+3,
1.376E008,9.713E+3,
1.378E008,9.669E+3,
1.38E08,9.485E+3,
1.382E008,9.505E+3,
1.384E008,9.600E+3,
1.386E008,9.347E+3,
1.388E008,9.544E+3,
1.39E08,9.459E+3,
1.392E008,9.409E+3,
1.394E008,9.477E+3,
1.396E008,9.244E+3,
1.398E008,9.313E+3,
1.4E08,9.526E+3,
1.402E008,9.746E+3,
1.404E008,9.746E+3,
1.406E008,9.457E+3,
1.408E008,9.429E+3,
1.41E08,9.693E+3,
1.412E008,9.486E+3,
1.414E008,9.431E+3,
1.416E008,9.440E+3,
1.418E008,9.818E+3,
1.42E08,9.547E+3,
1.422E008,9.684E+3,
1.424E008,9.653E+3,
1.426E008,9.437E+3,
1.428E008,9.319E+3,
1.43E08,9.364E+3,
1.432E008,9.487E+3,
1.434E008,9.323E+3,
1.436E008,9.463E+3,
1.438E008,9.637E+3,
1.44E08,9.434E+3,
1.442E008,9.631E+3,
1.444E008,9.536E+3,
1.446E008,9.383E+3,
1.448E008,9.437E+3,
1.45E08,9.431E+3,
1.452E008,9.677E+3,
1.454E008,9.615E+3,
1.456E008,9.406E+3,
1.458E008,9.510E+3,
1.46E08,9.245E+3,
1.462E008,9.513E+3,
1.464E008,9.459E+3,
1.466E008,9.583E+3,
1.468E008,9.415E+3,
1.47E08,9.504E+3,
1.472E008,9.572E+3,
1.474E008,9.490E+3,
1.476E008,9.522E+3,
1.478E008,9.544E+3,
1.48E08,9.506E+3,
1.482E008,9.266E+3,
1.484E008,9.567E+3,
1.486E008,9.403E+3,
1.488E008,9.378E+3,
1.49E08,9.801E+3,
1.492E008,9.553E+3,
1.494E008,9.377E+3,
1.496E008,9.591E+3,
1.498E008,9.643E+3,
1.5E08,9.536E+3,
1.502E008,9.440E+3,
1.504E008,9.571E+3,
1.506E008,9.366E+3,
1.508E008,9.351E+3,
1.51E08,9.437E+3,
1.512E008,9.621E+3,
1.514E008,9.486E+3,
1.516E008,9.476E+3,
1.518E008,9.332E+3,
1.52E08,9.607E+3,
1.522E008,9.659E+3,
1.524E008,9.524E+3,
1.526E008,9.468E+3,
1.528E008,9.480E+3,
1.53E08,9.510E+3,
1.532E008,9.523E+3,
1.534E008,9.236E+3,
1.536E008,9.432E+3,
1.538E008,9.577E+3,
1.54E08,9.514E+3,
1.542E008,9.511E+3,
1.544E008,9.326E+3,
1.546E008,9.656E+3,
1.548E008,9.423E+3,
1.55E08,9.536E+3,
1.552E008,9.293E+3,
1.554E008,9.323E+3,
1.556E008,9.386E+3,
1.558E008,9.706E+3,
1.56E08,9.332E+3,
1.562E008,9.400E+3,
1.564E008,9.388E+3,
1.566E008,9.401E+3,
1.568E008,9.536E+3,
1.57E08,9.657E+3,
1.572E008,9.472E+3,
1.574E008,9.325E+3,
1.576E008,9.549E+3,
1.578E008,9.672E+3,
1.58E08,9.383E+3,
1.582E008,9.533E+3,
1.584E008,9.320E+3,
1.586E008,9.618E+3,
1.588E008,9.682E+3,
1.59E08,9.500E+3,
1.592E008,9.452E+3,
1.594E008,9.423E+3,
1.596E008,9.460E+3,
1.598E008,9.511E+3,
1.6E08,9.497E+3,
1.602E008,9.598E+3,
1.604E008,9.458E+3,
1.606E008,9.467E+3,
1.608E008,9.528E+3,
1.61E08,9.502E+3,
1.612E008,9.365E+3,
1.614E008,9.488E+3,
1.616E008,9.478E+3,
1.618E008,9.551E+3,
1.62E08,9.423E+3,
1.622E008,9.536E+3,
1.624E008,9.399E+3,
1.626E008,9.362E+3,
1.628E008,9.244E+3,
1.63E08,9.523E+3,
1.632E008,9.588E+3,
1.634E008,9.585E+3,
1.636E008,9.513E+3,
1.638E008,9.513E+3,
1.64E08,9.164E+3,
1.642E008,9.713E+3,
1.644E008,9.496E+3,
1.646E008,9.492E+3,
1.648E008,9.473E+3,
1.65E08,9.560E+3,
1.652E008,9.341E+3,
1.654E008,9.439E+3,
1.656E008,9.616E+3,
1.658E008,9.473E+3,
1.66E08,9.482E+3,
1.662E008,9.653E+3,
1.664E008,9.445E+3,
1.666E008,9.433E+3,
1.668E008,9.677E+3,
1.67E08,9.510E+3,
1.672E008,9.584E+3,
1.674E008,9.497E+3,
1.676E008,9.473E+3,
1.678E008,9.500E+3,
1.68E08,9.383E+3,
1.682E008,9.441E+3,
1.684E008,9.477E+3,
1.686E008,9.449E+3,
1.688E008,9.493E+3,
1.69E08,9.413E+3,
1.692E008,9.547E+3,
1.694E008,9.618E+3,
1.696E008,9.665E+3,
1.698E008,9.547E+3,
1.7E08,9.470E+3,
1.702E008,9.473E+3,
1.704E008,9.506E+3,
1.706E008,9.280E+3,
1.708E008,9.579E+3,
1.71E08,9.274E+3,
1.712E008,9.401E+3,
1.714E008,9.433E+3,
1.716E008,9.354E+3,
1.718E008,9.326E+3,
1.72E08,9.321E+3,
1.722E008,9.438E+3,
1.724E008,9.422E+3,
1.726E008,9.373E+3,
1.728E008,9.452E+3,
1.73E08,9.505E+3,
1.732E008,9.587E+3,
1.734E008,9.491E+3,
1.736E008,9.518E+3,
1.738E008,9.296E+3,
1.74E08,9.447E+3,
1.742E008,9.566E+3,
1.744E008,9.578E+3,
1.746E008,9.500E+3,
1.748E008,9.404E+3,
1.75E08,9.533E+3,
1.752E008,9.559E+3,
1.754E008,9.400E+3,
1.756E008,9.419E+3,
1.758E008,9.484E+3,
1.76E08,9.517E+3,
1.762E008,9.528E+3,
1.764E008,9.532E+3,
1.766E008,9.412E+3,
1.768E008,9.355E+3,
1.77E08,9.498E+3,
1.772E008,9.361E+3,
1.774E008,9.455E+3,
1.776E008,9.627E+3,
1.778E008,9.480E+3,
1.78E08,9.424E+3,
1.782E008,9.567E+3,
1.784E008,9.623E+3,
1.786E008,9.555E+3,
1.788E008,9.538E+3,
1.79E08,9.472E+3,
1.792E008,9.423E+3,
1.794E008,9.458E+3,
1.796E008,9.457E+3,
1.798E008,9.615E+3,
1.8E08,9.536E+3,
1.802E008,9.571E+3,
1.804E008,9.543E+3,
1.806E008,9.413E+3,
1.808E008,9.279E+3,
1.81E08,9.554E+3,
1.812E008,9.492E+3,
1.814E008,9.530E+3,
1.816E008,9.443E+3,
1.818E008,9.314E+3,
1.82E08,9.521E+3,
1.822E008,9.468E+3,
1.824E008,9.590E+3,
1.826E008,9.374E+3,
1.828E008,9.551E+3,
1.83E08,9.418E+3,
1.832E008,9.610E+3,
1.834E008,9.732E+3,
1.836E008,9.326E+3,
1.838E008,9.222E+3,
1.84E08,9.468E+3,
1.842E008,9.692E+3,
1.844E008,9.512E+3,
1.846E008,9.447E+3,
1.848E008,9.556E+3,
1.85E08,9.580E+3,
1.852E008,9.565E+3,
1.854E008,9.494E+3,
1.856E008,9.457E+3,
1.858E008,9.455E+3,
1.86E08,9.332E+3,
1.862E008,9.419E+3,
1.864E008,9.440E+3,
1.866E008,9.664E+3,
1.868E008,9.673E+3,
1.87E08,9.363E+3,
1.872E008,9.440E+3,
1.874E008,9.419E+3,
1.876E008,9.497E+3,
1.878E008,9.490E+3,
1.88E08,9.326E+3,
1.882E008,9.545E+3,
1.884E008,9.345E+3,
1.886E008,9.504E+3,
1.888E008,9.409E+3,
1.89E08,9.480E+3,
1.892E008,9.502E+3,
1.894E008,9.473E+3,
1.896E008,9.642E+3,
1.898E008,9.539E+3,
1.9E08,9.461E+3,
1.902E008,9.507E+3,
1.904E008,9.550E+3,
1.906E008,9.265E+3,
1.908E008,9.301E+3,
1.91E08,9.347E+3,
1.912E008,9.483E+3,
1.914E008,9.419E+3,
1.916E008,9.440E+3,
1.918E008,9.716E+3,
1.92E08,9.405E+3,
1.922E008,9.427E+3,
1.924E008,9.539E+3,
1.926E008,9.630E+3,
1.928E008,9.383E+3,
1.93E08,9.546E+3,
1.932E008,9.624E+3,
1.934E008,9.481E+3,
1.936E008,9.377E+3,
1.938E008,9.568E+3,
1.94E08,9.452E+3,
1.942E008,9.587E+3,
1.944E008,9.445E+3,
1.946E008,9.440E+3,
1.948E008,9.477E+3,
1.95E08,9.415E+3,
1.952E008,9.395E+3,
1.954E008,9.495E+3,
1.956E008,9.424E+3,
1.958E008,9.434E+3,
1.96E08,9.451E+3,
1.962E008,9.591E+3,
1.964E008,9.366E+3,
1.966E008,9.437E+3,
1.968E008,9.411E+3,
1.97E08,9.377E+3,
1.972E008,9.453E+3,
1.974E008,9.409E+3,
1.976E008,9.404E+3,
1.978E008,9.470E+3,
1.98E08,9.475E+3,
1.982E008,9.482E+3,
1.984E008,9.531E+3,
1.986E008,9.435E+3,
1.988E008,9.614E+3,
1.99E08,9.262E+3,
1.992E008,9.630E+3,
1.994E008,9.378E+3,
1.996E008,9.438E+3,
1.998E008,9.300E+3,
