Labels,T18,
Type,Time Scan,
Comment,,
Start,0.00,
Stop,1.998E008,
Step,2E05,
Fixed/Offset, ,
XAxis,Time,
YAxis,Counts,

0.00,1.396E+4,
2E05,3.915E+4,
4E05,3.921E+4,
6E05,3.802E+4,
800000.060000,3.785E+4,
1E06,3.703E+4,
1.2E06,3.726E+4,
1.4E06,3.578E+4,
1.6E06,3.559E+4,
1.8E06,3.545E+4,
2E06,3.516E+4,
2.2E06,3.469E+4,
2.4E06,3.358E+4,
2.6E06,3.366E+4,
2.8E06,3.338E+4,
3E06,3.303E+4,
3.2E06,3.195E+4,
3.4E06,3.149E+4,
3.6E06,3.157E+4,
3.8E06,3.081E+4,
4E06,3.084E+4,
4.2E06,3.035E+4,
4.4E06,3.017E+4,
4.6E06,2.963E+4,
4.8E06,2.950E+4,
5E06,2.918E+4,
5.2E06,2.873E+4,
5.4E06,2.832E+4,
5.6E06,2.784E+4,
5.8E06,2.755E+4,
6E06,2.722E+4,
6.2E06,2.670E+4,
6400000.500000,2.696E+4,
6600000.500000,2.618E+4,
6800000.500000,2.574E+4,
7000000.500000,2.579E+4,
7200000.600000,2.570E+4,
7400000.600000,2.519E+4,
7600000.600000,2.502E+4,
7800000.600000,2.460E+4,
8000000.600000,2.455E+4,
8200000.600000,2.389E+4,
8400000.700000,2.402E+4,
8600000.700000,2.358E+4,
8800000.700000,2.329E+4,
9000000.700000,2.304E+4,
9200000.700000,2.282E+4,
9400000.700000,2.238E+4,
9600000.800000,2.254E+4,
9800000.800000,2.209E+4,
1E07,2.195E+4,
1.02E07,2.158E+4,
1.04E07,2.127E+4,
1.06E07,2.117E+4,
1.08E07,2.093E+4,
1.1E07,2.058E+4,
1.12E07,2.047E+4,
1.14E07,2.044E+4,
1.16E07,2.031E+4,
1.18E07,1.993E+4,
1.2E07,1.974E+4,
1.22E07,1.945E+4,
1.24E07,1.943E+4,
1.26E07,1.906E+4,
1.28E07,1.889E+4,
1.3E07,1.887E+4,
1.32E07,1.860E+4,
1.34E07,1.823E+4,
1.36E07,1.809E+4,
1.38E07,1.818E+4,
1.4E07,1.801E+4,
1.42E07,1.765E+4,
1.44E07,1.759E+4,
1.46E07,1.754E+4,
1.48E07,1.733E+4,
1.5E07,1.706E+4,
1.52E07,1.717E+4,
1.54E07,1.687E+4,
1.56E07,1.657E+4,
1.58E07,1.645E+4,
1.6E07,1.616E+4,
1.62E07,1.633E+4,
1.64E07,1.628E+4,
1.66E07,1.602E+4,
1.68E07,1.585E+4,
1.7E07,1.563E+4,
1.72E07,1.561E+4,
1.74E07,1.548E+4,
1.76E07,1.507E+4,
1.78E07,1.528E+4,
1.8E07,1.512E+4,
1.82E07,1.461E+4,
1.84E07,1.505E+4,
1.86E07,1.473E+4,
1.88E07,1.456E+4,
1.9E07,1.456E+4,
1.92E07,1.450E+4,
1.94E07,1.408E+4,
1.96E07,1.420E+4,
1.98E07,1.432E+4,
2E07,1.412E+4,
2.02E07,1.397E+4,
2.04E07,1.369E+4,
2.06E07,1.386E+4,
2.08E07,1.366E+4,
2.1E07,1.343E+4,
2.12E07,1.333E+4,
2.14E07,1.341E+4,
2.16E07,1.323E+4,
2.18E07,1.305E+4,
2.2E07,1.299E+4,
2.22E07,1.264E+4,
2.24E07,1.287E+4,
2.26E07,1.264E+4,
2.28E07,1.272E+4,
2.3E07,1.273E+4,
2.32E07,1.254E+4,
2.34E07,1.244E+4,
2.36E07,1.251E+4,
2.38E07,1.249E+4,
2.4E07,1.217E+4,
2.42E07,1.220E+4,
2.44E07,1.216E+4,
2.46E07,1.214E+4,
2.48E07,1.195E+4,
2.5E07,1.186E+4,
2.52E07,1.217E+4,
2.54E07,1.158E+4,
2.56E07,1.176E+4,
2.58E07,1.150E+4,
2.6E07,1.157E+4,
2.62E07,1.129E+4,
2.64E07,1.158E+4,
2.66E07,1.128E+4,
2.68E07,1.127E+4,
2.7E07,1.121E+4,
2.72E07,1.121E+4,
2.74E07,1.131E+4,
2.76E07,1.107E+4,
2.78E07,1.101E+4,
2.8E07,1.075E+4,
2.82E07,1.100E+4,
2.84E07,1.070E+4,
2.86E07,1.101E+4,
2.88E07,1.083E+4,
2.9E07,1.084E+4,
2.92E07,1.055E+4,
2.94E07,1.082E+4,
2.96E07,1.054E+4,
2.98E07,1.059E+4,
3E07,1.058E+4,
3.02E07,1.039E+4,
3.04E07,1.033E+4,
3.06E07,1.038E+4,
3.08E07,1.040E+4,
3.1E07,1.030E+4,
3.12E07,9.930E+3,
3.14E07,1.037E+4,
3.16E07,1.018E+4,
3.18E07,1.018E+4,
3.2E07,1.009E+4,
3.22E07,1.014E+4,
3.24E07,1.018E+4,
3.26E07,9.800E+3,
3.28E07,9.967E+3,
3.3E07,9.868E+3,
3.32E07,9.791E+3,
3.34E07,9.996E+3,
3.36E07,9.737E+3,
3.38E07,9.771E+3,
3.4E07,9.701E+3,
3.42E07,9.786E+3,
3.44E07,9.611E+3,
3.46E07,9.599E+3,
3.48E07,9.809E+3,
3.5E07,9.631E+3,
3.52E07,9.539E+3,
3.54E07,9.462E+3,
3.56E07,9.512E+3,
3.58E07,9.427E+3,
3.6E07,9.280E+3,
3.62E07,9.335E+3,
3.64E07,9.569E+3,
3.66E07,9.380E+3,
3.68E07,9.215E+3,
3.7E07,9.294E+3,
3.72E07,9.201E+3,
3.74E07,9.324E+3,
3.76E07,9.228E+3,
3.78E07,9.110E+3,
3.8E07,9.194E+3,
3.82E07,9.025E+3,
3.84E07,8.938E+3,
3.86E07,9.130E+3,
3.88E07,8.990E+3,
3.9E07,9.105E+3,
3.92E07,9.064E+3,
3.94E07,8.952E+3,
3.96E07,8.981E+3,
3.98E07,8.769E+3,
4E07,9.033E+3,
4.02E07,8.918E+3,
4.04E07,8.815E+3,
4.06E07,8.822E+3,
4.08E07,8.854E+3,
4.1E07,8.754E+3,
4.12E07,8.858E+3,
4.14E07,8.848E+3,
4.16E07,9.048E+3,
4.18E07,8.608E+3,
4.2E07,8.738E+3,
4.22E07,8.758E+3,
4.24E07,8.785E+3,
4.26E07,8.630E+3,
4.28E07,8.475E+3,
4.3E07,8.608E+3,
4.32E07,8.736E+3,
4.34E07,8.746E+3,
4.36E07,8.584E+3,
4.38E07,8.678E+3,
4.4E07,8.711E+3,
4.42E07,8.561E+3,
4.44E07,8.288E+3,
4.46E07,8.642E+3,
4.48E07,8.600E+3,
4.5E07,8.279E+3,
4.52E07,8.352E+3,
4.54E07,8.504E+3,
4.56E07,8.586E+3,
4.58E07,8.329E+3,
4.6E07,8.767E+3,
4.62E07,8.304E+3,
4.64E07,8.443E+3,
4.66E07,8.499E+3,
4.68E07,8.575E+3,
4.7E07,8.292E+3,
4.72E07,8.300E+3,
4.74E07,8.278E+3,
4.76E07,8.390E+3,
4.78E07,8.442E+3,
4.8E07,8.536E+3,
4.82E07,8.338E+3,
4.84E07,8.330E+3,
4.86E07,8.265E+3,
4.88E07,8.428E+3,
4.9E07,8.160E+3,
4.92E07,8.163E+3,
4.94E07,8.314E+3,
4.96E07,8.431E+3,
4.98E07,8.200E+3,
5E07,8.102E+3,
5.02E07,8.154E+3,
5.04E07,8.034E+3,
5.06E07,8.185E+3,
5.08E07,8.162E+3,
5.1E07,8.158E+3,
5.12E07,8.249E+3,
5.14E07,8.215E+3,
5.16E07,8.380E+3,
5.18E07,8.189E+3,
5.2E07,8.196E+3,
5.22E07,8.256E+3,
5.24E07,8.092E+3,
5.26E07,8.069E+3,
5.28E07,8.245E+3,
5.3E07,8.127E+3,
5.32E07,8.238E+3,
5.34E07,8.175E+3,
5.36E07,8.215E+3,
5.38E07,8.254E+3,
5.4E07,8.111E+3,
5.42E07,8.218E+3,
5.44E07,7.919E+3,
5.46E07,8.035E+3,
5.48E07,7.900E+3,
5.5E07,8.060E+3,
5.52E07,8.040E+3,
5.54E07,8.113E+3,
5.56E07,7.937E+3,
5.58E07,7.933E+3,
5.6E07,7.972E+3,
5.62E07,7.911E+3,
5.64E07,7.853E+3,
5.66E07,7.791E+3,
5.68E07,7.952E+3,
5.7E07,8.040E+3,
5.72E07,8.048E+3,
5.74E07,8.039E+3,
5.76E07,8.036E+3,
5.78E07,7.923E+3,
5.8E07,7.987E+3,
5.82E07,7.973E+3,
5.84E07,8.128E+3,
5.86E07,7.989E+3,
5.88E07,7.923E+3,
5.9E07,7.940E+3,
5.92E07,7.871E+3,
5.94E07,7.943E+3,
5.96E07,7.859E+3,
5.98E07,7.888E+3,
6E07,7.954E+3,
6.02E07,7.937E+3,
6.04E07,7.890E+3,
6.06E07,7.999E+3,
6.08E07,7.896E+3,
6.1E07,7.954E+3,
6.12E07,7.809E+3,
6.14E07,7.950E+3,
6.16E07,7.972E+3,
6.18E07,7.902E+3,
6.2E07,8.025E+3,
6.22E07,7.918E+3,
6.24E07,7.766E+3,
6.26E07,8.011E+3,
6.28E07,7.931E+3,
6.3E07,8.041E+3,
6.32E07,7.927E+3,
6.34E07,7.938E+3,
6.36E07,7.940E+3,
6.38E07,7.735E+3,
64000005.000000,7.966E+3,
64200005.000000,7.995E+3,
64400005.000000,7.741E+3,
64600005.000000,7.958E+3,
64800005.000000,7.938E+3,
65000005.000000,7.849E+3,
65200005.000000,7.851E+3,
65400005.000000,7.768E+3,
65600005.000000,7.822E+3,
65800005.000000,7.784E+3,
66000005.000000,7.831E+3,
66200005.000000,7.760E+3,
66400005.000000,7.923E+3,
66600005.000000,7.826E+3,
66800005.000000,7.989E+3,
67000005.000000,7.749E+3,
67200005.000000,7.799E+3,
67400005.000000,7.897E+3,
67600005.000000,7.710E+3,
67800005.000000,7.738E+3,
68000005.000000,7.943E+3,
68200005.000000,7.766E+3,
68400005.000000,7.818E+3,
68600005.000000,7.841E+3,
68800005.000000,7.934E+3,
69000005.000000,7.760E+3,
69200005.000000,8.013E+3,
69400005.000000,7.773E+3,
69600005.000000,7.870E+3,
69800005.000000,7.787E+3,
70000005.000000,7.852E+3,
70200005.000000,7.815E+3,
70400006.000000,7.891E+3,
70600006.000000,7.836E+3,
70800006.000000,7.722E+3,
71000006.000000,7.774E+3,
71200006.000000,7.737E+3,
71400006.000000,7.796E+3,
71600006.000000,7.886E+3,
71800006.000000,7.769E+3,
72000006.000000,7.946E+3,
72200006.000000,7.766E+3,
72400006.000000,7.892E+3,
72600006.000000,7.696E+3,
72800006.000000,7.800E+3,
73000006.000000,7.755E+3,
73200006.000000,7.853E+3,
73400006.000000,7.613E+3,
73600006.000000,7.807E+3,
73800006.000000,7.611E+3,
74000006.000000,7.708E+3,
74200006.000000,7.816E+3,
74400006.000000,7.833E+3,
74600006.000000,7.871E+3,
74800006.000000,7.707E+3,
75000006.000000,7.747E+3,
75200006.000000,7.731E+3,
75400006.000000,7.849E+3,
75600006.000000,7.713E+3,
75800006.000000,7.829E+3,
76000006.000000,7.704E+3,
76200006.000000,7.784E+3,
76400006.000000,7.742E+3,
76600006.000000,7.827E+3,
76800006.000000,7.726E+3,
77000006.000000,7.650E+3,
77200006.000000,7.730E+3,
77400006.000000,7.775E+3,
77600006.000000,7.682E+3,
77800006.000000,7.731E+3,
78000006.000000,7.855E+3,
78200006.000000,7.827E+3,
78400006.000000,7.936E+3,
78600006.000000,7.804E+3,
78800006.000000,7.934E+3,
79000006.000000,7.724E+3,
79200006.000000,7.706E+3,
79400006.000000,7.875E+3,
79600006.000000,7.684E+3,
79800006.000000,7.815E+3,
80000006.000000,7.719E+3,
80200006.000000,7.716E+3,
80400006.000000,7.814E+3,
80600006.000000,7.683E+3,
80800006.000000,7.784E+3,
81000006.000000,7.705E+3,
81200006.000000,7.664E+3,
81400006.000000,7.778E+3,
81600006.000000,7.862E+3,
81800006.000000,7.594E+3,
82000006.000000,7.753E+3,
82200006.000000,7.817E+3,
82400006.000000,7.641E+3,
82600006.000000,7.800E+3,
82800006.000000,7.610E+3,
83000006.000000,7.794E+3,
83200007.000000,7.704E+3,
83400007.000000,7.470E+3,
83600007.000000,7.746E+3,
83800007.000000,7.710E+3,
84000007.000000,7.658E+3,
84200007.000000,7.703E+3,
84400007.000000,7.583E+3,
84600007.000000,7.795E+3,
84800007.000000,7.892E+3,
85000007.000000,7.735E+3,
85200007.000000,7.776E+3,
85400007.000000,7.867E+3,
85600007.000000,7.676E+3,
85800007.000000,7.625E+3,
86000007.000000,7.678E+3,
86200007.000000,7.830E+3,
86400007.000000,7.658E+3,
86600007.000000,7.799E+3,
86800007.000000,7.819E+3,
87000007.000000,7.789E+3,
87200007.000000,7.810E+3,
87400007.000000,7.716E+3,
87600007.000000,7.650E+3,
87800007.000000,7.732E+3,
88000007.000000,7.848E+3,
88200007.000000,7.816E+3,
88400007.000000,7.817E+3,
88600007.000000,7.996E+3,
88800007.000000,7.623E+3,
89000007.000000,7.755E+3,
89200007.000000,7.938E+3,
89400007.000000,7.646E+3,
89600007.000000,7.754E+3,
89800007.000000,7.673E+3,
90000007.000000,7.715E+3,
90200007.000000,7.602E+3,
90400007.000000,7.791E+3,
90600007.000000,7.821E+3,
90800007.000000,7.734E+3,
91000007.000000,7.733E+3,
91200007.000000,7.646E+3,
91400007.000000,7.727E+3,
91600007.000000,7.742E+3,
91800007.000000,7.647E+3,
92000007.000000,7.606E+3,
92200007.000000,7.700E+3,
92400007.000000,7.668E+3,
92600007.000000,7.612E+3,
92800007.000000,7.930E+3,
93000007.000000,7.631E+3,
93200007.000000,7.704E+3,
93400007.000000,7.800E+3,
93600007.000000,7.636E+3,
93800007.000000,7.693E+3,
94000007.000000,7.803E+3,
94200007.000000,7.743E+3,
94400007.000000,7.678E+3,
94600007.000000,7.615E+3,
94800007.000000,7.715E+3,
95000007.000000,7.821E+3,
95200007.000000,7.739E+3,
95400007.000000,7.566E+3,
95600007.000000,7.731E+3,
95800007.000000,7.712E+3,
96000008.000000,7.760E+3,
96200008.000000,7.724E+3,
96400008.000000,7.621E+3,
96600008.000000,7.738E+3,
96800008.000000,7.533E+3,
97000008.000000,7.751E+3,
97200008.000000,7.604E+3,
97400008.000000,7.715E+3,
97600008.000000,7.404E+3,
97800008.000000,7.741E+3,
98000008.000000,7.676E+3,
98200008.000000,7.656E+3,
98400008.000000,7.907E+3,
98600008.000000,7.595E+3,
98800008.000000,7.813E+3,
99000008.000000,7.776E+3,
99200008.000000,7.636E+3,
99400008.000000,7.847E+3,
99600008.000000,7.815E+3,
99800008.000000,7.825E+3,
1E08,7.660E+3,
1.002E008,7.747E+3,
1.004E008,7.680E+3,
1.006E008,7.684E+3,
1.008E008,7.589E+3,
1.01E08,7.711E+3,
1.012E008,7.906E+3,
1.014E008,7.711E+3,
1.016E008,7.648E+3,
1.018E008,7.791E+3,
1.02E08,7.649E+3,
1.022E008,7.619E+3,
1.024E008,7.709E+3,
1.026E008,7.669E+3,
1.028E008,7.691E+3,
1.03E08,7.803E+3,
1.032E008,7.822E+3,
1.034E008,7.765E+3,
1.036E008,7.675E+3,
1.038E008,7.852E+3,
1.04E08,7.806E+3,
1.042E008,7.618E+3,
1.044E008,7.820E+3,
1.046E008,7.586E+3,
1.048E008,7.765E+3,
1.05E08,7.672E+3,
1.052E008,7.746E+3,
1.054E008,7.754E+3,
1.056E008,7.569E+3,
1.058E008,7.732E+3,
1.06E08,7.690E+3,
1.062E008,7.602E+3,
1.064E008,7.722E+3,
1.066E008,7.780E+3,
1.068E008,7.724E+3,
1.07E08,7.890E+3,
1.072E008,7.742E+3,
1.074E008,7.767E+3,
1.076E008,7.627E+3,
1.078E008,7.653E+3,
1.08E08,7.799E+3,
1.082E008,7.786E+3,
1.084E008,7.702E+3,
1.086E008,7.791E+3,
1.088E008,7.850E+3,
1.09E08,7.630E+3,
1.092E008,7.650E+3,
1.094E008,7.701E+3,
1.096E008,7.858E+3,
1.098E008,7.833E+3,
1.1E08,7.646E+3,
1.102E008,7.758E+3,
1.104E008,7.737E+3,
1.106E008,7.634E+3,
1.108E008,7.635E+3,
1.11E08,7.766E+3,
1.112E008,7.541E+3,
1.114E008,7.644E+3,
1.116E008,7.734E+3,
1.118E008,7.675E+3,
1.12E08,7.695E+3,
1.122E008,7.716E+3,
1.124E008,7.620E+3,
1.126E008,7.799E+3,
1.128E008,7.634E+3,
1.13E08,7.717E+3,
1.132E008,7.709E+3,
1.134E008,7.673E+3,
1.136E008,7.723E+3,
1.138E008,7.695E+3,
1.14E08,7.649E+3,
1.142E008,7.710E+3,
1.144E008,7.714E+3,
1.146E008,7.700E+3,
1.148E008,7.735E+3,
1.15E08,7.700E+3,
1.152E008,7.703E+3,
1.154E008,7.885E+3,
1.156E008,7.876E+3,
1.158E008,7.845E+3,
1.16E08,7.685E+3,
1.162E008,7.572E+3,
1.164E008,7.766E+3,
1.166E008,7.741E+3,
1.168E008,7.794E+3,
1.17E08,7.819E+3,
1.172E008,7.600E+3,
1.174E008,7.762E+3,
1.176E008,7.678E+3,
1.178E008,7.712E+3,
1.18E08,7.739E+3,
1.182E008,7.484E+3,
1.184E008,7.694E+3,
1.186E008,7.669E+3,
1.188E008,7.669E+3,
1.19E08,7.587E+3,
1.192E008,7.594E+3,
1.194E008,7.687E+3,
1.196E008,7.906E+3,
1.198E008,7.702E+3,
1.2E08,7.684E+3,
1.202E008,7.629E+3,
1.204E008,7.539E+3,
1.206E008,7.697E+3,
1.208E008,7.636E+3,
1.21E08,7.630E+3,
1.212E008,7.677E+3,
1.214E008,7.671E+3,
1.216E008,7.801E+3,
1.218E008,7.694E+3,
1.22E08,7.641E+3,
1.222E008,7.653E+3,
1.224E008,7.778E+3,
1.226E008,7.636E+3,
1.228E008,7.560E+3,
1.23E08,7.570E+3,
1.232E008,7.567E+3,
1.234E008,7.700E+3,
1.236E008,7.957E+3,
1.238E008,7.577E+3,
1.24E08,7.642E+3,
1.242E008,7.669E+3,
1.244E008,7.635E+3,
1.246E008,7.804E+3,
1.248E008,7.785E+3,
1.25E08,7.616E+3,
1.252E008,7.853E+3,
1.254E008,7.707E+3,
1.256E008,7.723E+3,
1.258E008,7.581E+3,
1.26E08,7.681E+3,
1.262E008,7.607E+3,
1.264E008,7.614E+3,
1.266E008,7.673E+3,
1.268E008,7.792E+3,
1.27E08,7.722E+3,
1.272E008,7.639E+3,
1.274E008,7.565E+3,
1.276E008,7.618E+3,
1.278E008,7.791E+3,
1.28E08,7.771E+3,
1.282E008,7.664E+3,
1.284E008,7.810E+3,
1.286E008,7.639E+3,
1.288E008,7.805E+3,
1.29E08,7.822E+3,
1.292E008,7.690E+3,
1.294E008,7.812E+3,
1.296E008,7.746E+3,
1.298E008,7.722E+3,
1.3E08,7.719E+3,
1.302E008,7.736E+3,
1.304E008,7.773E+3,
1.306E008,7.652E+3,
1.308E008,7.751E+3,
1.31E08,7.735E+3,
1.312E008,7.580E+3,
1.314E008,7.586E+3,
1.316E008,7.583E+3,
1.318E008,7.515E+3,
1.32E08,7.795E+3,
1.322E008,7.765E+3,
1.324E008,7.739E+3,
1.326E008,7.661E+3,
1.328E008,7.872E+3,
1.33E08,7.979E+3,
1.332E008,7.748E+3,
1.334E008,7.607E+3,
1.336E008,7.658E+3,
1.338E008,7.772E+3,
1.34E08,7.778E+3,
1.342E008,7.713E+3,
1.344E008,7.553E+3,
1.346E008,7.764E+3,
1.348E008,7.728E+3,
1.35E08,7.778E+3,
1.352E008,7.813E+3,
1.354E008,7.672E+3,
1.356E008,7.601E+3,
1.358E008,7.717E+3,
1.36E08,7.651E+3,
1.362E008,7.612E+3,
1.364E008,7.590E+3,
1.366E008,7.652E+3,
1.368E008,7.769E+3,
1.37E08,7.695E+3,
1.372E008,7.801E+3,
1.374E008,7.700E+3,
1.376E008,7.678E+3,
1.378E008,7.744E+3,
1.38E08,7.930E+3,
1.382E008,7.700E+3,
1.384E008,7.699E+3,
1.386E008,7.674E+3,
1.388E008,7.691E+3,
1.39E08,7.590E+3,
1.392E008,7.782E+3,
1.394E008,7.837E+3,
1.396E008,7.743E+3,
1.398E008,7.674E+3,
1.4E08,7.639E+3,
1.402E008,7.818E+3,
1.404E008,7.720E+3,
1.406E008,7.699E+3,
1.408E008,7.932E+3,
1.41E08,7.878E+3,
1.412E008,7.726E+3,
1.414E008,7.822E+3,
1.416E008,7.899E+3,
1.418E008,7.733E+3,
1.42E08,7.701E+3,
1.422E008,7.803E+3,
1.424E008,7.721E+3,
1.426E008,7.671E+3,
1.428E008,7.723E+3,
1.43E08,7.713E+3,
1.432E008,7.738E+3,
1.434E008,7.705E+3,
1.436E008,7.711E+3,
1.438E008,7.588E+3,
1.44E08,7.628E+3,
1.442E008,7.660E+3,
1.444E008,7.703E+3,
1.446E008,7.658E+3,
1.448E008,7.629E+3,
1.45E08,7.730E+3,
1.452E008,7.581E+3,
1.454E008,7.636E+3,
1.456E008,7.857E+3,
1.458E008,7.754E+3,
1.46E08,7.638E+3,
1.462E008,7.706E+3,
1.464E008,7.721E+3,
1.466E008,7.819E+3,
1.468E008,7.938E+3,
1.47E08,7.768E+3,
1.472E008,7.902E+3,
1.474E008,7.796E+3,
1.476E008,7.873E+3,
1.478E008,7.787E+3,
1.48E08,7.726E+3,
1.482E008,7.536E+3,
1.484E008,7.656E+3,
1.486E008,7.711E+3,
1.488E008,7.754E+3,
1.49E08,7.661E+3,
1.492E008,7.713E+3,
1.494E008,7.832E+3,
1.496E008,7.673E+3,
1.498E008,7.698E+3,
1.5E08,7.729E+3,
1.502E008,7.762E+3,
1.504E008,7.672E+3,
1.506E008,7.668E+3,
1.508E008,7.764E+3,
1.51E08,7.856E+3,
1.512E008,7.647E+3,
1.514E008,7.908E+3,
1.516E008,7.623E+3,
1.518E008,7.731E+3,
1.52E08,7.658E+3,
1.522E008,7.727E+3,
1.524E008,8.052E+3,
1.526E008,7.686E+3,
1.528E008,7.716E+3,
1.53E08,7.661E+3,
1.532E008,7.426E+3,
1.534E008,7.612E+3,
1.536E008,7.723E+3,
1.538E008,7.630E+3,
1.54E08,7.818E+3,
1.542E008,7.904E+3,
1.544E008,7.706E+3,
1.546E008,7.549E+3,
1.548E008,7.724E+3,
1.55E08,7.749E+3,
1.552E008,7.825E+3,
1.554E008,7.715E+3,
1.556E008,7.664E+3,
1.558E008,7.723E+3,
1.56E08,7.869E+3,
1.562E008,7.660E+3,
1.564E008,7.634E+3,
1.566E008,7.908E+3,
1.568E008,7.694E+3,
1.57E08,7.883E+3,
1.572E008,7.746E+3,
1.574E008,7.732E+3,
1.576E008,7.804E+3,
1.578E008,7.800E+3,
1.58E08,7.706E+3,
1.582E008,7.724E+3,
1.584E008,7.830E+3,
1.586E008,7.603E+3,
1.588E008,7.721E+3,
1.59E08,7.659E+3,
1.592E008,7.607E+3,
1.594E008,7.704E+3,
1.596E008,7.592E+3,
1.598E008,7.599E+3,
1.6E08,7.664E+3,
1.602E008,7.772E+3,
1.604E008,7.774E+3,
1.606E008,7.510E+3,
1.608E008,7.812E+3,
1.61E08,7.749E+3,
1.612E008,7.896E+3,
1.614E008,7.678E+3,
1.616E008,7.624E+3,
1.618E008,7.741E+3,
1.62E08,7.704E+3,
1.622E008,7.705E+3,
1.624E008,7.645E+3,
1.626E008,7.675E+3,
1.628E008,7.787E+3,
1.63E08,7.850E+3,
1.632E008,7.684E+3,
1.634E008,7.870E+3,
1.636E008,7.857E+3,
1.638E008,7.570E+3,
1.64E08,7.696E+3,
1.642E008,7.749E+3,
1.644E008,7.833E+3,
1.646E008,7.745E+3,
1.648E008,7.694E+3,
1.65E08,7.665E+3,
1.652E008,7.703E+3,
1.654E008,7.751E+3,
1.656E008,7.770E+3,
1.658E008,7.875E+3,
1.66E08,7.742E+3,
1.662E008,7.593E+3,
1.664E008,7.778E+3,
1.666E008,7.730E+3,
1.668E008,7.805E+3,
1.67E08,7.701E+3,
1.672E008,7.748E+3,
1.674E008,7.624E+3,
1.676E008,7.959E+3,
1.678E008,7.889E+3,
1.68E08,7.718E+3,
1.682E008,7.969E+3,
1.684E008,7.614E+3,
1.686E008,7.680E+3,
1.688E008,7.661E+3,
1.69E08,7.636E+3,
1.692E008,7.908E+3,
1.694E008,7.597E+3,
1.696E008,7.649E+3,
1.698E008,7.675E+3,
1.7E08,7.621E+3,
1.702E008,7.701E+3,
1.704E008,7.616E+3,
1.706E008,7.631E+3,
1.708E008,7.834E+3,
1.71E08,7.795E+3,
1.712E008,7.830E+3,
1.714E008,7.918E+3,
1.716E008,7.840E+3,
1.718E008,7.513E+3,
1.72E08,7.552E+3,
1.722E008,7.766E+3,
1.724E008,7.740E+3,
1.726E008,7.681E+3,
1.728E008,7.544E+3,
1.73E08,7.601E+3,
1.732E008,7.780E+3,
1.734E008,7.490E+3,
1.736E008,7.448E+3,
1.738E008,7.739E+3,
1.74E08,7.688E+3,
1.742E008,7.592E+3,
1.744E008,7.844E+3,
1.746E008,7.619E+3,
1.748E008,7.736E+3,
1.75E08,7.745E+3,
1.752E008,7.516E+3,
1.754E008,7.613E+3,
1.756E008,7.671E+3,
1.758E008,7.554E+3,
1.76E08,7.756E+3,
1.762E008,7.685E+3,
1.764E008,7.679E+3,
1.766E008,7.619E+3,
1.768E008,7.685E+3,
1.77E08,7.823E+3,
1.772E008,7.743E+3,
1.774E008,7.825E+3,
1.776E008,7.806E+3,
1.778E008,7.668E+3,
1.78E08,7.752E+3,
1.782E008,7.677E+3,
1.784E008,7.602E+3,
1.786E008,7.666E+3,
1.788E008,7.691E+3,
1.79E08,7.766E+3,
1.792E008,7.805E+3,
1.794E008,7.525E+3,
1.796E008,7.728E+3,
1.798E008,7.691E+3,
1.8E08,7.620E+3,
1.802E008,7.624E+3,
1.804E008,7.839E+3,
1.806E008,7.682E+3,
1.808E008,7.591E+3,
1.81E08,7.687E+3,
1.812E008,7.539E+3,
1.814E008,7.795E+3,
1.816E008,7.875E+3,
1.818E008,7.710E+3,
1.82E08,7.676E+3,
1.822E008,7.618E+3,
1.824E008,7.645E+3,
1.826E008,7.682E+3,
1.828E008,7.650E+3,
1.83E08,7.677E+3,
1.832E008,7.644E+3,
1.834E008,7.705E+3,
1.836E008,7.691E+3,
1.838E008,7.677E+3,
1.84E08,7.770E+3,
1.842E008,7.767E+3,
1.844E008,7.761E+3,
1.846E008,7.630E+3,
1.848E008,7.813E+3,
1.85E08,7.720E+3,
1.852E008,7.637E+3,
1.854E008,7.932E+3,
1.856E008,7.859E+3,
1.858E008,7.733E+3,
1.86E08,7.710E+3,
1.862E008,7.823E+3,
1.864E008,7.901E+3,
1.866E008,7.758E+3,
1.868E008,7.797E+3,
1.87E08,7.678E+3,
1.872E008,7.828E+3,
1.874E008,7.722E+3,
1.876E008,7.788E+3,
1.878E008,7.637E+3,
1.88E08,7.651E+3,
1.882E008,7.826E+3,
1.884E008,7.668E+3,
1.886E008,7.522E+3,
1.888E008,7.650E+3,
1.89E08,7.662E+3,
1.892E008,7.687E+3,
1.894E008,7.840E+3,
1.896E008,7.642E+3,
1.898E008,7.800E+3,
1.9E08,7.711E+3,
1.902E008,7.678E+3,
1.904E008,7.707E+3,
1.906E008,7.784E+3,
1.908E008,7.744E+3,
1.91E08,7.537E+3,
1.912E008,7.590E+3,
1.914E008,7.662E+3,
1.916E008,7.683E+3,
1.918E008,7.524E+3,
1.92E08,7.752E+3,
1.922E008,7.719E+3,
1.924E008,7.652E+3,
1.926E008,7.908E+3,
1.928E008,7.766E+3,
1.93E08,7.609E+3,
1.932E008,7.760E+3,
1.934E008,7.723E+3,
1.936E008,7.743E+3,
1.938E008,7.895E+3,
1.94E08,7.614E+3,
1.942E008,7.733E+3,
1.944E008,7.725E+3,
1.946E008,7.764E+3,
1.948E008,7.646E+3,
1.95E08,7.602E+3,
1.952E008,7.653E+3,
1.954E008,7.819E+3,
1.956E008,7.699E+3,
1.958E008,7.779E+3,
1.96E08,7.705E+3,
1.962E008,7.828E+3,
1.964E008,7.665E+3,
1.966E008,7.922E+3,
1.968E008,7.709E+3,
1.97E08,7.721E+3,
1.972E008,7.703E+3,
1.974E008,7.699E+3,
1.976E008,7.921E+3,
1.978E008,7.669E+3,
1.98E08,7.742E+3,
1.982E008,7.672E+3,
1.984E008,7.616E+3,
1.986E008,7.737E+3,
1.988E008,7.818E+3,
1.99E08,7.688E+3,
1.992E008,7.704E+3,
1.994E008,7.622E+3,
1.996E008,7.853E+3,
1.998E008,7.534E+3,
