Labels,T18_2ms,
Type,Time Scan,
Comment,,
Start,0.00,
Stop,1.998E008,
Step,2E05,
Fixed/Offset, ,
XAxis,Time,
YAxis,Counts,

0.00,1.265E+4,
2E05,5.870E+4,
4E05,1.094E+5,
6E05,1.561E+5,
800000.060000,1.978E+5,
1E06,2.384E+5,
1.2E06,2.756E+5,
1.4E06,3.103E+5,
1.6E06,3.429E+5,
1.8E06,3.726E+5,
2E06,3.978E+5,
2.2E06,3.976E+5,
2.4E06,3.919E+5,
2.6E06,3.872E+5,
2.8E06,3.818E+5,
3E06,3.772E+5,
3.2E06,3.732E+5,
3.4E06,3.690E+5,
3.6E06,3.633E+5,
3.8E06,3.587E+5,
4E06,3.537E+5,
4.2E06,3.493E+5,
4.4E06,3.452E+5,
4.6E06,3.403E+5,
4.8E06,3.365E+5,
5E06,3.315E+5,
5.2E06,3.285E+5,
5.4E06,3.242E+5,
5.6E06,3.194E+5,
5.8E06,3.150E+5,
6E06,3.110E+5,
6.2E06,3.069E+5,
6400000.500000,3.034E+5,
6600000.500000,2.997E+5,
6800000.500000,2.953E+5,
7000000.500000,2.909E+5,
7200000.600000,2.871E+5,
7400000.600000,2.838E+5,
7600000.600000,2.801E+5,
7800000.600000,2.761E+5,
8000000.600000,2.712E+5,
8200000.600000,2.679E+5,
8400000.700000,2.635E+5,
8600000.700000,2.606E+5,
8800000.700000,2.566E+5,
9000000.700000,2.536E+5,
9200000.700000,2.509E+5,
9400000.700000,2.478E+5,
9600000.800000,2.440E+5,
9800000.800000,2.413E+5,
1E07,2.378E+5,
1.02E07,2.332E+5,
1.04E07,2.317E+5,
1.06E07,2.276E+5,
1.08E07,2.244E+5,
1.1E07,2.219E+5,
1.12E07,2.187E+5,
1.14E07,2.149E+5,
1.16E07,2.125E+5,
1.18E07,2.087E+5,
1.2E07,2.069E+5,
1.22E07,2.039E+5,
1.24E07,2.011E+5,
1.26E07,1.980E+5,
1.28E07,1.947E+5,
1.3E07,1.921E+5,
1.32E07,1.892E+5,
1.34E07,1.876E+5,
1.36E07,1.845E+5,
1.38E07,1.819E+5,
1.4E07,1.790E+5,
1.42E07,1.766E+5,
1.44E07,1.744E+5,
1.46E07,1.718E+5,
1.48E07,1.691E+5,
1.5E07,1.672E+5,
1.52E07,1.645E+5,
1.54E07,1.620E+5,
1.56E07,1.606E+5,
1.58E07,1.582E+5,
1.6E07,1.554E+5,
1.62E07,1.539E+5,
1.64E07,1.510E+5,
1.66E07,1.492E+5,
1.68E07,1.468E+5,
1.7E07,1.442E+5,
1.72E07,1.424E+5,
1.74E07,1.409E+5,
1.76E07,1.389E+5,
1.78E07,1.373E+5,
1.8E07,1.348E+5,
1.82E07,1.329E+5,
1.84E07,1.310E+5,
1.86E07,1.295E+5,
1.88E07,1.275E+5,
1.9E07,1.257E+5,
1.92E07,1.238E+5,
1.94E07,1.222E+5,
1.96E07,1.204E+5,
1.98E07,1.184E+5,
2E07,1.167E+5,
2.02E07,1.155E+5,
2.04E07,1.136E+5,
2.06E07,1.124E+5,
2.08E07,1.108E+5,
2.1E07,1.089E+5,
2.12E07,1.077E+5,
2.14E07,1.058E+5,
2.16E07,1.047E+5,
2.18E07,1.030E+5,
2.2E07,1.018E+5,
2.22E07,9.981E+4,
2.24E07,9.794E+4,
2.26E07,9.705E+4,
2.28E07,9.579E+4,
2.3E07,9.434E+4,
2.32E07,9.283E+4,
2.34E07,9.210E+4,
2.36E07,9.025E+4,
2.38E07,8.892E+4,
2.4E07,8.801E+4,
2.42E07,8.635E+4,
2.44E07,8.519E+4,
2.46E07,8.435E+4,
2.48E07,8.311E+4,
2.5E07,8.162E+4,
2.52E07,8.051E+4,
2.54E07,7.968E+4,
2.56E07,7.807E+4,
2.58E07,7.692E+4,
2.6E07,7.642E+4,
2.62E07,7.485E+4,
2.64E07,7.431E+4,
2.66E07,7.332E+4,
2.68E07,7.200E+4,
2.7E07,7.146E+4,
2.72E07,6.982E+4,
2.74E07,6.911E+4,
2.76E07,6.776E+4,
2.78E07,6.706E+4,
2.8E07,6.640E+4,
2.82E07,6.570E+4,
2.84E07,6.407E+4,
2.86E07,6.355E+4,
2.88E07,6.246E+4,
2.9E07,6.188E+4,
2.92E07,6.099E+4,
2.94E07,5.986E+4,
2.96E07,5.872E+4,
2.98E07,5.783E+4,
3E07,5.764E+4,
3.02E07,5.645E+4,
3.04E07,5.563E+4,
3.06E07,5.533E+4,
3.08E07,5.459E+4,
3.1E07,5.379E+4,
3.12E07,5.306E+4,
3.14E07,5.183E+4,
3.16E07,5.165E+4,
3.18E07,5.087E+4,
3.2E07,5.035E+4,
3.22E07,4.941E+4,
3.24E07,4.940E+4,
3.26E07,4.847E+4,
3.28E07,4.763E+4,
3.3E07,4.675E+4,
3.32E07,4.621E+4,
3.34E07,4.595E+4,
3.36E07,4.561E+4,
3.38E07,4.447E+4,
3.4E07,4.421E+4,
3.42E07,4.334E+4,
3.44E07,4.301E+4,
3.46E07,4.223E+4,
3.48E07,4.162E+4,
3.5E07,4.118E+4,
3.52E07,4.080E+4,
3.54E07,4.006E+4,
3.56E07,3.933E+4,
3.58E07,3.923E+4,
3.6E07,3.817E+4,
3.62E07,3.816E+4,
3.64E07,3.737E+4,
3.66E07,3.733E+4,
3.68E07,3.689E+4,
3.7E07,3.583E+4,
3.72E07,3.555E+4,
3.74E07,3.548E+4,
3.76E07,3.496E+4,
3.78E07,3.439E+4,
3.8E07,3.386E+4,
3.82E07,3.353E+4,
3.84E07,3.327E+4,
3.86E07,3.261E+4,
3.88E07,3.238E+4,
3.9E07,3.161E+4,
3.92E07,3.169E+4,
3.94E07,3.106E+4,
3.96E07,3.091E+4,
3.98E07,3.007E+4,
4E07,3.006E+4,
4.02E07,2.984E+4,
4.04E07,2.944E+4,
4.06E07,2.914E+4,
4.08E07,2.880E+4,
4.1E07,2.827E+4,
4.12E07,2.815E+4,
4.14E07,2.793E+4,
4.16E07,2.768E+4,
4.18E07,2.710E+4,
4.2E07,2.667E+4,
4.22E07,2.633E+4,
4.24E07,2.604E+4,
4.26E07,2.605E+4,
4.28E07,2.549E+4,
4.3E07,2.496E+4,
4.32E07,2.476E+4,
4.34E07,2.458E+4,
4.36E07,2.435E+4,
4.38E07,2.412E+4,
4.4E07,2.372E+4,
4.42E07,2.378E+4,
4.44E07,2.337E+4,
4.46E07,2.313E+4,
4.48E07,2.275E+4,
4.5E07,2.263E+4,
4.52E07,2.200E+4,
4.54E07,2.210E+4,
4.56E07,2.182E+4,
4.58E07,2.144E+4,
4.6E07,2.149E+4,
4.62E07,2.107E+4,
4.64E07,2.076E+4,
4.66E07,2.082E+4,
4.68E07,2.035E+4,
4.7E07,2.036E+4,
4.72E07,2.009E+4,
4.74E07,1.996E+4,
4.76E07,1.968E+4,
4.78E07,1.961E+4,
4.8E07,1.912E+4,
4.82E07,1.903E+4,
4.84E07,1.881E+4,
4.86E07,1.875E+4,
4.88E07,1.837E+4,
4.9E07,1.829E+4,
4.92E07,1.796E+4,
4.94E07,1.803E+4,
4.96E07,1.760E+4,
4.98E07,1.757E+4,
5E07,1.746E+4,
5.02E07,1.736E+4,
5.04E07,1.725E+4,
5.06E07,1.702E+4,
5.08E07,1.686E+4,
5.1E07,1.674E+4,
5.12E07,1.655E+4,
5.14E07,1.617E+4,
5.16E07,1.610E+4,
5.18E07,1.606E+4,
5.2E07,1.602E+4,
5.22E07,1.582E+4,
5.24E07,1.573E+4,
5.26E07,1.560E+4,
5.28E07,1.574E+4,
5.3E07,1.508E+4,
5.32E07,1.514E+4,
5.34E07,1.513E+4,
5.36E07,1.507E+4,
5.38E07,1.495E+4,
5.4E07,1.475E+4,
5.42E07,1.455E+4,
5.44E07,1.445E+4,
5.46E07,1.442E+4,
5.48E07,1.419E+4,
5.5E07,1.424E+4,
5.52E07,1.413E+4,
5.54E07,1.391E+4,
5.56E07,1.375E+4,
5.58E07,1.355E+4,
5.6E07,1.370E+4,
5.62E07,1.355E+4,
5.64E07,1.318E+4,
5.66E07,1.338E+4,
5.68E07,1.295E+4,
5.7E07,1.305E+4,
5.72E07,1.330E+4,
5.74E07,1.310E+4,
5.76E07,1.295E+4,
5.78E07,1.286E+4,
5.8E07,1.266E+4,
5.82E07,1.267E+4,
5.84E07,1.243E+4,
5.86E07,1.261E+4,
5.88E07,1.235E+4,
5.9E07,1.221E+4,
5.92E07,1.229E+4,
5.94E07,1.211E+4,
5.96E07,1.199E+4,
5.98E07,1.183E+4,
6E07,1.168E+4,
6.02E07,1.153E+4,
6.04E07,1.149E+4,
6.06E07,1.176E+4,
6.08E07,1.161E+4,
6.1E07,1.150E+4,
6.12E07,1.135E+4,
6.14E07,1.157E+4,
6.16E07,1.118E+4,
6.18E07,1.123E+4,
6.2E07,1.119E+4,
6.22E07,1.125E+4,
6.24E07,1.099E+4,
6.26E07,1.101E+4,
6.28E07,1.095E+4,
6.3E07,1.083E+4,
6.32E07,1.050E+4,
6.34E07,1.062E+4,
6.36E07,1.080E+4,
6.38E07,1.073E+4,
64000005.000000,1.046E+4,
64200005.000000,1.042E+4,
64400005.000000,1.056E+4,
64600005.000000,1.047E+4,
64800005.000000,1.038E+4,
65000005.000000,1.039E+4,
65200005.000000,1.037E+4,
65400005.000000,1.022E+4,
65600005.000000,1.025E+4,
65800005.000000,1.021E+4,
66000005.000000,1.006E+4,
66200005.000000,1.011E+4,
66400005.000000,1.002E+4,
66600005.000000,9.893E+3,
66800005.000000,1.004E+4,
67000005.000000,9.958E+3,
67200005.000000,9.857E+3,
67400005.000000,9.950E+3,
67600005.000000,9.737E+3,
67800005.000000,9.803E+3,
68000005.000000,9.461E+3,
68200005.000000,9.630E+3,
68400005.000000,9.487E+3,
68600005.000000,9.641E+3,
68800005.000000,9.529E+3,
69000005.000000,9.465E+3,
69200005.000000,9.514E+3,
69400005.000000,9.548E+3,
69600005.000000,9.600E+3,
69800005.000000,9.239E+3,
70000005.000000,9.341E+3,
70200005.000000,9.473E+3,
70400006.000000,9.308E+3,
70600006.000000,9.093E+3,
70800006.000000,9.072E+3,
71000006.000000,9.062E+3,
71200006.000000,9.087E+3,
71400006.000000,8.992E+3,
71600006.000000,8.958E+3,
71800006.000000,9.049E+3,
72000006.000000,9.173E+3,
72200006.000000,8.941E+3,
72400006.000000,8.924E+3,
72600006.000000,8.764E+3,
72800006.000000,8.955E+3,
73000006.000000,8.974E+3,
73200006.000000,8.917E+3,
73400006.000000,8.962E+3,
73600006.000000,8.825E+3,
73800006.000000,8.846E+3,
74000006.000000,8.533E+3,
74200006.000000,8.724E+3,
74400006.000000,8.590E+3,
74600006.000000,8.597E+3,
74800006.000000,8.659E+3,
75000006.000000,8.652E+3,
75200006.000000,8.552E+3,
75400006.000000,8.600E+3,
75600006.000000,8.677E+3,
75800006.000000,8.595E+3,
76000006.000000,8.506E+3,
76200006.000000,8.645E+3,
76400006.000000,8.406E+3,
76600006.000000,8.491E+3,
76800006.000000,8.568E+3,
77000006.000000,8.418E+3,
77200006.000000,8.458E+3,
77400006.000000,8.337E+3,
77600006.000000,8.429E+3,
77800006.000000,8.639E+3,
78000006.000000,8.343E+3,
78200006.000000,8.486E+3,
78400006.000000,8.364E+3,
78600006.000000,8.141E+3,
78800006.000000,8.270E+3,
79000006.000000,8.319E+3,
79200006.000000,8.217E+3,
79400006.000000,8.102E+3,
79600006.000000,8.293E+3,
79800006.000000,8.215E+3,
80000006.000000,8.402E+3,
80200006.000000,8.095E+3,
80400006.000000,8.155E+3,
80600006.000000,8.082E+3,
80800006.000000,8.088E+3,
81000006.000000,8.072E+3,
81200006.000000,8.116E+3,
81400006.000000,7.974E+3,
81600006.000000,8.220E+3,
81800006.000000,8.071E+3,
82000006.000000,8.090E+3,
82200006.000000,8.032E+3,
82400006.000000,8.010E+3,
82600006.000000,8.104E+3,
82800006.000000,8.006E+3,
83000006.000000,7.884E+3,
83200007.000000,8.001E+3,
83400007.000000,8.028E+3,
83600007.000000,8.121E+3,
83800007.000000,7.932E+3,
84000007.000000,7.927E+3,
84200007.000000,7.989E+3,
84400007.000000,7.770E+3,
84600007.000000,7.779E+3,
84800007.000000,8.007E+3,
85000007.000000,7.921E+3,
85200007.000000,7.733E+3,
85400007.000000,7.912E+3,
85600007.000000,7.817E+3,
85800007.000000,7.763E+3,
86000007.000000,7.784E+3,
86200007.000000,7.771E+3,
86400007.000000,7.723E+3,
86600007.000000,7.771E+3,
86800007.000000,7.842E+3,
87000007.000000,7.829E+3,
87200007.000000,7.807E+3,
87400007.000000,7.763E+3,
87600007.000000,7.664E+3,
87800007.000000,7.777E+3,
88000007.000000,7.720E+3,
88200007.000000,7.795E+3,
88400007.000000,7.659E+3,
88600007.000000,7.855E+3,
88800007.000000,7.819E+3,
89000007.000000,7.732E+3,
89200007.000000,7.702E+3,
89400007.000000,7.757E+3,
89600007.000000,7.699E+3,
89800007.000000,7.552E+3,
90000007.000000,7.800E+3,
90200007.000000,7.502E+3,
90400007.000000,7.644E+3,
90600007.000000,7.835E+3,
90800007.000000,7.575E+3,
91000007.000000,7.669E+3,
91200007.000000,7.775E+3,
91400007.000000,7.506E+3,
91600007.000000,7.691E+3,
91800007.000000,7.545E+3,
92000007.000000,7.754E+3,
92200007.000000,7.589E+3,
92400007.000000,7.576E+3,
92600007.000000,7.586E+3,
92800007.000000,7.594E+3,
93000007.000000,7.631E+3,
93200007.000000,7.566E+3,
93400007.000000,7.496E+3,
93600007.000000,7.490E+3,
93800007.000000,7.561E+3,
94000007.000000,7.674E+3,
94200007.000000,7.613E+3,
94400007.000000,7.514E+3,
94600007.000000,7.521E+3,
94800007.000000,7.604E+3,
95000007.000000,7.434E+3,
95200007.000000,7.432E+3,
95400007.000000,7.466E+3,
95600007.000000,7.339E+3,
95800007.000000,7.605E+3,
96000008.000000,7.404E+3,
96200008.000000,7.547E+3,
96400008.000000,7.563E+3,
96600008.000000,7.458E+3,
96800008.000000,7.545E+3,
97000008.000000,7.481E+3,
97200008.000000,7.550E+3,
97400008.000000,7.514E+3,
97600008.000000,7.340E+3,
97800008.000000,7.634E+3,
98000008.000000,7.455E+3,
98200008.000000,7.577E+3,
98400008.000000,7.450E+3,
98600008.000000,7.481E+3,
98800008.000000,7.322E+3,
99000008.000000,7.482E+3,
99200008.000000,7.547E+3,
99400008.000000,7.452E+3,
99600008.000000,7.483E+3,
99800008.000000,7.377E+3,
1E08,7.457E+3,
1.002E008,7.378E+3,
1.004E008,7.479E+3,
1.006E008,7.392E+3,
1.008E008,7.508E+3,
1.01E08,7.489E+3,
1.012E008,7.481E+3,
1.014E008,7.273E+3,
1.016E008,7.170E+3,
1.018E008,7.324E+3,
1.02E08,7.364E+3,
1.022E008,7.389E+3,
1.024E008,7.504E+3,
1.026E008,7.229E+3,
1.028E008,7.437E+3,
1.03E08,7.222E+3,
1.032E008,7.463E+3,
1.034E008,7.513E+3,
1.036E008,7.359E+3,
1.038E008,7.350E+3,
1.04E08,7.379E+3,
1.042E008,7.525E+3,
1.044E008,7.284E+3,
1.046E008,7.434E+3,
1.048E008,7.555E+3,
1.05E08,7.440E+3,
1.052E008,7.343E+3,
1.054E008,7.356E+3,
1.056E008,7.272E+3,
1.058E008,7.453E+3,
1.06E08,7.373E+3,
1.062E008,7.367E+3,
1.064E008,7.468E+3,
1.066E008,7.385E+3,
1.068E008,7.373E+3,
1.07E08,7.413E+3,
1.072E008,7.368E+3,
1.074E008,7.270E+3,
1.076E008,7.307E+3,
1.078E008,7.465E+3,
1.08E08,7.326E+3,
1.082E008,7.250E+3,
1.084E008,7.326E+3,
1.086E008,7.341E+3,
1.088E008,7.455E+3,
1.09E08,7.305E+3,
1.092E008,7.341E+3,
1.094E008,7.340E+3,
1.096E008,7.475E+3,
1.098E008,7.131E+3,
1.1E08,7.485E+3,
1.102E008,7.457E+3,
1.104E008,7.264E+3,
1.106E008,7.247E+3,
1.108E008,7.288E+3,
1.11E08,7.096E+3,
1.112E008,7.292E+3,
1.114E008,7.297E+3,
1.116E008,7.385E+3,
1.118E008,7.295E+3,
1.12E08,7.288E+3,
1.122E008,7.398E+3,
1.124E008,7.274E+3,
1.126E008,7.198E+3,
1.128E008,7.296E+3,
1.13E08,7.449E+3,
1.132E008,7.336E+3,
1.134E008,7.273E+3,
1.136E008,7.229E+3,
1.138E008,7.293E+3,
1.14E08,7.490E+3,
1.142E008,7.487E+3,
1.144E008,7.261E+3,
1.146E008,7.343E+3,
1.148E008,7.303E+3,
1.15E08,7.323E+3,
1.152E008,7.293E+3,
1.154E008,7.224E+3,
1.156E008,7.259E+3,
1.158E008,7.307E+3,
1.16E08,7.115E+3,
1.162E008,7.210E+3,
1.164E008,7.400E+3,
1.166E008,7.418E+3,
1.168E008,7.212E+3,
1.17E08,7.303E+3,
1.172E008,7.306E+3,
1.174E008,7.356E+3,
1.176E008,7.282E+3,
1.178E008,7.224E+3,
1.18E08,7.178E+3,
1.182E008,7.088E+3,
1.184E008,7.360E+3,
1.186E008,7.199E+3,
1.188E008,7.157E+3,
1.19E08,7.361E+3,
1.192E008,7.286E+3,
1.194E008,7.288E+3,
1.196E008,7.362E+3,
1.198E008,7.341E+3,
1.2E08,7.470E+3,
1.202E008,7.227E+3,
1.204E008,7.221E+3,
1.206E008,7.409E+3,
1.208E008,7.317E+3,
1.21E08,7.240E+3,
1.212E008,7.283E+3,
1.214E008,7.415E+3,
1.216E008,7.302E+3,
1.218E008,7.250E+3,
1.22E08,7.311E+3,
1.222E008,7.350E+3,
1.224E008,7.297E+3,
1.226E008,7.233E+3,
1.228E008,7.507E+3,
1.23E08,7.336E+3,
1.232E008,7.253E+3,
1.234E008,7.330E+3,
1.236E008,7.169E+3,
1.238E008,7.294E+3,
1.24E08,7.237E+3,
1.242E008,7.331E+3,
1.244E008,7.233E+3,
1.246E008,7.329E+3,
1.248E008,7.236E+3,
1.25E08,7.266E+3,
1.252E008,7.306E+3,
1.254E008,7.231E+3,
1.256E008,7.193E+3,
1.258E008,7.337E+3,
1.26E08,7.308E+3,
1.262E008,7.108E+3,
1.264E008,7.122E+3,
1.266E008,7.057E+3,
1.268E008,7.355E+3,
1.27E08,7.226E+3,
1.272E008,7.270E+3,
1.274E008,7.456E+3,
1.276E008,7.347E+3,
1.278E008,7.360E+3,
1.28E08,7.209E+3,
1.282E008,7.260E+3,
1.284E008,7.258E+3,
1.286E008,7.200E+3,
1.288E008,7.198E+3,
1.29E08,7.231E+3,
1.292E008,7.237E+3,
1.294E008,7.371E+3,
1.296E008,7.136E+3,
1.298E008,7.237E+3,
1.3E08,7.403E+3,
1.302E008,7.248E+3,
1.304E008,7.382E+3,
1.306E008,7.401E+3,
1.308E008,7.118E+3,
1.31E08,7.314E+3,
1.312E008,7.242E+3,
1.314E008,7.215E+3,
1.316E008,7.235E+3,
1.318E008,7.234E+3,
1.32E08,7.244E+3,
1.322E008,7.263E+3,
1.324E008,7.303E+3,
1.326E008,7.405E+3,
1.328E008,7.170E+3,
1.33E08,7.351E+3,
1.332E008,7.340E+3,
1.334E008,7.340E+3,
1.336E008,7.271E+3,
1.338E008,7.108E+3,
1.34E08,7.292E+3,
1.342E008,7.229E+3,
1.344E008,7.278E+3,
1.346E008,7.194E+3,
1.348E008,7.141E+3,
1.35E08,7.383E+3,
1.352E008,7.295E+3,
1.354E008,7.156E+3,
1.356E008,7.079E+3,
1.358E008,7.346E+3,
1.36E08,7.288E+3,
1.362E008,7.389E+3,
1.364E008,7.382E+3,
1.366E008,7.250E+3,
1.368E008,7.036E+3,
1.37E08,7.319E+3,
1.372E008,7.315E+3,
1.374E008,7.249E+3,
1.376E008,7.186E+3,
1.378E008,7.355E+3,
1.38E08,7.126E+3,
1.382E008,7.217E+3,
1.384E008,7.411E+3,
1.386E008,7.298E+3,
1.388E008,7.287E+3,
1.39E08,7.275E+3,
1.392E008,7.182E+3,
1.394E008,7.192E+3,
1.396E008,7.110E+3,
1.398E008,7.287E+3,
1.4E08,7.445E+3,
1.402E008,7.216E+3,
1.404E008,7.286E+3,
1.406E008,7.467E+3,
1.408E008,7.405E+3,
1.41E08,7.112E+3,
1.412E008,7.283E+3,
1.414E008,7.177E+3,
1.416E008,7.420E+3,
1.418E008,7.063E+3,
1.42E08,7.330E+3,
1.422E008,7.295E+3,
1.424E008,7.253E+3,
1.426E008,7.190E+3,
1.428E008,7.108E+3,
1.43E08,7.488E+3,
1.432E008,7.290E+3,
1.434E008,7.184E+3,
1.436E008,7.241E+3,
1.438E008,7.159E+3,
1.44E08,7.262E+3,
1.442E008,7.413E+3,
1.444E008,7.160E+3,
1.446E008,7.245E+3,
1.448E008,7.302E+3,
1.45E08,7.356E+3,
1.452E008,7.279E+3,
1.454E008,7.254E+3,
1.456E008,7.135E+3,
1.458E008,7.160E+3,
1.46E08,7.432E+3,
1.462E008,7.128E+3,
1.464E008,7.248E+3,
1.466E008,7.184E+3,
1.468E008,7.121E+3,
1.47E08,7.251E+3,
1.472E008,7.066E+3,
1.474E008,7.145E+3,
1.476E008,7.348E+3,
1.478E008,7.187E+3,
1.48E08,7.234E+3,
1.482E008,7.203E+3,
1.484E008,7.249E+3,
1.486E008,7.256E+3,
1.488E008,7.402E+3,
1.49E08,7.301E+3,
1.492E008,7.299E+3,
1.494E008,7.279E+3,
1.496E008,7.294E+3,
1.498E008,7.180E+3,
1.5E08,7.156E+3,
1.502E008,7.101E+3,
1.504E008,7.299E+3,
1.506E008,7.332E+3,
1.508E008,7.234E+3,
1.51E08,7.272E+3,
1.512E008,7.311E+3,
1.514E008,7.209E+3,
1.516E008,7.179E+3,
1.518E008,7.295E+3,
1.52E08,7.171E+3,
1.522E008,7.232E+3,
1.524E008,7.082E+3,
1.526E008,7.374E+3,
1.528E008,7.145E+3,
1.53E08,7.323E+3,
1.532E008,7.168E+3,
1.534E008,7.195E+3,
1.536E008,7.204E+3,
1.538E008,7.123E+3,
1.54E08,7.138E+3,
1.542E008,7.237E+3,
1.544E008,7.181E+3,
1.546E008,7.217E+3,
1.548E008,7.302E+3,
1.55E08,7.317E+3,
1.552E008,7.167E+3,
1.554E008,7.343E+3,
1.556E008,7.267E+3,
1.558E008,7.240E+3,
1.56E08,7.168E+3,
1.562E008,7.534E+3,
1.564E008,7.270E+3,
1.566E008,7.189E+3,
1.568E008,7.117E+3,
1.57E08,7.273E+3,
1.572E008,7.369E+3,
1.574E008,7.425E+3,
1.576E008,7.252E+3,
1.578E008,7.176E+3,
1.58E08,7.173E+3,
1.582E008,7.254E+3,
1.584E008,7.140E+3,
1.586E008,7.274E+3,
1.588E008,7.244E+3,
1.59E08,7.339E+3,
1.592E008,7.242E+3,
1.594E008,7.223E+3,
1.596E008,7.086E+3,
1.598E008,7.246E+3,
1.6E08,7.321E+3,
1.602E008,7.222E+3,
1.604E008,7.389E+3,
1.606E008,7.287E+3,
1.608E008,7.366E+3,
1.61E08,7.387E+3,
1.612E008,7.479E+3,
1.614E008,7.029E+3,
1.616E008,7.121E+3,
1.618E008,7.127E+3,
1.62E08,7.297E+3,
1.622E008,7.399E+3,
1.624E008,7.212E+3,
1.626E008,7.325E+3,
1.628E008,7.270E+3,
1.63E08,7.439E+3,
1.632E008,7.312E+3,
1.634E008,7.251E+3,
1.636E008,7.233E+3,
1.638E008,7.253E+3,
1.64E08,7.325E+3,
1.642E008,7.281E+3,
1.644E008,7.145E+3,
1.646E008,7.463E+3,
1.648E008,7.367E+3,
1.65E08,7.377E+3,
1.652E008,7.247E+3,
1.654E008,7.096E+3,
1.656E008,7.167E+3,
1.658E008,7.306E+3,
1.66E08,7.286E+3,
1.662E008,7.174E+3,
1.664E008,7.202E+3,
1.666E008,7.278E+3,
1.668E008,7.098E+3,
1.67E08,7.251E+3,
1.672E008,7.297E+3,
1.674E008,7.329E+3,
1.676E008,7.172E+3,
1.678E008,7.361E+3,
1.68E08,7.269E+3,
1.682E008,7.252E+3,
1.684E008,7.300E+3,
1.686E008,7.203E+3,
1.688E008,7.233E+3,
1.69E08,7.245E+3,
1.692E008,7.285E+3,
1.694E008,7.293E+3,
1.696E008,7.289E+3,
1.698E008,7.275E+3,
1.7E08,7.122E+3,
1.702E008,7.207E+3,
1.704E008,7.283E+3,
1.706E008,7.145E+3,
1.708E008,7.283E+3,
1.71E08,7.330E+3,
1.712E008,7.357E+3,
1.714E008,7.168E+3,
1.716E008,7.200E+3,
1.718E008,7.216E+3,
1.72E08,7.282E+3,
1.722E008,7.059E+3,
1.724E008,7.284E+3,
1.726E008,7.365E+3,
1.728E008,7.307E+3,
1.73E08,7.252E+3,
1.732E008,7.227E+3,
1.734E008,7.244E+3,
1.736E008,7.343E+3,
1.738E008,7.497E+3,
1.74E08,7.331E+3,
1.742E008,7.135E+3,
1.744E008,7.312E+3,
1.746E008,7.335E+3,
1.748E008,7.023E+3,
1.75E08,7.386E+3,
1.752E008,7.240E+3,
1.754E008,7.238E+3,
1.756E008,7.316E+3,
1.758E008,7.255E+3,
1.76E08,7.256E+3,
1.762E008,7.077E+3,
1.764E008,7.099E+3,
1.766E008,7.179E+3,
1.768E008,7.257E+3,
1.77E08,7.087E+3,
1.772E008,7.205E+3,
1.774E008,7.128E+3,
1.776E008,7.403E+3,
1.778E008,7.248E+3,
1.78E08,7.164E+3,
1.782E008,7.189E+3,
1.784E008,7.115E+3,
1.786E008,7.394E+3,
1.788E008,7.293E+3,
1.79E08,7.209E+3,
1.792E008,7.250E+3,
1.794E008,7.297E+3,
1.796E008,7.366E+3,
1.798E008,7.223E+3,
1.8E08,7.190E+3,
1.802E008,7.205E+3,
1.804E008,7.379E+3,
1.806E008,7.138E+3,
1.808E008,7.174E+3,
1.81E08,7.296E+3,
1.812E008,7.398E+3,
1.814E008,7.219E+3,
1.816E008,7.236E+3,
1.818E008,7.088E+3,
1.82E08,7.213E+3,
1.822E008,7.350E+3,
1.824E008,7.306E+3,
1.826E008,7.323E+3,
1.828E008,7.166E+3,
1.83E08,7.133E+3,
1.832E008,7.265E+3,
1.834E008,7.363E+3,
1.836E008,7.164E+3,
1.838E008,7.221E+3,
1.84E08,7.229E+3,
1.842E008,7.253E+3,
1.844E008,7.382E+3,
1.846E008,7.309E+3,
1.848E008,7.135E+3,
1.85E08,7.391E+3,
1.852E008,7.213E+3,
1.854E008,7.029E+3,
1.856E008,7.214E+3,
1.858E008,7.302E+3,
1.86E08,7.371E+3,
1.862E008,7.270E+3,
1.864E008,7.262E+3,
1.866E008,7.195E+3,
1.868E008,7.237E+3,
1.87E08,7.401E+3,
1.872E008,7.319E+3,
1.874E008,7.207E+3,
1.876E008,7.212E+3,
1.878E008,7.133E+3,
1.88E08,7.307E+3,
1.882E008,7.209E+3,
1.884E008,7.385E+3,
1.886E008,7.265E+3,
1.888E008,7.358E+3,
1.89E08,7.444E+3,
1.892E008,7.343E+3,
1.894E008,7.256E+3,
1.896E008,7.274E+3,
1.898E008,7.226E+3,
1.9E08,7.144E+3,
1.902E008,7.116E+3,
1.904E008,7.308E+3,
1.906E008,7.111E+3,
1.908E008,7.133E+3,
1.91E08,7.198E+3,
1.912E008,7.318E+3,
1.914E008,7.258E+3,
1.916E008,7.414E+3,
1.918E008,7.497E+3,
1.92E08,7.264E+3,
1.922E008,7.232E+3,
1.924E008,7.183E+3,
1.926E008,7.465E+3,
1.928E008,7.303E+3,
1.93E08,7.257E+3,
1.932E008,7.306E+3,
1.934E008,7.267E+3,
1.936E008,7.306E+3,
1.938E008,7.288E+3,
1.94E08,7.326E+3,
1.942E008,7.426E+3,
1.944E008,7.222E+3,
1.946E008,7.121E+3,
1.948E008,7.119E+3,
1.95E08,7.235E+3,
1.952E008,7.325E+3,
1.954E008,7.206E+3,
1.956E008,7.187E+3,
1.958E008,7.326E+3,
1.96E08,7.155E+3,
1.962E008,7.434E+3,
1.964E008,7.277E+3,
1.966E008,7.243E+3,
1.968E008,7.275E+3,
1.97E08,7.327E+3,
1.972E008,7.271E+3,
1.974E008,7.230E+3,
1.976E008,7.220E+3,
1.978E008,7.142E+3,
1.98E08,7.250E+3,
1.982E008,7.274E+3,
1.984E008,7.142E+3,
1.986E008,7.291E+3,
1.988E008,7.213E+3,
1.99E08,7.068E+3,
1.992E008,7.199E+3,
1.994E008,7.346E+3,
1.996E008,7.107E+3,
1.998E008,7.251E+3,
