Labels,T19_2ms,
Type,Time Scan,
Comment,,
Start,0.00,
Stop,1.998E008,
Step,2E05,
Fixed/Offset, ,
XAxis,Time,
YAxis,Counts,

0.00,1.238E+4,
2E05,5.682E+4,
4E05,1.044E+5,
6E05,1.485E+5,
800000.060000,1.895E+5,
1E06,2.271E+5,
1.2E06,2.619E+5,
1.4E06,2.962E+5,
1.6E06,3.228E+5,
1.8E06,3.515E+5,
2E06,3.746E+5,
2.2E06,3.702E+5,
2.4E06,3.648E+5,
2.6E06,3.585E+5,
2.8E06,3.522E+5,
3E06,3.466E+5,
3.2E06,3.394E+5,
3.4E06,3.334E+5,
3.6E06,3.273E+5,
3.8E06,3.225E+5,
4E06,3.159E+5,
4.2E06,3.103E+5,
4.4E06,3.056E+5,
4.6E06,3.001E+5,
4.8E06,2.945E+5,
5E06,2.879E+5,
5.2E06,2.830E+5,
5.4E06,2.777E+5,
5.6E06,2.726E+5,
5.8E06,2.682E+5,
6E06,2.640E+5,
6.2E06,2.592E+5,
6400000.500000,2.541E+5,
6600000.500000,2.496E+5,
6800000.500000,2.439E+5,
7000000.500000,2.400E+5,
7200000.600000,2.362E+5,
7400000.600000,2.316E+5,
7600000.600000,2.274E+5,
7800000.600000,2.231E+5,
8000000.600000,2.183E+5,
8200000.600000,2.145E+5,
8400000.700000,2.111E+5,
8600000.700000,2.077E+5,
8800000.700000,2.032E+5,
9000000.700000,1.995E+5,
9200000.700000,1.953E+5,
9400000.700000,1.918E+5,
9600000.800000,1.873E+5,
9800000.800000,1.845E+5,
1E07,1.807E+5,
1.02E07,1.778E+5,
1.04E07,1.740E+5,
1.06E07,1.708E+5,
1.08E07,1.676E+5,
1.1E07,1.642E+5,
1.12E07,1.614E+5,
1.14E07,1.584E+5,
1.16E07,1.553E+5,
1.18E07,1.529E+5,
1.2E07,1.499E+5,
1.22E07,1.470E+5,
1.24E07,1.442E+5,
1.26E07,1.412E+5,
1.28E07,1.384E+5,
1.3E07,1.358E+5,
1.32E07,1.333E+5,
1.34E07,1.307E+5,
1.36E07,1.285E+5,
1.38E07,1.249E+5,
1.4E07,1.233E+5,
1.42E07,1.211E+5,
1.44E07,1.188E+5,
1.46E07,1.155E+5,
1.48E07,1.141E+5,
1.5E07,1.118E+5,
1.52E07,1.096E+5,
1.54E07,1.083E+5,
1.56E07,1.055E+5,
1.58E07,1.035E+5,
1.6E07,1.019E+5,
1.62E07,9.906E+4,
1.64E07,9.803E+4,
1.66E07,9.564E+4,
1.68E07,9.392E+4,
1.7E07,9.260E+4,
1.72E07,9.040E+4,
1.74E07,8.872E+4,
1.76E07,8.700E+4,
1.78E07,8.544E+4,
1.8E07,8.364E+4,
1.82E07,8.201E+4,
1.84E07,8.088E+4,
1.86E07,7.935E+4,
1.88E07,7.769E+4,
1.9E07,7.636E+4,
1.92E07,7.385E+4,
1.94E07,7.320E+4,
1.96E07,7.204E+4,
1.98E07,7.099E+4,
2E07,6.911E+4,
2.02E07,6.806E+4,
2.04E07,6.622E+4,
2.06E07,6.635E+4,
2.08E07,6.444E+4,
2.1E07,6.327E+4,
2.12E07,6.240E+4,
2.14E07,6.114E+4,
2.16E07,5.955E+4,
2.18E07,5.853E+4,
2.2E07,5.749E+4,
2.22E07,5.611E+4,
2.24E07,5.532E+4,
2.26E07,5.449E+4,
2.28E07,5.317E+4,
2.3E07,5.240E+4,
2.32E07,5.154E+4,
2.34E07,5.027E+4,
2.36E07,4.978E+4,
2.38E07,4.866E+4,
2.4E07,4.792E+4,
2.42E07,4.684E+4,
2.44E07,4.625E+4,
2.46E07,4.518E+4,
2.48E07,4.428E+4,
2.5E07,4.378E+4,
2.52E07,4.296E+4,
2.54E07,4.240E+4,
2.56E07,4.144E+4,
2.58E07,4.108E+4,
2.6E07,3.988E+4,
2.62E07,3.907E+4,
2.64E07,3.831E+4,
2.66E07,3.813E+4,
2.68E07,3.762E+4,
2.7E07,3.680E+4,
2.72E07,3.638E+4,
2.74E07,3.561E+4,
2.76E07,3.483E+4,
2.78E07,3.447E+4,
2.8E07,3.396E+4,
2.82E07,3.315E+4,
2.84E07,3.276E+4,
2.86E07,3.220E+4,
2.88E07,3.166E+4,
2.9E07,3.119E+4,
2.92E07,3.054E+4,
2.94E07,3.020E+4,
2.96E07,2.989E+4,
2.98E07,2.925E+4,
3E07,2.867E+4,
3.02E07,2.841E+4,
3.04E07,2.796E+4,
3.06E07,2.734E+4,
3.08E07,2.674E+4,
3.1E07,2.636E+4,
3.12E07,2.607E+4,
3.14E07,2.578E+4,
3.16E07,2.540E+4,
3.18E07,2.508E+4,
3.2E07,2.463E+4,
3.22E07,2.427E+4,
3.24E07,2.399E+4,
3.26E07,2.339E+4,
3.28E07,2.304E+4,
3.3E07,2.305E+4,
3.32E07,2.242E+4,
3.34E07,2.197E+4,
3.36E07,2.171E+4,
3.38E07,2.160E+4,
3.4E07,2.109E+4,
3.42E07,2.102E+4,
3.44E07,2.078E+4,
3.46E07,2.023E+4,
3.48E07,1.996E+4,
3.5E07,1.991E+4,
3.52E07,1.954E+4,
3.54E07,1.924E+4,
3.56E07,1.885E+4,
3.58E07,1.875E+4,
3.6E07,1.859E+4,
3.62E07,1.840E+4,
3.64E07,1.784E+4,
3.66E07,1.760E+4,
3.68E07,1.748E+4,
3.7E07,1.735E+4,
3.72E07,1.718E+4,
3.74E07,1.682E+4,
3.76E07,1.648E+4,
3.78E07,1.656E+4,
3.8E07,1.616E+4,
3.82E07,1.591E+4,
3.84E07,1.574E+4,
3.86E07,1.585E+4,
3.88E07,1.579E+4,
3.9E07,1.545E+4,
3.92E07,1.519E+4,
3.94E07,1.511E+4,
3.96E07,1.509E+4,
3.98E07,1.464E+4,
4E07,1.465E+4,
4.02E07,1.437E+4,
4.04E07,1.399E+4,
4.06E07,1.393E+4,
4.08E07,1.394E+4,
4.1E07,1.385E+4,
4.12E07,1.349E+4,
4.14E07,1.341E+4,
4.16E07,1.322E+4,
4.18E07,1.307E+4,
4.2E07,1.298E+4,
4.22E07,1.294E+4,
4.24E07,1.264E+4,
4.26E07,1.286E+4,
4.28E07,1.282E+4,
4.3E07,1.258E+4,
4.32E07,1.235E+4,
4.34E07,1.249E+4,
4.36E07,1.219E+4,
4.38E07,1.210E+4,
4.4E07,1.210E+4,
4.42E07,1.187E+4,
4.44E07,1.188E+4,
4.46E07,1.150E+4,
4.48E07,1.167E+4,
4.5E07,1.135E+4,
4.52E07,1.112E+4,
4.54E07,1.155E+4,
4.56E07,1.100E+4,
4.58E07,1.086E+4,
4.6E07,1.108E+4,
4.62E07,1.103E+4,
4.64E07,1.098E+4,
4.66E07,1.125E+4,
4.68E07,1.072E+4,
4.7E07,1.092E+4,
4.72E07,1.039E+4,
4.74E07,1.055E+4,
4.76E07,1.049E+4,
4.78E07,1.039E+4,
4.8E07,1.043E+4,
4.82E07,1.016E+4,
4.84E07,1.015E+4,
4.86E07,1.010E+4,
4.88E07,1.012E+4,
4.9E07,9.929E+3,
4.92E07,9.747E+3,
4.94E07,9.892E+3,
4.96E07,9.943E+3,
4.98E07,9.899E+3,
5E07,9.754E+3,
5.02E07,9.709E+3,
5.04E07,9.800E+3,
5.06E07,9.595E+3,
5.08E07,9.436E+3,
5.1E07,9.448E+3,
5.12E07,9.376E+3,
5.14E07,9.417E+3,
5.16E07,9.531E+3,
5.18E07,9.388E+3,
5.2E07,9.205E+3,
5.22E07,8.981E+3,
5.24E07,9.063E+3,
5.26E07,9.323E+3,
5.28E07,9.101E+3,
5.3E07,9.064E+3,
5.32E07,8.923E+3,
5.34E07,8.983E+3,
5.36E07,8.939E+3,
5.38E07,9.135E+3,
5.4E07,8.915E+3,
5.42E07,8.880E+3,
5.44E07,8.833E+3,
5.46E07,8.833E+3,
5.48E07,8.840E+3,
5.5E07,8.582E+3,
5.52E07,8.634E+3,
5.54E07,8.667E+3,
5.56E07,8.629E+3,
5.58E07,8.592E+3,
5.6E07,8.395E+3,
5.62E07,8.597E+3,
5.64E07,8.218E+3,
5.66E07,8.252E+3,
5.68E07,8.522E+3,
5.7E07,8.504E+3,
5.72E07,8.264E+3,
5.74E07,8.283E+3,
5.76E07,8.286E+3,
5.78E07,8.291E+3,
5.8E07,8.186E+3,
5.82E07,8.294E+3,
5.84E07,8.268E+3,
5.86E07,8.085E+3,
5.88E07,8.109E+3,
5.9E07,8.145E+3,
5.92E07,8.263E+3,
5.94E07,8.100E+3,
5.96E07,8.018E+3,
5.98E07,7.949E+3,
6E07,8.366E+3,
6.02E07,8.014E+3,
6.04E07,8.221E+3,
6.06E07,8.174E+3,
6.08E07,7.969E+3,
6.1E07,7.921E+3,
6.12E07,8.000E+3,
6.14E07,7.791E+3,
6.16E07,7.958E+3,
6.18E07,7.910E+3,
6.2E07,7.845E+3,
6.22E07,7.922E+3,
6.24E07,7.747E+3,
6.26E07,8.000E+3,
6.28E07,7.787E+3,
6.3E07,7.661E+3,
6.32E07,7.829E+3,
6.34E07,7.698E+3,
6.36E07,7.745E+3,
6.38E07,7.773E+3,
64000005.000000,7.864E+3,
64200005.000000,7.687E+3,
64400005.000000,7.593E+3,
64600005.000000,7.699E+3,
64800005.000000,7.817E+3,
65000005.000000,7.719E+3,
65200005.000000,7.695E+3,
65400005.000000,7.684E+3,
65600005.000000,7.773E+3,
65800005.000000,7.756E+3,
66000005.000000,7.708E+3,
66200005.000000,7.583E+3,
66400005.000000,7.707E+3,
66600005.000000,7.578E+3,
66800005.000000,7.654E+3,
67000005.000000,7.478E+3,
67200005.000000,7.587E+3,
67400005.000000,7.662E+3,
67600005.000000,7.676E+3,
67800005.000000,7.676E+3,
68000005.000000,7.512E+3,
68200005.000000,7.590E+3,
68400005.000000,7.556E+3,
68600005.000000,7.821E+3,
68800005.000000,7.603E+3,
69000005.000000,7.602E+3,
69200005.000000,7.532E+3,
69400005.000000,7.559E+3,
69600005.000000,7.649E+3,
69800005.000000,7.704E+3,
70000005.000000,7.519E+3,
70200005.000000,7.422E+3,
70400006.000000,7.654E+3,
70600006.000000,7.550E+3,
70800006.000000,7.467E+3,
71000006.000000,7.371E+3,
71200006.000000,7.414E+3,
71400006.000000,7.554E+3,
71600006.000000,7.509E+3,
71800006.000000,7.442E+3,
72000006.000000,7.293E+3,
72200006.000000,7.204E+3,
72400006.000000,7.285E+3,
72600006.000000,7.258E+3,
72800006.000000,7.425E+3,
73000006.000000,7.357E+3,
73200006.000000,7.585E+3,
73400006.000000,7.422E+3,
73600006.000000,7.286E+3,
73800006.000000,7.436E+3,
74000006.000000,7.404E+3,
74200006.000000,7.310E+3,
74400006.000000,7.448E+3,
74600006.000000,7.447E+3,
74800006.000000,7.297E+3,
75000006.000000,7.374E+3,
75200006.000000,7.297E+3,
75400006.000000,7.259E+3,
75600006.000000,7.480E+3,
75800006.000000,7.261E+3,
76000006.000000,7.457E+3,
76200006.000000,7.276E+3,
76400006.000000,7.328E+3,
76600006.000000,7.351E+3,
76800006.000000,7.305E+3,
77000006.000000,7.250E+3,
77200006.000000,7.350E+3,
77400006.000000,7.522E+3,
77600006.000000,7.365E+3,
77800006.000000,7.228E+3,
78000006.000000,7.194E+3,
78200006.000000,7.406E+3,
78400006.000000,7.225E+3,
78600006.000000,7.303E+3,
78800006.000000,7.379E+3,
79000006.000000,7.345E+3,
79200006.000000,7.404E+3,
79400006.000000,7.319E+3,
79600006.000000,7.293E+3,
79800006.000000,7.227E+3,
80000006.000000,7.234E+3,
80200006.000000,7.144E+3,
80400006.000000,7.346E+3,
80600006.000000,7.366E+3,
80800006.000000,7.333E+3,
81000006.000000,7.304E+3,
81200006.000000,7.345E+3,
81400006.000000,7.026E+3,
81600006.000000,7.184E+3,
81800006.000000,7.165E+3,
82000006.000000,7.228E+3,
82200006.000000,7.296E+3,
82400006.000000,7.210E+3,
82600006.000000,7.117E+3,
82800006.000000,7.148E+3,
83000006.000000,7.327E+3,
83200007.000000,7.384E+3,
83400007.000000,7.120E+3,
83600007.000000,7.158E+3,
83800007.000000,7.201E+3,
84000007.000000,7.248E+3,
84200007.000000,7.185E+3,
84400007.000000,7.207E+3,
84600007.000000,7.162E+3,
84800007.000000,7.193E+3,
85000007.000000,7.391E+3,
85200007.000000,7.082E+3,
85400007.000000,7.063E+3,
85600007.000000,7.191E+3,
85800007.000000,7.096E+3,
86000007.000000,7.123E+3,
86200007.000000,7.227E+3,
86400007.000000,7.208E+3,
86600007.000000,7.194E+3,
86800007.000000,7.213E+3,
87000007.000000,7.060E+3,
87200007.000000,7.351E+3,
87400007.000000,7.294E+3,
87600007.000000,7.156E+3,
87800007.000000,7.220E+3,
88000007.000000,7.088E+3,
88200007.000000,7.094E+3,
88400007.000000,7.344E+3,
88600007.000000,7.230E+3,
88800007.000000,7.343E+3,
89000007.000000,7.095E+3,
89200007.000000,7.308E+3,
89400007.000000,7.227E+3,
89600007.000000,7.232E+3,
89800007.000000,7.367E+3,
90000007.000000,7.278E+3,
90200007.000000,7.177E+3,
90400007.000000,7.262E+3,
90600007.000000,7.418E+3,
90800007.000000,7.243E+3,
91000007.000000,7.253E+3,
91200007.000000,7.332E+3,
91400007.000000,7.445E+3,
91600007.000000,7.284E+3,
91800007.000000,7.154E+3,
92000007.000000,7.248E+3,
92200007.000000,7.139E+3,
92400007.000000,7.174E+3,
92600007.000000,7.226E+3,
92800007.000000,7.138E+3,
93000007.000000,7.228E+3,
93200007.000000,7.212E+3,
93400007.000000,7.410E+3,
93600007.000000,7.132E+3,
93800007.000000,7.199E+3,
94000007.000000,7.365E+3,
94200007.000000,7.017E+3,
94400007.000000,7.162E+3,
94600007.000000,7.092E+3,
94800007.000000,7.217E+3,
95000007.000000,7.172E+3,
95200007.000000,7.167E+3,
95400007.000000,7.314E+3,
95600007.000000,7.210E+3,
95800007.000000,7.107E+3,
96000008.000000,7.207E+3,
96200008.000000,7.092E+3,
96400008.000000,7.237E+3,
96600008.000000,7.275E+3,
96800008.000000,7.115E+3,
97000008.000000,7.159E+3,
97200008.000000,7.195E+3,
97400008.000000,7.032E+3,
97600008.000000,7.025E+3,
97800008.000000,7.306E+3,
98000008.000000,7.149E+3,
98200008.000000,7.313E+3,
98400008.000000,7.235E+3,
98600008.000000,7.030E+3,
98800008.000000,7.047E+3,
99000008.000000,7.175E+3,
99200008.000000,7.115E+3,
99400008.000000,7.041E+3,
99600008.000000,7.121E+3,
99800008.000000,7.318E+3,
1E08,7.284E+3,
1.002E008,7.150E+3,
1.004E008,7.231E+3,
1.006E008,7.183E+3,
1.008E008,6.965E+3,
1.01E08,7.308E+3,
1.012E008,7.011E+3,
1.014E008,7.265E+3,
1.016E008,7.051E+3,
1.018E008,7.183E+3,
1.02E08,7.111E+3,
1.022E008,7.237E+3,
1.024E008,7.374E+3,
1.026E008,7.280E+3,
1.028E008,7.166E+3,
1.03E08,7.212E+3,
1.032E008,7.292E+3,
1.034E008,7.066E+3,
1.036E008,7.095E+3,
1.038E008,7.193E+3,
1.04E08,7.089E+3,
1.042E008,7.259E+3,
1.044E008,7.114E+3,
1.046E008,7.077E+3,
1.048E008,7.086E+3,
1.05E08,7.164E+3,
1.052E008,7.253E+3,
1.054E008,7.363E+3,
1.056E008,7.185E+3,
1.058E008,7.281E+3,
1.06E08,7.133E+3,
1.062E008,7.316E+3,
1.064E008,7.174E+3,
1.066E008,7.188E+3,
1.068E008,7.258E+3,
1.07E08,7.263E+3,
1.072E008,7.057E+3,
1.074E008,7.044E+3,
1.076E008,7.091E+3,
1.078E008,7.003E+3,
1.08E08,7.259E+3,
1.082E008,7.386E+3,
1.084E008,7.118E+3,
1.086E008,7.107E+3,
1.088E008,7.106E+3,
1.09E08,7.349E+3,
1.092E008,7.244E+3,
1.094E008,7.141E+3,
1.096E008,7.030E+3,
1.098E008,7.168E+3,
1.1E08,7.129E+3,
1.102E008,7.094E+3,
1.104E008,7.191E+3,
1.106E008,7.193E+3,
1.108E008,7.056E+3,
1.11E08,7.070E+3,
1.112E008,7.060E+3,
1.114E008,7.286E+3,
1.116E008,7.188E+3,
1.118E008,7.251E+3,
1.12E08,7.173E+3,
1.122E008,7.205E+3,
1.124E008,7.201E+3,
1.126E008,7.057E+3,
1.128E008,7.154E+3,
1.13E08,7.157E+3,
1.132E008,7.004E+3,
1.134E008,7.256E+3,
1.136E008,7.012E+3,
1.138E008,7.368E+3,
1.14E08,7.429E+3,
1.142E008,7.099E+3,
1.144E008,7.147E+3,
1.146E008,7.175E+3,
1.148E008,7.152E+3,
1.15E08,7.122E+3,
1.152E008,7.229E+3,
1.154E008,7.334E+3,
1.156E008,7.128E+3,
1.158E008,7.211E+3,
1.16E08,7.256E+3,
1.162E008,7.129E+3,
1.164E008,7.209E+3,
1.166E008,7.278E+3,
1.168E008,7.097E+3,
1.17E08,7.252E+3,
1.172E008,7.144E+3,
1.174E008,7.225E+3,
1.176E008,7.178E+3,
1.178E008,7.329E+3,
1.18E08,7.122E+3,
1.182E008,7.183E+3,
1.184E008,7.074E+3,
1.186E008,7.189E+3,
1.188E008,7.034E+3,
1.19E08,7.126E+3,
1.192E008,7.040E+3,
1.194E008,7.048E+3,
1.196E008,7.100E+3,
1.198E008,7.112E+3,
1.2E08,7.141E+3,
1.202E008,7.380E+3,
1.204E008,7.177E+3,
1.206E008,7.259E+3,
1.208E008,7.199E+3,
1.21E08,7.341E+3,
1.212E008,6.947E+3,
1.214E008,7.270E+3,
1.216E008,7.139E+3,
1.218E008,7.126E+3,
1.22E08,7.217E+3,
1.222E008,7.257E+3,
1.224E008,7.068E+3,
1.226E008,7.077E+3,
1.228E008,7.100E+3,
1.23E08,7.164E+3,
1.232E008,7.181E+3,
1.234E008,7.165E+3,
1.236E008,7.179E+3,
1.238E008,7.117E+3,
1.24E08,7.283E+3,
1.242E008,6.981E+3,
1.244E008,7.247E+3,
1.246E008,7.102E+3,
1.248E008,7.192E+3,
1.25E08,7.061E+3,
1.252E008,7.041E+3,
1.254E008,7.274E+3,
1.256E008,7.225E+3,
1.258E008,7.041E+3,
1.26E08,7.193E+3,
1.262E008,7.234E+3,
1.264E008,7.137E+3,
1.266E008,7.018E+3,
1.268E008,7.127E+3,
1.27E08,7.186E+3,
1.272E008,7.309E+3,
1.274E008,6.997E+3,
1.276E008,7.148E+3,
1.278E008,7.099E+3,
1.28E08,7.178E+3,
1.282E008,6.933E+3,
1.284E008,6.993E+3,
1.286E008,7.066E+3,
1.288E008,7.128E+3,
1.29E08,7.160E+3,
1.292E008,7.142E+3,
1.294E008,7.111E+3,
1.296E008,7.259E+3,
1.298E008,6.898E+3,
1.3E08,7.102E+3,
1.302E008,7.009E+3,
1.304E008,7.138E+3,
1.306E008,7.028E+3,
1.308E008,7.212E+3,
1.31E08,7.213E+3,
1.312E008,7.266E+3,
1.314E008,7.144E+3,
1.316E008,7.029E+3,
1.318E008,7.090E+3,
1.32E08,6.982E+3,
1.322E008,7.128E+3,
1.324E008,7.281E+3,
1.326E008,7.302E+3,
1.328E008,7.240E+3,
1.33E08,7.392E+3,
1.332E008,7.327E+3,
1.334E008,7.098E+3,
1.336E008,7.211E+3,
1.338E008,7.103E+3,
1.34E08,7.145E+3,
1.342E008,7.141E+3,
1.344E008,7.180E+3,
1.346E008,7.177E+3,
1.348E008,7.145E+3,
1.35E08,7.320E+3,
1.352E008,7.042E+3,
1.354E008,7.078E+3,
1.356E008,7.037E+3,
1.358E008,7.105E+3,
1.36E08,7.249E+3,
1.362E008,7.227E+3,
1.364E008,7.184E+3,
1.366E008,7.087E+3,
1.368E008,7.123E+3,
1.37E08,7.093E+3,
1.372E008,7.193E+3,
1.374E008,7.194E+3,
1.376E008,7.094E+3,
1.378E008,7.047E+3,
1.38E08,7.352E+3,
1.382E008,7.142E+3,
1.384E008,7.086E+3,
1.386E008,7.057E+3,
1.388E008,7.220E+3,
1.39E08,7.260E+3,
1.392E008,7.122E+3,
1.394E008,7.166E+3,
1.396E008,7.133E+3,
1.398E008,7.205E+3,
1.4E08,7.164E+3,
1.402E008,7.232E+3,
1.404E008,7.072E+3,
1.406E008,7.053E+3,
1.408E008,7.199E+3,
1.41E08,7.096E+3,
1.412E008,7.108E+3,
1.414E008,6.990E+3,
1.416E008,7.178E+3,
1.418E008,7.003E+3,
1.42E08,7.173E+3,
1.422E008,7.092E+3,
1.424E008,7.225E+3,
1.426E008,7.049E+3,
1.428E008,7.036E+3,
1.43E08,7.071E+3,
1.432E008,7.144E+3,
1.434E008,7.146E+3,
1.436E008,7.214E+3,
1.438E008,7.026E+3,
1.44E08,7.144E+3,
1.442E008,7.157E+3,
1.444E008,6.981E+3,
1.446E008,7.198E+3,
1.448E008,7.127E+3,
1.45E08,7.217E+3,
1.452E008,7.211E+3,
1.454E008,7.224E+3,
1.456E008,7.089E+3,
1.458E008,7.268E+3,
1.46E08,7.170E+3,
1.462E008,7.141E+3,
1.464E008,6.991E+3,
1.466E008,7.131E+3,
1.468E008,7.157E+3,
1.47E08,7.180E+3,
1.472E008,7.303E+3,
1.474E008,7.341E+3,
1.476E008,7.251E+3,
1.478E008,7.282E+3,
1.48E08,7.091E+3,
1.482E008,7.211E+3,
1.484E008,7.018E+3,
1.486E008,7.109E+3,
1.488E008,7.080E+3,
1.49E08,7.208E+3,
1.492E008,7.113E+3,
1.494E008,7.066E+3,
1.496E008,7.121E+3,
1.498E008,7.187E+3,
1.5E08,7.088E+3,
1.502E008,6.913E+3,
1.504E008,7.234E+3,
1.506E008,7.268E+3,
1.508E008,7.064E+3,
1.51E08,7.125E+3,
1.512E008,7.194E+3,
1.514E008,7.261E+3,
1.516E008,7.140E+3,
1.518E008,7.148E+3,
1.52E08,7.272E+3,
1.522E008,7.273E+3,
1.524E008,7.206E+3,
1.526E008,7.082E+3,
1.528E008,7.058E+3,
1.53E08,7.178E+3,
1.532E008,7.076E+3,
1.534E008,7.238E+3,
1.536E008,7.008E+3,
1.538E008,7.087E+3,
1.54E08,7.287E+3,
1.542E008,7.136E+3,
1.544E008,7.030E+3,
1.546E008,7.297E+3,
1.548E008,7.213E+3,
1.55E08,7.052E+3,
1.552E008,7.141E+3,
1.554E008,7.054E+3,
1.556E008,7.116E+3,
1.558E008,7.257E+3,
1.56E08,7.188E+3,
1.562E008,7.165E+3,
1.564E008,7.155E+3,
1.566E008,7.268E+3,
1.568E008,7.050E+3,
1.57E08,6.981E+3,
1.572E008,7.166E+3,
1.574E008,7.264E+3,
1.576E008,7.052E+3,
1.578E008,7.261E+3,
1.58E08,7.233E+3,
1.582E008,7.113E+3,
1.584E008,7.219E+3,
1.586E008,7.208E+3,
1.588E008,7.134E+3,
1.59E08,7.123E+3,
1.592E008,7.075E+3,
1.594E008,7.153E+3,
1.596E008,6.937E+3,
1.598E008,7.199E+3,
1.6E08,7.138E+3,
1.602E008,7.242E+3,
1.604E008,7.130E+3,
1.606E008,7.149E+3,
1.608E008,7.029E+3,
1.61E08,7.175E+3,
1.612E008,7.088E+3,
1.614E008,7.177E+3,
1.616E008,7.178E+3,
1.618E008,7.212E+3,
1.62E08,6.864E+3,
1.622E008,7.173E+3,
1.624E008,7.169E+3,
1.626E008,7.111E+3,
1.628E008,6.985E+3,
1.63E08,7.201E+3,
1.632E008,7.107E+3,
1.634E008,7.001E+3,
1.636E008,7.088E+3,
1.638E008,7.276E+3,
1.64E08,7.182E+3,
1.642E008,7.089E+3,
1.644E008,7.242E+3,
1.646E008,7.156E+3,
1.648E008,6.837E+3,
1.65E08,7.134E+3,
1.652E008,7.212E+3,
1.654E008,7.258E+3,
1.656E008,6.975E+3,
1.658E008,7.156E+3,
1.66E08,7.368E+3,
1.662E008,7.251E+3,
1.664E008,7.161E+3,
1.666E008,7.192E+3,
1.668E008,7.229E+3,
1.67E08,7.228E+3,
1.672E008,7.311E+3,
1.674E008,7.153E+3,
1.676E008,7.192E+3,
1.678E008,7.114E+3,
1.68E08,6.945E+3,
1.682E008,7.181E+3,
1.684E008,7.167E+3,
1.686E008,6.934E+3,
1.688E008,7.323E+3,
1.69E08,7.175E+3,
1.692E008,6.976E+3,
1.694E008,7.240E+3,
1.696E008,7.161E+3,
1.698E008,7.222E+3,
1.7E08,7.184E+3,
1.702E008,7.254E+3,
1.704E008,7.288E+3,
1.706E008,7.365E+3,
1.708E008,7.297E+3,
1.71E08,7.203E+3,
1.712E008,7.097E+3,
1.714E008,7.130E+3,
1.716E008,7.085E+3,
1.718E008,7.207E+3,
1.72E08,7.132E+3,
1.722E008,7.142E+3,
1.724E008,6.995E+3,
1.726E008,7.155E+3,
1.728E008,7.199E+3,
1.73E08,7.184E+3,
1.732E008,7.174E+3,
1.734E008,7.195E+3,
1.736E008,7.216E+3,
1.738E008,7.252E+3,
1.74E08,7.238E+3,
1.742E008,7.327E+3,
1.744E008,7.187E+3,
1.746E008,7.304E+3,
1.748E008,7.308E+3,
1.75E08,7.160E+3,
1.752E008,7.178E+3,
1.754E008,7.190E+3,
1.756E008,7.168E+3,
1.758E008,7.123E+3,
1.76E08,7.236E+3,
1.762E008,7.182E+3,
1.764E008,7.201E+3,
1.766E008,7.208E+3,
1.768E008,7.049E+3,
1.77E08,7.042E+3,
1.772E008,7.310E+3,
1.774E008,7.006E+3,
1.776E008,7.011E+3,
1.778E008,7.135E+3,
1.78E08,7.205E+3,
1.782E008,7.149E+3,
1.784E008,7.267E+3,
1.786E008,7.282E+3,
1.788E008,7.202E+3,
1.79E08,7.189E+3,
1.792E008,7.171E+3,
1.794E008,7.030E+3,
1.796E008,7.150E+3,
1.798E008,7.226E+3,
1.8E08,7.269E+3,
1.802E008,7.309E+3,
1.804E008,7.290E+3,
1.806E008,7.165E+3,
1.808E008,7.027E+3,
1.81E08,7.141E+3,
1.812E008,7.177E+3,
1.814E008,7.196E+3,
1.816E008,7.070E+3,
1.818E008,7.259E+3,
1.82E08,7.246E+3,
1.822E008,7.157E+3,
1.824E008,7.014E+3,
1.826E008,7.192E+3,
1.828E008,6.998E+3,
1.83E08,7.343E+3,
1.832E008,7.005E+3,
1.834E008,7.179E+3,
1.836E008,7.128E+3,
1.838E008,7.206E+3,
1.84E08,7.193E+3,
1.842E008,7.170E+3,
1.844E008,7.234E+3,
1.846E008,7.189E+3,
1.848E008,7.103E+3,
1.85E08,7.184E+3,
1.852E008,7.212E+3,
1.854E008,7.253E+3,
1.856E008,7.166E+3,
1.858E008,7.120E+3,
1.86E08,7.291E+3,
1.862E008,7.084E+3,
1.864E008,7.032E+3,
1.866E008,7.257E+3,
1.868E008,7.362E+3,
1.87E08,7.210E+3,
1.872E008,7.107E+3,
1.874E008,7.034E+3,
1.876E008,7.184E+3,
1.878E008,7.204E+3,
1.88E08,7.296E+3,
1.882E008,7.249E+3,
1.884E008,7.210E+3,
1.886E008,7.225E+3,
1.888E008,7.009E+3,
1.89E08,7.146E+3,
1.892E008,7.204E+3,
1.894E008,7.145E+3,
1.896E008,7.233E+3,
1.898E008,7.295E+3,
1.9E08,7.191E+3,
1.902E008,7.173E+3,
1.904E008,7.254E+3,
1.906E008,7.315E+3,
1.908E008,7.180E+3,
1.91E08,7.218E+3,
1.912E008,7.216E+3,
1.914E008,7.079E+3,
1.916E008,7.049E+3,
1.918E008,7.029E+3,
1.92E08,7.226E+3,
1.922E008,7.289E+3,
1.924E008,7.231E+3,
1.926E008,7.113E+3,
1.928E008,7.276E+3,
1.93E08,7.249E+3,
1.932E008,7.147E+3,
1.934E008,7.082E+3,
1.936E008,7.271E+3,
1.938E008,7.214E+3,
1.94E08,7.173E+3,
1.942E008,7.111E+3,
1.944E008,7.089E+3,
1.946E008,7.162E+3,
1.948E008,7.119E+3,
1.95E08,7.287E+3,
1.952E008,7.116E+3,
1.954E008,7.012E+3,
1.956E008,7.207E+3,
1.958E008,7.206E+3,
1.96E08,7.177E+3,
1.962E008,7.152E+3,
1.964E008,6.903E+3,
1.966E008,7.332E+3,
1.968E008,7.186E+3,
1.97E08,7.208E+3,
1.972E008,7.167E+3,
1.974E008,7.176E+3,
1.976E008,7.217E+3,
1.978E008,7.027E+3,
1.98E08,7.141E+3,
1.982E008,7.100E+3,
1.984E008,7.175E+3,
1.986E008,7.491E+3,
1.988E008,7.289E+3,
1.99E08,7.132E+3,
1.992E008,7.104E+3,
1.994E008,7.250E+3,
1.996E008,7.123E+3,
1.998E008,7.289E+3,
