Labels,T20_2ms,
Type,Time Scan,
Comment,,
Start,0.00,
Stop,1.998E008,
Step,2E05,
Fixed/Offset, ,
XAxis,Time,
YAxis,Counts,

0.00,1.425E+5,
2E05,8.871E+5,
4E05,1.043E+6,
6E05,1.036E+6,
800000.060000,1.028E+6,
1E06,1.023E+6,
1.2E06,1.015E+6,
1.4E06,9.987E+5,
1.6E06,9.852E+5,
1.8E06,9.703E+5,
2E06,9.588E+5,
2.2E06,9.381E+5,
2.4E06,9.231E+5,
2.6E06,9.306E+5,
2.8E06,9.319E+5,
3E06,9.303E+5,
3.2E06,9.323E+5,
3.4E06,9.357E+5,
3.6E06,9.410E+5,
3.8E06,9.452E+5,
4E06,9.454E+5,
4.2E06,9.469E+5,
4.4E06,9.462E+5,
4.6E06,9.441E+5,
4.8E06,9.429E+5,
5E06,9.410E+5,
5.2E06,9.396E+5,
5.4E06,9.399E+5,
5.6E06,9.403E+5,
5.8E06,9.410E+5,
6E06,9.442E+5,
6.2E06,9.468E+5,
6400000.500000,9.489E+5,
6600000.500000,9.512E+5,
6800000.500000,9.557E+5,
7000000.500000,9.582E+5,
7200000.600000,9.635E+5,
7400000.600000,9.683E+5,
7600000.600000,9.722E+5,
7800000.600000,9.755E+5,
8000000.600000,9.806E+5,
8200000.600000,9.844E+5,
8400000.700000,9.862E+5,
8600000.700000,9.903E+5,
8800000.700000,9.939E+5,
9000000.700000,9.965E+5,
9200000.700000,9.980E+5,
9400000.700000,1.002E+6,
9600000.800000,1.003E+6,
9800000.800000,1.005E+6,
1E07,1.006E+6,
1.02E07,1.008E+6,
1.04E07,1.009E+6,
1.06E07,1.011E+6,
1.08E07,1.011E+6,
1.1E07,1.014E+6,
1.12E07,1.014E+6,
1.14E07,1.016E+6,
1.16E07,1.016E+6,
1.18E07,1.017E+6,
1.2E07,1.019E+6,
1.22E07,1.020E+6,
1.24E07,1.021E+6,
1.26E07,1.022E+6,
1.28E07,1.023E+6,
1.3E07,1.023E+6,
1.32E07,1.023E+6,
1.34E07,1.022E+6,
1.36E07,1.023E+6,
1.38E07,1.025E+6,
1.4E07,1.024E+6,
1.42E07,1.022E+6,
1.44E07,1.023E+6,
1.46E07,1.023E+6,
1.48E07,1.021E+6,
1.5E07,1.019E+6,
1.52E07,1.019E+6,
1.54E07,1.017E+6,
1.56E07,1.015E+6,
1.58E07,1.013E+6,
1.6E07,1.012E+6,
1.62E07,1.007E+6,
1.64E07,1.005E+6,
1.66E07,1.009E+6,
1.68E07,1.008E+6,
1.7E07,1.002E+6,
1.72E07,9.970E+5,
1.74E07,9.936E+5,
1.76E07,9.868E+5,
1.78E07,9.813E+5,
1.8E07,9.754E+5,
1.82E07,9.694E+5,
1.84E07,9.631E+5,
1.86E07,9.572E+5,
1.88E07,9.512E+5,
1.9E07,9.443E+5,
1.92E07,9.387E+5,
1.94E07,9.305E+5,
1.96E07,9.262E+5,
1.98E07,9.186E+5,
2E07,9.093E+5,
2.02E07,9.038E+5,
2.04E07,8.952E+5,
2.06E07,8.876E+5,
2.08E07,8.806E+5,
2.1E07,8.716E+5,
2.12E07,8.647E+5,
2.14E07,8.558E+5,
2.16E07,8.488E+5,
2.18E07,8.390E+5,
2.2E07,8.312E+5,
2.22E07,8.223E+5,
2.24E07,8.148E+5,
2.26E07,8.049E+5,
2.28E07,7.974E+5,
2.3E07,7.868E+5,
2.32E07,7.787E+5,
2.34E07,7.692E+5,
2.36E07,7.612E+5,
2.38E07,7.518E+5,
2.4E07,7.424E+5,
2.42E07,7.338E+5,
2.44E07,7.253E+5,
2.46E07,7.160E+5,
2.48E07,7.065E+5,
2.5E07,6.984E+5,
2.52E07,6.889E+5,
2.54E07,6.803E+5,
2.56E07,6.711E+5,
2.58E07,6.619E+5,
2.6E07,6.538E+5,
2.62E07,6.452E+5,
2.64E07,6.358E+5,
2.66E07,6.274E+5,
2.68E07,6.184E+5,
2.7E07,6.098E+5,
2.72E07,6.014E+5,
2.74E07,5.922E+5,
2.76E07,5.842E+5,
2.78E07,5.773E+5,
2.8E07,5.678E+5,
2.82E07,5.606E+5,
2.84E07,5.517E+5,
2.86E07,5.432E+5,
2.88E07,5.364E+5,
2.9E07,5.277E+5,
2.92E07,5.198E+5,
2.94E07,5.126E+5,
2.96E07,5.051E+5,
2.98E07,4.974E+5,
3E07,4.906E+5,
3.02E07,4.832E+5,
3.04E07,4.760E+5,
3.06E07,4.670E+5,
3.08E07,4.602E+5,
3.1E07,4.532E+5,
3.12E07,4.480E+5,
3.14E07,4.394E+5,
3.16E07,4.312E+5,
3.18E07,4.261E+5,
3.2E07,4.191E+5,
3.22E07,4.119E+5,
3.24E07,4.060E+5,
3.26E07,3.990E+5,
3.28E07,3.913E+5,
3.3E07,3.853E+5,
3.32E07,3.793E+5,
3.34E07,3.727E+5,
3.36E07,3.676E+5,
3.38E07,3.619E+5,
3.4E07,3.560E+5,
3.42E07,3.496E+5,
3.44E07,3.433E+5,
3.46E07,3.383E+5,
3.48E07,3.328E+5,
3.5E07,3.259E+5,
3.52E07,3.218E+5,
3.54E07,3.164E+5,
3.56E07,3.107E+5,
3.58E07,3.060E+5,
3.6E07,3.005E+5,
3.62E07,2.954E+5,
3.64E07,2.907E+5,
3.66E07,2.852E+5,
3.68E07,2.808E+5,
3.7E07,2.755E+5,
3.72E07,2.712E+5,
3.74E07,2.665E+5,
3.76E07,2.620E+5,
3.78E07,2.571E+5,
3.8E07,2.525E+5,
3.82E07,2.479E+5,
3.84E07,2.437E+5,
3.86E07,2.392E+5,
3.88E07,2.350E+5,
3.9E07,2.306E+5,
3.92E07,2.267E+5,
3.94E07,2.231E+5,
3.96E07,2.195E+5,
3.98E07,2.147E+5,
4E07,2.112E+5,
4.02E07,2.080E+5,
4.04E07,2.040E+5,
4.06E07,1.999E+5,
4.08E07,1.970E+5,
4.1E07,1.932E+5,
4.12E07,1.890E+5,
4.14E07,1.865E+5,
4.16E07,1.827E+5,
4.18E07,1.794E+5,
4.2E07,1.762E+5,
4.22E07,1.730E+5,
4.24E07,1.695E+5,
4.26E07,1.663E+5,
4.28E07,1.645E+5,
4.3E07,1.613E+5,
4.32E07,1.572E+5,
4.34E07,1.556E+5,
4.36E07,1.523E+5,
4.38E07,1.497E+5,
4.4E07,1.466E+5,
4.42E07,1.452E+5,
4.44E07,1.422E+5,
4.46E07,1.387E+5,
4.48E07,1.371E+5,
4.5E07,1.342E+5,
4.52E07,1.311E+5,
4.54E07,1.288E+5,
4.56E07,1.267E+5,
4.58E07,1.243E+5,
4.6E07,1.224E+5,
4.62E07,1.199E+5,
4.64E07,1.180E+5,
4.66E07,1.152E+5,
4.68E07,1.144E+5,
4.7E07,1.109E+5,
4.72E07,1.092E+5,
4.74E07,1.076E+5,
4.76E07,1.054E+5,
4.78E07,1.040E+5,
4.8E07,1.015E+5,
4.82E07,1.001E+5,
4.84E07,9.817E+4,
4.86E07,9.632E+4,
4.88E07,9.455E+4,
4.9E07,9.286E+4,
4.92E07,9.119E+4,
4.94E07,8.991E+4,
4.96E07,8.866E+4,
4.98E07,8.656E+4,
5E07,8.481E+4,
5.02E07,8.405E+4,
5.04E07,8.203E+4,
5.06E07,8.110E+4,
5.08E07,7.942E+4,
5.1E07,7.767E+4,
5.12E07,7.708E+4,
5.14E07,7.525E+4,
5.16E07,7.413E+4,
5.18E07,7.271E+4,
5.2E07,7.190E+4,
5.22E07,7.060E+4,
5.24E07,6.912E+4,
5.26E07,6.797E+4,
5.28E07,6.680E+4,
5.3E07,6.591E+4,
5.32E07,6.526E+4,
5.34E07,6.351E+4,
5.36E07,6.293E+4,
5.38E07,6.134E+4,
5.4E07,6.043E+4,
5.42E07,5.987E+4,
5.44E07,5.917E+4,
5.46E07,5.780E+4,
5.48E07,5.654E+4,
5.5E07,5.644E+4,
5.52E07,5.538E+4,
5.54E07,5.412E+4,
5.56E07,5.346E+4,
5.58E07,5.283E+4,
5.6E07,5.195E+4,
5.62E07,5.073E+4,
5.64E07,5.001E+4,
5.66E07,4.887E+4,
5.68E07,4.843E+4,
5.7E07,4.784E+4,
5.72E07,4.723E+4,
5.74E07,4.626E+4,
5.76E07,4.623E+4,
5.78E07,4.516E+4,
5.8E07,4.404E+4,
5.82E07,4.368E+4,
5.84E07,4.346E+4,
5.86E07,4.231E+4,
5.88E07,4.159E+4,
5.9E07,4.128E+4,
5.92E07,4.044E+4,
5.94E07,4.010E+4,
5.96E07,3.938E+4,
5.98E07,3.916E+4,
6E07,3.866E+4,
6.02E07,3.787E+4,
6.04E07,3.746E+4,
6.06E07,3.717E+4,
6.08E07,3.636E+4,
6.1E07,3.605E+4,
6.12E07,3.596E+4,
6.14E07,3.525E+4,
6.16E07,3.462E+4,
6.18E07,3.450E+4,
6.2E07,3.434E+4,
6.22E07,3.345E+4,
6.24E07,3.308E+4,
6.26E07,3.265E+4,
6.28E07,3.205E+4,
6.3E07,3.165E+4,
6.32E07,3.109E+4,
6.34E07,3.095E+4,
6.36E07,3.067E+4,
6.38E07,3.035E+4,
64000005.000000,3.000E+4,
64200005.000000,2.964E+4,
64400005.000000,2.916E+4,
64600005.000000,2.888E+4,
64800005.000000,2.851E+4,
65000005.000000,2.846E+4,
65200005.000000,2.816E+4,
65400005.000000,2.771E+4,
65600005.000000,2.750E+4,
65800005.000000,2.697E+4,
66000005.000000,2.675E+4,
66200005.000000,2.663E+4,
66400005.000000,2.625E+4,
66600005.000000,2.597E+4,
66800005.000000,2.565E+4,
67000005.000000,2.529E+4,
67200005.000000,2.544E+4,
67400005.000000,2.506E+4,
67600005.000000,2.471E+4,
67800005.000000,2.475E+4,
68000005.000000,2.452E+4,
68200005.000000,2.425E+4,
68400005.000000,2.421E+4,
68600005.000000,2.378E+4,
68800005.000000,2.369E+4,
69000005.000000,2.328E+4,
69200005.000000,2.339E+4,
69400005.000000,2.333E+4,
69600005.000000,2.305E+4,
69800005.000000,2.280E+4,
70000005.000000,2.245E+4,
70200005.000000,2.230E+4,
70400006.000000,2.210E+4,
70600006.000000,2.184E+4,
70800006.000000,2.179E+4,
71000006.000000,2.161E+4,
71200006.000000,2.148E+4,
71400006.000000,2.122E+4,
71600006.000000,2.082E+4,
71800006.000000,2.096E+4,
72000006.000000,2.077E+4,
72200006.000000,2.057E+4,
72400006.000000,2.041E+4,
72600006.000000,2.025E+4,
72800006.000000,2.075E+4,
73000006.000000,2.033E+4,
73200006.000000,2.013E+4,
73400006.000000,1.968E+4,
73600006.000000,2.012E+4,
73800006.000000,1.956E+4,
74000006.000000,1.948E+4,
74200006.000000,1.951E+4,
74400006.000000,1.917E+4,
74600006.000000,1.914E+4,
74800006.000000,1.918E+4,
75000006.000000,1.916E+4,
75200006.000000,1.874E+4,
75400006.000000,1.846E+4,
75600006.000000,1.884E+4,
75800006.000000,1.854E+4,
76000006.000000,1.860E+4,
76200006.000000,1.821E+4,
76400006.000000,1.833E+4,
76600006.000000,1.850E+4,
76800006.000000,1.814E+4,
77000006.000000,1.809E+4,
77200006.000000,1.807E+4,
77400006.000000,1.778E+4,
77600006.000000,1.762E+4,
77800006.000000,1.784E+4,
78000006.000000,1.763E+4,
78200006.000000,1.771E+4,
78400006.000000,1.733E+4,
78600006.000000,1.726E+4,
78800006.000000,1.723E+4,
79000006.000000,1.742E+4,
79200006.000000,1.698E+4,
79400006.000000,1.726E+4,
79600006.000000,1.696E+4,
79800006.000000,1.684E+4,
80000006.000000,1.675E+4,
80200006.000000,1.685E+4,
80400006.000000,1.672E+4,
80600006.000000,1.683E+4,
80800006.000000,1.689E+4,
81000006.000000,1.671E+4,
81200006.000000,1.655E+4,
81400006.000000,1.660E+4,
81600006.000000,1.647E+4,
81800006.000000,1.637E+4,
82000006.000000,1.646E+4,
82200006.000000,1.639E+4,
82400006.000000,1.637E+4,
82600006.000000,1.598E+4,
82800006.000000,1.623E+4,
83000006.000000,1.618E+4,
83200007.000000,1.628E+4,
83400007.000000,1.605E+4,
83600007.000000,1.611E+4,
83800007.000000,1.612E+4,
84000007.000000,1.585E+4,
84200007.000000,1.600E+4,
84400007.000000,1.604E+4,
84600007.000000,1.577E+4,
84800007.000000,1.568E+4,
85000007.000000,1.601E+4,
85200007.000000,1.605E+4,
85400007.000000,1.568E+4,
85600007.000000,1.577E+4,
85800007.000000,1.560E+4,
86000007.000000,1.544E+4,
86200007.000000,1.541E+4,
86400007.000000,1.575E+4,
86600007.000000,1.544E+4,
86800007.000000,1.559E+4,
87000007.000000,1.537E+4,
87200007.000000,1.563E+4,
87400007.000000,1.548E+4,
87600007.000000,1.536E+4,
87800007.000000,1.533E+4,
88000007.000000,1.536E+4,
88200007.000000,1.552E+4,
88400007.000000,1.527E+4,
88600007.000000,1.533E+4,
88800007.000000,1.501E+4,
89000007.000000,1.532E+4,
89200007.000000,1.533E+4,
89400007.000000,1.522E+4,
89600007.000000,1.535E+4,
89800007.000000,1.504E+4,
90000007.000000,1.516E+4,
90200007.000000,1.504E+4,
90400007.000000,1.499E+4,
90600007.000000,1.510E+4,
90800007.000000,1.482E+4,
91000007.000000,1.490E+4,
91200007.000000,1.476E+4,
91400007.000000,1.512E+4,
91600007.000000,1.513E+4,
91800007.000000,1.482E+4,
92000007.000000,1.489E+4,
92200007.000000,1.482E+4,
92400007.000000,1.484E+4,
92600007.000000,1.500E+4,
92800007.000000,1.477E+4,
93000007.000000,1.465E+4,
93200007.000000,1.458E+4,
93400007.000000,1.470E+4,
93600007.000000,1.490E+4,
93800007.000000,1.471E+4,
94000007.000000,1.476E+4,
94200007.000000,1.454E+4,
94400007.000000,1.479E+4,
94600007.000000,1.472E+4,
94800007.000000,1.478E+4,
95000007.000000,1.464E+4,
95200007.000000,1.473E+4,
95400007.000000,1.467E+4,
95600007.000000,1.472E+4,
95800007.000000,1.475E+4,
96000008.000000,1.458E+4,
96200008.000000,1.448E+4,
96400008.000000,1.456E+4,
96600008.000000,1.474E+4,
96800008.000000,1.468E+4,
97000008.000000,1.447E+4,
97200008.000000,1.457E+4,
97400008.000000,1.481E+4,
97600008.000000,1.464E+4,
97800008.000000,1.465E+4,
98000008.000000,1.441E+4,
98200008.000000,1.470E+4,
98400008.000000,1.469E+4,
98600008.000000,1.459E+4,
98800008.000000,1.453E+4,
99000008.000000,1.428E+4,
99200008.000000,1.450E+4,
99400008.000000,1.426E+4,
99600008.000000,1.449E+4,
99800008.000000,1.457E+4,
1E08,1.458E+4,
1.002E008,1.442E+4,
1.004E008,1.439E+4,
1.006E008,1.459E+4,
1.008E008,1.437E+4,
1.01E08,1.429E+4,
1.012E008,1.449E+4,
1.014E008,1.449E+4,
1.016E008,1.458E+4,
1.018E008,1.429E+4,
1.02E08,1.449E+4,
1.022E008,1.431E+4,
1.024E008,1.444E+4,
1.026E008,1.442E+4,
1.028E008,1.427E+4,
1.03E08,1.449E+4,
1.032E008,1.445E+4,
1.034E008,1.445E+4,
1.036E008,1.466E+4,
1.038E008,1.452E+4,
1.04E08,1.418E+4,
1.042E008,1.441E+4,
1.044E008,1.439E+4,
1.046E008,1.429E+4,
1.048E008,1.455E+4,
1.05E08,1.452E+4,
1.052E008,1.423E+4,
1.054E008,1.416E+4,
1.056E008,1.426E+4,
1.058E008,1.429E+4,
1.06E08,1.433E+4,
1.062E008,1.442E+4,
1.064E008,1.439E+4,
1.066E008,1.434E+4,
1.068E008,1.411E+4,
1.07E08,1.403E+4,
1.072E008,1.448E+4,
1.074E008,1.425E+4,
1.076E008,1.434E+4,
1.078E008,1.450E+4,
1.08E08,1.453E+4,
1.082E008,1.410E+4,
1.084E008,1.436E+4,
1.086E008,1.425E+4,
1.088E008,1.431E+4,
1.09E08,1.426E+4,
1.092E008,1.425E+4,
1.094E008,1.411E+4,
1.096E008,1.411E+4,
1.098E008,1.421E+4,
1.1E08,1.418E+4,
1.102E008,1.408E+4,
1.104E008,1.432E+4,
1.106E008,1.440E+4,
1.108E008,1.427E+4,
1.11E08,1.407E+4,
1.112E008,1.435E+4,
1.114E008,1.405E+4,
1.116E008,1.416E+4,
1.118E008,1.425E+4,
1.12E08,1.445E+4,
1.122E008,1.422E+4,
1.124E008,1.415E+4,
1.126E008,1.410E+4,
1.128E008,1.438E+4,
1.13E08,1.423E+4,
1.132E008,1.423E+4,
1.134E008,1.425E+4,
1.136E008,1.399E+4,
1.138E008,1.442E+4,
1.14E08,1.426E+4,
1.142E008,1.433E+4,
1.144E008,1.417E+4,
1.146E008,1.415E+4,
1.148E008,1.418E+4,
1.15E08,1.403E+4,
1.152E008,1.417E+4,
1.154E008,1.416E+4,
1.156E008,1.434E+4,
1.158E008,1.411E+4,
1.16E08,1.422E+4,
1.162E008,1.419E+4,
1.164E008,1.418E+4,
1.166E008,1.415E+4,
1.168E008,1.414E+4,
1.17E08,1.423E+4,
1.172E008,1.426E+4,
1.174E008,1.419E+4,
1.176E008,1.434E+4,
1.178E008,1.395E+4,
1.18E08,1.439E+4,
1.182E008,1.406E+4,
1.184E008,1.424E+4,
1.186E008,1.428E+4,
1.188E008,1.411E+4,
1.19E08,1.419E+4,
1.192E008,1.433E+4,
1.194E008,1.407E+4,
1.196E008,1.401E+4,
1.198E008,1.412E+4,
1.2E08,1.422E+4,
1.202E008,1.420E+4,
1.204E008,1.435E+4,
1.206E008,1.405E+4,
1.208E008,1.411E+4,
1.21E08,1.421E+4,
1.212E008,1.418E+4,
1.214E008,1.402E+4,
1.216E008,1.411E+4,
1.218E008,1.433E+4,
1.22E08,1.425E+4,
1.222E008,1.417E+4,
1.224E008,1.421E+4,
1.226E008,1.414E+4,
1.228E008,1.425E+4,
1.23E08,1.425E+4,
1.232E008,1.409E+4,
1.234E008,1.425E+4,
1.236E008,1.426E+4,
1.238E008,1.424E+4,
1.24E08,1.406E+4,
1.242E008,1.416E+4,
1.244E008,1.388E+4,
1.246E008,1.414E+4,
1.248E008,1.405E+4,
1.25E08,1.431E+4,
1.252E008,1.431E+4,
1.254E008,1.422E+4,
1.256E008,1.422E+4,
1.258E008,1.423E+4,
1.26E08,1.417E+4,
1.262E008,1.428E+4,
1.264E008,1.431E+4,
1.266E008,1.421E+4,
1.268E008,1.409E+4,
1.27E08,1.421E+4,
1.272E008,1.411E+4,
1.274E008,1.422E+4,
1.276E008,1.406E+4,
1.278E008,1.421E+4,
1.28E08,1.401E+4,
1.282E008,1.412E+4,
1.284E008,1.423E+4,
1.286E008,1.399E+4,
1.288E008,1.425E+4,
1.29E08,1.402E+4,
1.292E008,1.415E+4,
1.294E008,1.421E+4,
1.296E008,1.432E+4,
1.298E008,1.438E+4,
1.3E08,1.432E+4,
1.302E008,1.410E+4,
1.304E008,1.417E+4,
1.306E008,1.418E+4,
1.308E008,1.408E+4,
1.31E08,1.413E+4,
1.312E008,1.417E+4,
1.314E008,1.414E+4,
1.316E008,1.404E+4,
1.318E008,1.412E+4,
1.32E08,1.402E+4,
1.322E008,1.429E+4,
1.324E008,1.414E+4,
1.326E008,1.417E+4,
1.328E008,1.427E+4,
1.33E08,1.414E+4,
1.332E008,1.415E+4,
1.334E008,1.393E+4,
1.336E008,1.391E+4,
1.338E008,1.397E+4,
1.34E08,1.399E+4,
1.342E008,1.402E+4,
1.344E008,1.417E+4,
1.346E008,1.409E+4,
1.348E008,1.439E+4,
1.35E08,1.413E+4,
1.352E008,1.396E+4,
1.354E008,1.426E+4,
1.356E008,1.425E+4,
1.358E008,1.424E+4,
1.36E08,1.409E+4,
1.362E008,1.410E+4,
1.364E008,1.417E+4,
1.366E008,1.438E+4,
1.368E008,1.412E+4,
1.37E08,1.416E+4,
1.372E008,1.424E+4,
1.374E008,1.433E+4,
1.376E008,1.416E+4,
1.378E008,1.380E+4,
1.38E08,1.421E+4,
1.382E008,1.418E+4,
1.384E008,1.401E+4,
1.386E008,1.412E+4,
1.388E008,1.419E+4,
1.39E08,1.411E+4,
1.392E008,1.417E+4,
1.394E008,1.401E+4,
1.396E008,1.420E+4,
1.398E008,1.439E+4,
1.4E08,1.405E+4,
1.402E008,1.398E+4,
1.404E008,1.421E+4,
1.406E008,1.409E+4,
1.408E008,1.428E+4,
1.41E08,1.420E+4,
1.412E008,1.440E+4,
1.414E008,1.402E+4,
1.416E008,1.422E+4,
1.418E008,1.420E+4,
1.42E08,1.383E+4,
1.422E008,1.409E+4,
1.424E008,1.418E+4,
1.426E008,1.416E+4,
1.428E008,1.414E+4,
1.43E08,1.422E+4,
1.432E008,1.385E+4,
1.434E008,1.416E+4,
1.436E008,1.402E+4,
1.438E008,1.408E+4,
1.44E08,1.408E+4,
1.442E008,1.421E+4,
1.444E008,1.428E+4,
1.446E008,1.428E+4,
1.448E008,1.420E+4,
1.45E08,1.404E+4,
1.452E008,1.418E+4,
1.454E008,1.419E+4,
1.456E008,1.415E+4,
1.458E008,1.418E+4,
1.46E08,1.419E+4,
1.462E008,1.421E+4,
1.464E008,1.378E+4,
1.466E008,1.397E+4,
1.468E008,1.410E+4,
1.47E08,1.391E+4,
1.472E008,1.396E+4,
1.474E008,1.406E+4,
1.476E008,1.399E+4,
1.478E008,1.412E+4,
1.48E08,1.396E+4,
1.482E008,1.407E+4,
1.484E008,1.402E+4,
1.486E008,1.404E+4,
1.488E008,1.407E+4,
1.49E08,1.406E+4,
1.492E008,1.402E+4,
1.494E008,1.405E+4,
1.496E008,1.425E+4,
1.498E008,1.401E+4,
1.5E08,1.406E+4,
1.502E008,1.427E+4,
1.504E008,1.437E+4,
1.506E008,1.417E+4,
1.508E008,1.387E+4,
1.51E08,1.413E+4,
1.512E008,1.430E+4,
1.514E008,1.425E+4,
1.516E008,1.412E+4,
1.518E008,1.410E+4,
1.52E08,1.420E+4,
1.522E008,1.407E+4,
1.524E008,1.410E+4,
1.526E008,1.420E+4,
1.528E008,1.429E+4,
1.53E08,1.401E+4,
1.532E008,1.399E+4,
1.534E008,1.403E+4,
1.536E008,1.427E+4,
1.538E008,1.416E+4,
1.54E08,1.416E+4,
1.542E008,1.407E+4,
1.544E008,1.403E+4,
1.546E008,1.427E+4,
1.548E008,1.408E+4,
1.55E08,1.423E+4,
1.552E008,1.386E+4,
1.554E008,1.417E+4,
1.556E008,1.416E+4,
1.558E008,1.422E+4,
1.56E08,1.417E+4,
1.562E008,1.427E+4,
1.564E008,1.454E+4,
1.566E008,1.401E+4,
1.568E008,1.410E+4,
1.57E08,1.422E+4,
1.572E008,1.392E+4,
1.574E008,1.393E+4,
1.576E008,1.416E+4,
1.578E008,1.440E+4,
1.58E08,1.404E+4,
1.582E008,1.430E+4,
1.584E008,1.426E+4,
1.586E008,1.421E+4,
1.588E008,1.417E+4,
1.59E08,1.396E+4,
1.592E008,1.384E+4,
1.594E008,1.389E+4,
1.596E008,1.427E+4,
1.598E008,1.406E+4,
1.6E08,1.409E+4,
1.602E008,1.415E+4,
1.604E008,1.381E+4,
1.606E008,1.411E+4,
1.608E008,1.412E+4,
1.61E08,1.412E+4,
1.612E008,1.414E+4,
1.614E008,1.399E+4,
1.616E008,1.413E+4,
1.618E008,1.433E+4,
1.62E08,1.390E+4,
1.622E008,1.428E+4,
1.624E008,1.408E+4,
1.626E008,1.413E+4,
1.628E008,1.407E+4,
1.63E08,1.398E+4,
1.632E008,1.417E+4,
1.634E008,1.411E+4,
1.636E008,1.399E+4,
1.638E008,1.395E+4,
1.64E08,1.392E+4,
1.642E008,1.398E+4,
1.644E008,1.411E+4,
1.646E008,1.448E+4,
1.648E008,1.402E+4,
1.65E08,1.400E+4,
1.652E008,1.406E+4,
1.654E008,1.422E+4,
1.656E008,1.403E+4,
1.658E008,1.412E+4,
1.66E08,1.394E+4,
1.662E008,1.397E+4,
1.664E008,1.406E+4,
1.666E008,1.416E+4,
1.668E008,1.411E+4,
1.67E08,1.417E+4,
1.672E008,1.407E+4,
1.674E008,1.404E+4,
1.676E008,1.423E+4,
1.678E008,1.408E+4,
1.68E08,1.399E+4,
1.682E008,1.398E+4,
1.684E008,1.376E+4,
1.686E008,1.427E+4,
1.688E008,1.413E+4,
1.69E08,1.403E+4,
1.692E008,1.432E+4,
1.694E008,1.443E+4,
1.696E008,1.403E+4,
1.698E008,1.429E+4,
1.7E08,1.409E+4,
1.702E008,1.396E+4,
1.704E008,1.430E+4,
1.706E008,1.447E+4,
1.708E008,1.410E+4,
1.71E08,1.400E+4,
1.712E008,1.422E+4,
1.714E008,1.401E+4,
1.716E008,1.402E+4,
1.718E008,1.407E+4,
1.72E08,1.420E+4,
1.722E008,1.403E+4,
1.724E008,1.404E+4,
1.726E008,1.392E+4,
1.728E008,1.417E+4,
1.73E08,1.410E+4,
1.732E008,1.400E+4,
1.734E008,1.409E+4,
1.736E008,1.388E+4,
1.738E008,1.422E+4,
1.74E08,1.421E+4,
1.742E008,1.389E+4,
1.744E008,1.418E+4,
1.746E008,1.415E+4,
1.748E008,1.405E+4,
1.75E08,1.410E+4,
1.752E008,1.402E+4,
1.754E008,1.381E+4,
1.756E008,1.418E+4,
1.758E008,1.397E+4,
1.76E08,1.412E+4,
1.762E008,1.413E+4,
1.764E008,1.402E+4,
1.766E008,1.396E+4,
1.768E008,1.412E+4,
1.77E08,1.416E+4,
1.772E008,1.416E+4,
1.774E008,1.396E+4,
1.776E008,1.407E+4,
1.778E008,1.426E+4,
1.78E08,1.411E+4,
1.782E008,1.413E+4,
1.784E008,1.430E+4,
1.786E008,1.389E+4,
1.788E008,1.409E+4,
1.79E08,1.405E+4,
1.792E008,1.421E+4,
1.794E008,1.402E+4,
1.796E008,1.413E+4,
1.798E008,1.428E+4,
1.8E08,1.418E+4,
1.802E008,1.419E+4,
1.804E008,1.397E+4,
1.806E008,1.399E+4,
1.808E008,1.415E+4,
1.81E08,1.422E+4,
1.812E008,1.410E+4,
1.814E008,1.397E+4,
1.816E008,1.404E+4,
1.818E008,1.432E+4,
1.82E08,1.413E+4,
1.822E008,1.419E+4,
1.824E008,1.421E+4,
1.826E008,1.394E+4,
1.828E008,1.410E+4,
1.83E08,1.393E+4,
1.832E008,1.400E+4,
1.834E008,1.402E+4,
1.836E008,1.416E+4,
1.838E008,1.429E+4,
1.84E08,1.418E+4,
1.842E008,1.419E+4,
1.844E008,1.411E+4,
1.846E008,1.410E+4,
1.848E008,1.405E+4,
1.85E08,1.413E+4,
1.852E008,1.440E+4,
1.854E008,1.400E+4,
1.856E008,1.441E+4,
1.858E008,1.413E+4,
1.86E08,1.396E+4,
1.862E008,1.392E+4,
1.864E008,1.404E+4,
1.866E008,1.428E+4,
1.868E008,1.426E+4,
1.87E08,1.430E+4,
1.872E008,1.399E+4,
1.874E008,1.427E+4,
1.876E008,1.416E+4,
1.878E008,1.412E+4,
1.88E08,1.400E+4,
1.882E008,1.424E+4,
1.884E008,1.412E+4,
1.886E008,1.400E+4,
1.888E008,1.415E+4,
1.89E08,1.418E+4,
1.892E008,1.408E+4,
1.894E008,1.432E+4,
1.896E008,1.414E+4,
1.898E008,1.407E+4,
1.9E08,1.422E+4,
1.902E008,1.411E+4,
1.904E008,1.424E+4,
1.906E008,1.432E+4,
1.908E008,1.399E+4,
1.91E08,1.391E+4,
1.912E008,1.435E+4,
1.914E008,1.424E+4,
1.916E008,1.401E+4,
1.918E008,1.398E+4,
1.92E08,1.436E+4,
1.922E008,1.417E+4,
1.924E008,1.425E+4,
1.926E008,1.434E+4,
1.928E008,1.434E+4,
1.93E08,1.385E+4,
1.932E008,1.409E+4,
1.934E008,1.395E+4,
1.936E008,1.420E+4,
1.938E008,1.403E+4,
1.94E08,1.418E+4,
1.942E008,1.394E+4,
1.944E008,1.409E+4,
1.946E008,1.426E+4,
1.948E008,1.418E+4,
1.95E08,1.420E+4,
1.952E008,1.413E+4,
1.954E008,1.416E+4,
1.956E008,1.403E+4,
1.958E008,1.423E+4,
1.96E08,1.424E+4,
1.962E008,1.419E+4,
1.964E008,1.396E+4,
1.966E008,1.407E+4,
1.968E008,1.395E+4,
1.97E08,1.413E+4,
1.972E008,1.404E+4,
1.974E008,1.405E+4,
1.976E008,1.409E+4,
1.978E008,1.410E+4,
1.98E08,1.403E+4,
1.982E008,1.408E+4,
1.984E008,1.414E+4,
1.986E008,1.409E+4,
1.988E008,1.410E+4,
1.99E08,1.419E+4,
1.992E008,1.433E+4,
1.994E008,1.406E+4,
1.996E008,1.415E+4,
1.998E008,1.423E+4,
