Labels,T21,
Type,Time Scan,
Comment,,
Start,0.00,
Stop,1.998E008,
Step,2E05,
Fixed/Offset, ,
XAxis,Time,
YAxis,Counts,

0.00,8.850E+3,
2E05,1.771E+4,
4E05,1.735E+4,
6E05,1.716E+4,
800000.060000,1.674E+4,
1E06,1.676E+4,
1.2E06,1.617E+4,
1.4E06,1.642E+4,
1.6E06,1.609E+4,
1.8E06,1.603E+4,
2E06,1.587E+4,
2.2E06,1.554E+4,
2.4E06,1.543E+4,
2.6E06,1.537E+4,
2.8E06,1.535E+4,
3E06,1.543E+4,
3.2E06,1.514E+4,
3.4E06,1.496E+4,
3.6E06,1.484E+4,
3.8E06,1.480E+4,
4E06,1.424E+4,
4.2E06,1.429E+4,
4.4E06,1.411E+4,
4.6E06,1.417E+4,
4.8E06,1.383E+4,
5E06,1.393E+4,
5.2E06,1.374E+4,
5.4E06,1.384E+4,
5.6E06,1.353E+4,
5.8E06,1.347E+4,
6E06,1.352E+4,
6.2E06,1.314E+4,
6400000.500000,1.317E+4,
6600000.500000,1.296E+4,
6800000.500000,1.315E+4,
7000000.500000,1.309E+4,
7200000.600000,1.274E+4,
7400000.600000,1.262E+4,
7600000.600000,1.248E+4,
7800000.600000,1.241E+4,
8000000.600000,1.249E+4,
8200000.600000,1.219E+4,
8400000.700000,1.217E+4,
8600000.700000,1.205E+4,
8800000.700000,1.221E+4,
9000000.700000,1.193E+4,
9200000.700000,1.191E+4,
9400000.700000,1.191E+4,
9600000.800000,1.173E+4,
9800000.800000,1.151E+4,
1E07,1.160E+4,
1.02E07,1.137E+4,
1.04E07,1.160E+4,
1.06E07,1.143E+4,
1.08E07,1.133E+4,
1.1E07,1.127E+4,
1.12E07,1.102E+4,
1.14E07,1.120E+4,
1.16E07,1.104E+4,
1.18E07,1.077E+4,
1.2E07,1.115E+4,
1.22E07,1.066E+4,
1.24E07,1.077E+4,
1.26E07,1.071E+4,
1.28E07,1.059E+4,
1.3E07,1.067E+4,
1.32E07,1.058E+4,
1.34E07,1.060E+4,
1.36E07,1.043E+4,
1.38E07,1.044E+4,
1.4E07,1.012E+4,
1.42E07,1.039E+4,
1.44E07,1.025E+4,
1.46E07,1.025E+4,
1.48E07,1.030E+4,
1.5E07,1.009E+4,
1.52E07,9.997E+3,
1.54E07,1.001E+4,
1.56E07,9.857E+3,
1.58E07,9.813E+3,
1.6E07,9.610E+3,
1.62E07,9.864E+3,
1.64E07,9.619E+3,
1.66E07,9.584E+3,
1.68E07,9.505E+3,
1.7E07,9.455E+3,
1.72E07,9.467E+3,
1.74E07,9.398E+3,
1.76E07,9.489E+3,
1.78E07,9.338E+3,
1.8E07,9.462E+3,
1.82E07,9.493E+3,
1.84E07,9.449E+3,
1.86E07,9.231E+3,
1.88E07,9.037E+3,
1.9E07,9.226E+3,
1.92E07,9.100E+3,
1.94E07,9.278E+3,
1.96E07,9.110E+3,
1.98E07,9.043E+3,
2E07,9.137E+3,
2.02E07,9.059E+3,
2.04E07,9.005E+3,
2.06E07,8.811E+3,
2.08E07,8.985E+3,
2.1E07,8.990E+3,
2.12E07,8.876E+3,
2.14E07,8.684E+3,
2.16E07,8.871E+3,
2.18E07,8.748E+3,
2.2E07,8.871E+3,
2.22E07,8.701E+3,
2.24E07,8.785E+3,
2.26E07,8.678E+3,
2.28E07,8.735E+3,
2.3E07,8.484E+3,
2.32E07,8.564E+3,
2.34E07,8.481E+3,
2.36E07,8.633E+3,
2.38E07,8.403E+3,
2.4E07,8.543E+3,
2.42E07,8.422E+3,
2.44E07,8.471E+3,
2.46E07,8.296E+3,
2.48E07,8.284E+3,
2.5E07,8.286E+3,
2.52E07,8.332E+3,
2.54E07,8.284E+3,
2.56E07,8.345E+3,
2.58E07,8.271E+3,
2.6E07,8.233E+3,
2.62E07,8.366E+3,
2.64E07,8.309E+3,
2.66E07,8.192E+3,
2.68E07,8.292E+3,
2.7E07,7.893E+3,
2.72E07,8.035E+3,
2.74E07,8.158E+3,
2.76E07,8.177E+3,
2.78E07,8.261E+3,
2.8E07,7.984E+3,
2.82E07,7.982E+3,
2.84E07,8.093E+3,
2.86E07,8.130E+3,
2.88E07,8.021E+3,
2.9E07,7.816E+3,
2.92E07,7.880E+3,
2.94E07,8.054E+3,
2.96E07,8.009E+3,
2.98E07,7.965E+3,
3E07,7.904E+3,
3.02E07,7.896E+3,
3.04E07,8.056E+3,
3.06E07,8.078E+3,
3.08E07,7.750E+3,
3.1E07,7.985E+3,
3.12E07,7.659E+3,
3.14E07,7.860E+3,
3.16E07,7.883E+3,
3.18E07,7.722E+3,
3.2E07,7.729E+3,
3.22E07,7.820E+3,
3.24E07,7.801E+3,
3.26E07,7.757E+3,
3.28E07,7.883E+3,
3.3E07,7.715E+3,
3.32E07,7.587E+3,
3.34E07,7.769E+3,
3.36E07,7.766E+3,
3.38E07,7.545E+3,
3.4E07,7.703E+3,
3.42E07,7.555E+3,
3.44E07,7.615E+3,
3.46E07,7.696E+3,
3.48E07,7.807E+3,
3.5E07,7.784E+3,
3.52E07,7.597E+3,
3.54E07,7.572E+3,
3.56E07,7.443E+3,
3.58E07,7.494E+3,
3.6E07,7.640E+3,
3.62E07,7.635E+3,
3.64E07,7.521E+3,
3.66E07,7.432E+3,
3.68E07,7.642E+3,
3.7E07,7.683E+3,
3.72E07,7.483E+3,
3.74E07,7.647E+3,
3.76E07,7.532E+3,
3.78E07,7.445E+3,
3.8E07,7.592E+3,
3.82E07,7.514E+3,
3.84E07,7.319E+3,
3.86E07,7.447E+3,
3.88E07,7.391E+3,
3.9E07,7.454E+3,
3.92E07,7.468E+3,
3.94E07,7.625E+3,
3.96E07,7.363E+3,
3.98E07,7.275E+3,
4E07,7.498E+3,
4.02E07,7.324E+3,
4.04E07,7.360E+3,
4.06E07,7.552E+3,
4.08E07,7.535E+3,
4.1E07,7.417E+3,
4.12E07,7.568E+3,
4.14E07,7.288E+3,
4.16E07,7.336E+3,
4.18E07,7.486E+3,
4.2E07,7.323E+3,
4.22E07,7.416E+3,
4.24E07,7.394E+3,
4.26E07,7.541E+3,
4.28E07,7.258E+3,
4.3E07,7.457E+3,
4.32E07,7.473E+3,
4.34E07,7.349E+3,
4.36E07,7.439E+3,
4.38E07,7.273E+3,
4.4E07,7.452E+3,
4.42E07,7.311E+3,
4.44E07,7.175E+3,
4.46E07,7.179E+3,
4.48E07,7.209E+3,
4.5E07,7.297E+3,
4.52E07,7.220E+3,
4.54E07,7.181E+3,
4.56E07,7.427E+3,
4.58E07,7.341E+3,
4.6E07,7.274E+3,
4.62E07,7.297E+3,
4.64E07,7.219E+3,
4.66E07,7.161E+3,
4.68E07,7.178E+3,
4.7E07,7.205E+3,
4.72E07,7.342E+3,
4.74E07,7.428E+3,
4.76E07,7.181E+3,
4.78E07,7.341E+3,
4.8E07,7.054E+3,
4.82E07,7.259E+3,
4.84E07,7.145E+3,
4.86E07,7.160E+3,
4.88E07,7.149E+3,
4.9E07,7.254E+3,
4.92E07,7.020E+3,
4.94E07,7.194E+3,
4.96E07,7.052E+3,
4.98E07,7.207E+3,
5E07,7.259E+3,
5.02E07,7.180E+3,
5.04E07,7.289E+3,
5.06E07,7.086E+3,
5.08E07,7.238E+3,
5.1E07,7.077E+3,
5.12E07,7.167E+3,
5.14E07,7.230E+3,
5.16E07,7.254E+3,
5.18E07,7.284E+3,
5.2E07,7.164E+3,
5.22E07,7.309E+3,
5.24E07,7.125E+3,
5.26E07,7.176E+3,
5.28E07,7.186E+3,
5.3E07,7.149E+3,
5.32E07,7.295E+3,
5.34E07,7.138E+3,
5.36E07,7.320E+3,
5.38E07,7.144E+3,
5.4E07,7.228E+3,
5.42E07,6.973E+3,
5.44E07,7.021E+3,
5.46E07,7.107E+3,
5.48E07,7.213E+3,
5.5E07,7.116E+3,
5.52E07,7.084E+3,
5.54E07,7.135E+3,
5.56E07,7.139E+3,
5.58E07,7.183E+3,
5.6E07,7.020E+3,
5.62E07,7.054E+3,
5.64E07,7.234E+3,
5.66E07,7.106E+3,
5.68E07,7.297E+3,
5.7E07,7.038E+3,
5.72E07,7.159E+3,
5.74E07,7.085E+3,
5.76E07,7.208E+3,
5.78E07,7.053E+3,
5.8E07,7.260E+3,
5.82E07,7.124E+3,
5.84E07,7.097E+3,
5.86E07,7.021E+3,
5.88E07,7.256E+3,
5.9E07,7.140E+3,
5.92E07,7.190E+3,
5.94E07,7.014E+3,
5.96E07,7.037E+3,
5.98E07,7.043E+3,
6E07,7.250E+3,
6.02E07,7.170E+3,
6.04E07,7.218E+3,
6.06E07,7.133E+3,
6.08E07,7.089E+3,
6.1E07,7.173E+3,
6.12E07,7.259E+3,
6.14E07,7.128E+3,
6.16E07,7.143E+3,
6.18E07,7.198E+3,
6.2E07,7.062E+3,
6.22E07,7.125E+3,
6.24E07,7.138E+3,
6.26E07,7.028E+3,
6.28E07,7.217E+3,
6.3E07,7.129E+3,
6.32E07,7.220E+3,
6.34E07,7.042E+3,
6.36E07,6.906E+3,
6.38E07,7.263E+3,
64000005.000000,6.938E+3,
64200005.000000,7.000E+3,
64400005.000000,7.067E+3,
64600005.000000,7.086E+3,
64800005.000000,7.075E+3,
65000005.000000,7.085E+3,
65200005.000000,7.215E+3,
65400005.000000,7.089E+3,
65600005.000000,7.046E+3,
65800005.000000,7.151E+3,
66000005.000000,7.151E+3,
66200005.000000,7.084E+3,
66400005.000000,7.063E+3,
66600005.000000,7.179E+3,
66800005.000000,7.051E+3,
67000005.000000,7.176E+3,
67200005.000000,7.064E+3,
67400005.000000,6.980E+3,
67600005.000000,6.966E+3,
67800005.000000,6.998E+3,
68000005.000000,7.093E+3,
68200005.000000,7.233E+3,
68400005.000000,7.000E+3,
68600005.000000,7.046E+3,
68800005.000000,6.987E+3,
69000005.000000,7.029E+3,
69200005.000000,7.056E+3,
69400005.000000,7.209E+3,
69600005.000000,7.006E+3,
69800005.000000,7.308E+3,
70000005.000000,7.041E+3,
70200005.000000,6.923E+3,
70400006.000000,6.906E+3,
70600006.000000,6.964E+3,
70800006.000000,7.014E+3,
71000006.000000,6.991E+3,
71200006.000000,7.066E+3,
71400006.000000,7.030E+3,
71600006.000000,6.910E+3,
71800006.000000,7.157E+3,
72000006.000000,7.073E+3,
72200006.000000,6.921E+3,
72400006.000000,7.062E+3,
72600006.000000,7.035E+3,
72800006.000000,7.056E+3,
73000006.000000,6.988E+3,
73200006.000000,7.090E+3,
73400006.000000,6.946E+3,
73600006.000000,6.908E+3,
73800006.000000,7.055E+3,
74000006.000000,7.028E+3,
74200006.000000,7.002E+3,
74400006.000000,7.032E+3,
74600006.000000,6.945E+3,
74800006.000000,6.971E+3,
75000006.000000,7.089E+3,
75200006.000000,7.156E+3,
75400006.000000,7.129E+3,
75600006.000000,6.914E+3,
75800006.000000,7.162E+3,
76000006.000000,7.165E+3,
76200006.000000,6.927E+3,
76400006.000000,7.098E+3,
76600006.000000,7.079E+3,
76800006.000000,7.118E+3,
77000006.000000,6.978E+3,
77200006.000000,7.113E+3,
77400006.000000,7.123E+3,
77600006.000000,6.892E+3,
77800006.000000,6.971E+3,
78000006.000000,7.117E+3,
78200006.000000,7.018E+3,
78400006.000000,7.054E+3,
78600006.000000,7.061E+3,
78800006.000000,7.030E+3,
79000006.000000,7.047E+3,
79200006.000000,7.016E+3,
79400006.000000,7.137E+3,
79600006.000000,7.224E+3,
79800006.000000,6.936E+3,
80000006.000000,6.937E+3,
80200006.000000,7.052E+3,
80400006.000000,6.990E+3,
80600006.000000,7.117E+3,
80800006.000000,7.066E+3,
81000006.000000,7.117E+3,
81200006.000000,7.124E+3,
81400006.000000,7.086E+3,
81600006.000000,7.005E+3,
81800006.000000,7.091E+3,
82000006.000000,7.000E+3,
82200006.000000,7.105E+3,
82400006.000000,7.024E+3,
82600006.000000,7.151E+3,
82800006.000000,6.922E+3,
83000006.000000,7.035E+3,
83200007.000000,6.928E+3,
83400007.000000,7.010E+3,
83600007.000000,6.953E+3,
83800007.000000,7.165E+3,
84000007.000000,7.011E+3,
84200007.000000,7.162E+3,
84400007.000000,6.954E+3,
84600007.000000,7.019E+3,
84800007.000000,6.953E+3,
85000007.000000,6.910E+3,
85200007.000000,7.016E+3,
85400007.000000,7.061E+3,
85600007.000000,7.125E+3,
85800007.000000,6.923E+3,
86000007.000000,7.106E+3,
86200007.000000,6.882E+3,
86400007.000000,7.043E+3,
86600007.000000,7.218E+3,
86800007.000000,6.778E+3,
87000007.000000,7.048E+3,
87200007.000000,6.983E+3,
87400007.000000,6.916E+3,
87600007.000000,6.913E+3,
87800007.000000,7.124E+3,
88000007.000000,7.047E+3,
88200007.000000,6.884E+3,
88400007.000000,7.092E+3,
88600007.000000,6.719E+3,
88800007.000000,7.019E+3,
89000007.000000,6.911E+3,
89200007.000000,6.878E+3,
89400007.000000,7.116E+3,
89600007.000000,6.996E+3,
89800007.000000,7.174E+3,
90000007.000000,6.987E+3,
90200007.000000,7.004E+3,
90400007.000000,7.059E+3,
90600007.000000,7.121E+3,
90800007.000000,7.076E+3,
91000007.000000,7.030E+3,
91200007.000000,7.044E+3,
91400007.000000,7.101E+3,
91600007.000000,6.970E+3,
91800007.000000,6.980E+3,
92000007.000000,6.994E+3,
92200007.000000,7.031E+3,
92400007.000000,7.074E+3,
92600007.000000,6.966E+3,
92800007.000000,6.908E+3,
93000007.000000,7.156E+3,
93200007.000000,6.859E+3,
93400007.000000,7.228E+3,
93600007.000000,7.071E+3,
93800007.000000,7.201E+3,
94000007.000000,6.988E+3,
94200007.000000,6.949E+3,
94400007.000000,6.987E+3,
94600007.000000,7.128E+3,
94800007.000000,7.041E+3,
95000007.000000,6.945E+3,
95200007.000000,7.070E+3,
95400007.000000,7.012E+3,
95600007.000000,7.039E+3,
95800007.000000,6.991E+3,
96000008.000000,7.026E+3,
96200008.000000,7.013E+3,
96400008.000000,6.992E+3,
96600008.000000,6.959E+3,
96800008.000000,7.080E+3,
97000008.000000,6.912E+3,
97200008.000000,7.135E+3,
97400008.000000,6.772E+3,
97600008.000000,7.116E+3,
97800008.000000,7.137E+3,
98000008.000000,7.130E+3,
98200008.000000,7.045E+3,
98400008.000000,6.924E+3,
98600008.000000,6.792E+3,
98800008.000000,7.010E+3,
99000008.000000,6.983E+3,
99200008.000000,6.943E+3,
99400008.000000,6.930E+3,
99600008.000000,7.018E+3,
99800008.000000,6.956E+3,
1E08,6.983E+3,
1.002E008,7.017E+3,
1.004E008,7.099E+3,
1.006E008,7.037E+3,
1.008E008,7.112E+3,
1.01E08,7.140E+3,
1.012E008,7.145E+3,
1.014E008,6.993E+3,
1.016E008,6.887E+3,
1.018E008,7.167E+3,
1.02E08,7.121E+3,
1.022E008,6.909E+3,
1.024E008,7.227E+3,
1.026E008,6.931E+3,
1.028E008,6.952E+3,
1.03E08,6.896E+3,
1.032E008,7.071E+3,
1.034E008,7.004E+3,
1.036E008,7.151E+3,
1.038E008,7.122E+3,
1.04E08,6.812E+3,
1.042E008,7.026E+3,
1.044E008,6.958E+3,
1.046E008,6.979E+3,
1.048E008,6.918E+3,
1.05E08,6.926E+3,
1.052E008,7.174E+3,
1.054E008,7.014E+3,
1.056E008,6.995E+3,
1.058E008,6.922E+3,
1.06E08,7.015E+3,
1.062E008,7.033E+3,
1.064E008,6.961E+3,
1.066E008,7.053E+3,
1.068E008,7.075E+3,
1.07E08,7.209E+3,
1.072E008,6.927E+3,
1.074E008,7.129E+3,
1.076E008,7.065E+3,
1.078E008,7.118E+3,
1.08E08,6.895E+3,
1.082E008,7.027E+3,
1.084E008,7.059E+3,
1.086E008,6.894E+3,
1.088E008,6.994E+3,
1.09E08,7.231E+3,
1.092E008,7.127E+3,
1.094E008,6.941E+3,
1.096E008,7.050E+3,
1.098E008,7.166E+3,
1.1E08,6.942E+3,
1.102E008,7.031E+3,
1.104E008,7.136E+3,
1.106E008,7.090E+3,
1.108E008,7.008E+3,
1.11E08,7.074E+3,
1.112E008,6.941E+3,
1.114E008,6.969E+3,
1.116E008,6.917E+3,
1.118E008,7.051E+3,
1.12E08,7.112E+3,
1.122E008,6.990E+3,
1.124E008,7.037E+3,
1.126E008,7.030E+3,
1.128E008,6.956E+3,
1.13E08,6.916E+3,
1.132E008,6.957E+3,
1.134E008,7.069E+3,
1.136E008,6.923E+3,
1.138E008,7.208E+3,
1.14E08,6.980E+3,
1.142E008,7.017E+3,
1.144E008,6.978E+3,
1.146E008,6.980E+3,
1.148E008,7.034E+3,
1.15E08,6.905E+3,
1.152E008,6.993E+3,
1.154E008,7.014E+3,
1.156E008,6.941E+3,
1.158E008,6.936E+3,
1.16E08,6.930E+3,
1.162E008,7.035E+3,
1.164E008,6.987E+3,
1.166E008,6.965E+3,
1.168E008,7.182E+3,
1.17E08,6.938E+3,
1.172E008,7.104E+3,
1.174E008,6.994E+3,
1.176E008,7.094E+3,
1.178E008,7.032E+3,
1.18E08,7.084E+3,
1.182E008,7.119E+3,
1.184E008,7.209E+3,
1.186E008,7.086E+3,
1.188E008,7.110E+3,
1.19E08,6.971E+3,
1.192E008,7.146E+3,
1.194E008,6.994E+3,
1.196E008,6.975E+3,
1.198E008,6.881E+3,
1.2E08,7.040E+3,
1.202E008,7.076E+3,
1.204E008,7.090E+3,
1.206E008,6.832E+3,
1.208E008,6.983E+3,
1.21E08,7.036E+3,
1.212E008,6.948E+3,
1.214E008,7.045E+3,
1.216E008,6.898E+3,
1.218E008,6.951E+3,
1.22E08,6.928E+3,
1.222E008,6.914E+3,
1.224E008,6.927E+3,
1.226E008,7.025E+3,
1.228E008,6.915E+3,
1.23E08,7.079E+3,
1.232E008,6.980E+3,
1.234E008,7.240E+3,
1.236E008,7.022E+3,
1.238E008,6.992E+3,
1.24E08,7.033E+3,
1.242E008,7.004E+3,
1.244E008,6.910E+3,
1.246E008,6.983E+3,
1.248E008,6.873E+3,
1.25E08,6.976E+3,
1.252E008,7.104E+3,
1.254E008,6.961E+3,
1.256E008,7.119E+3,
1.258E008,7.162E+3,
1.26E08,6.870E+3,
1.262E008,7.102E+3,
1.264E008,6.936E+3,
1.266E008,7.107E+3,
1.268E008,6.993E+3,
1.27E08,7.219E+3,
1.272E008,7.053E+3,
1.274E008,7.039E+3,
1.276E008,7.011E+3,
1.278E008,7.139E+3,
1.28E08,7.005E+3,
1.282E008,7.213E+3,
1.284E008,6.854E+3,
1.286E008,7.101E+3,
1.288E008,6.910E+3,
1.29E08,6.998E+3,
1.292E008,6.962E+3,
1.294E008,7.002E+3,
1.296E008,6.967E+3,
1.298E008,7.109E+3,
1.3E08,7.093E+3,
1.302E008,6.998E+3,
1.304E008,6.926E+3,
1.306E008,7.035E+3,
1.308E008,6.946E+3,
1.31E08,7.120E+3,
1.312E008,6.944E+3,
1.314E008,7.049E+3,
1.316E008,7.063E+3,
1.318E008,7.026E+3,
1.32E08,7.034E+3,
1.322E008,6.931E+3,
1.324E008,7.057E+3,
1.326E008,7.057E+3,
1.328E008,6.971E+3,
1.33E08,6.831E+3,
1.332E008,7.126E+3,
1.334E008,6.968E+3,
1.336E008,7.063E+3,
1.338E008,6.895E+3,
1.34E08,7.048E+3,
1.342E008,6.905E+3,
1.344E008,6.898E+3,
1.346E008,7.108E+3,
1.348E008,7.234E+3,
1.35E08,7.016E+3,
1.352E008,6.837E+3,
1.354E008,7.032E+3,
1.356E008,7.018E+3,
1.358E008,7.007E+3,
1.36E08,7.087E+3,
1.362E008,6.974E+3,
1.364E008,7.043E+3,
1.366E008,6.869E+3,
1.368E008,7.056E+3,
1.37E08,7.097E+3,
1.372E008,7.110E+3,
1.374E008,7.119E+3,
1.376E008,7.033E+3,
1.378E008,6.985E+3,
1.38E08,6.992E+3,
1.382E008,7.014E+3,
1.384E008,6.920E+3,
1.386E008,7.064E+3,
1.388E008,6.995E+3,
1.39E08,6.894E+3,
1.392E008,6.972E+3,
1.394E008,7.102E+3,
1.396E008,7.050E+3,
1.398E008,7.050E+3,
1.4E08,6.938E+3,
1.402E008,7.007E+3,
1.404E008,7.052E+3,
1.406E008,6.913E+3,
1.408E008,7.088E+3,
1.41E08,6.877E+3,
1.412E008,7.056E+3,
1.414E008,7.251E+3,
1.416E008,7.102E+3,
1.418E008,6.868E+3,
1.42E08,6.859E+3,
1.422E008,6.895E+3,
1.424E008,6.989E+3,
1.426E008,7.012E+3,
1.428E008,7.047E+3,
1.43E08,6.863E+3,
1.432E008,7.035E+3,
1.434E008,7.010E+3,
1.436E008,6.968E+3,
1.438E008,7.024E+3,
1.44E08,6.938E+3,
1.442E008,6.996E+3,
1.444E008,7.015E+3,
1.446E008,7.290E+3,
1.448E008,7.001E+3,
1.45E08,6.903E+3,
1.452E008,7.013E+3,
1.454E008,7.064E+3,
1.456E008,6.910E+3,
1.458E008,7.101E+3,
1.46E08,7.012E+3,
1.462E008,6.972E+3,
1.464E008,6.941E+3,
1.466E008,6.958E+3,
1.468E008,7.077E+3,
1.47E08,6.992E+3,
1.472E008,7.049E+3,
1.474E008,6.884E+3,
1.476E008,6.852E+3,
1.478E008,6.919E+3,
1.48E08,6.963E+3,
1.482E008,6.865E+3,
1.484E008,6.993E+3,
1.486E008,7.067E+3,
1.488E008,6.871E+3,
1.49E08,7.007E+3,
1.492E008,6.985E+3,
1.494E008,7.088E+3,
1.496E008,6.922E+3,
1.498E008,6.948E+3,
1.5E08,7.097E+3,
1.502E008,6.977E+3,
1.504E008,6.955E+3,
1.506E008,7.278E+3,
1.508E008,7.004E+3,
1.51E08,7.008E+3,
1.512E008,6.983E+3,
1.514E008,6.956E+3,
1.516E008,7.062E+3,
1.518E008,6.854E+3,
1.52E08,6.941E+3,
1.522E008,6.891E+3,
1.524E008,7.016E+3,
1.526E008,7.110E+3,
1.528E008,7.134E+3,
1.53E08,7.005E+3,
1.532E008,6.962E+3,
1.534E008,7.089E+3,
1.536E008,6.979E+3,
1.538E008,7.001E+3,
1.54E08,6.977E+3,
1.542E008,7.229E+3,
1.544E008,7.013E+3,
1.546E008,6.973E+3,
1.548E008,7.069E+3,
1.55E08,7.292E+3,
1.552E008,6.911E+3,
1.554E008,6.975E+3,
1.556E008,7.041E+3,
1.558E008,6.885E+3,
1.56E08,6.910E+3,
1.562E008,6.872E+3,
1.564E008,6.916E+3,
1.566E008,7.137E+3,
1.568E008,7.046E+3,
1.57E08,7.133E+3,
1.572E008,6.966E+3,
1.574E008,7.219E+3,
1.576E008,7.037E+3,
1.578E008,6.948E+3,
1.58E08,7.065E+3,
1.582E008,7.005E+3,
1.584E008,6.980E+3,
1.586E008,6.997E+3,
1.588E008,6.806E+3,
1.59E08,7.051E+3,
1.592E008,6.865E+3,
1.594E008,6.880E+3,
1.596E008,7.055E+3,
1.598E008,7.027E+3,
1.6E08,7.178E+3,
1.602E008,6.901E+3,
1.604E008,7.011E+3,
1.606E008,7.045E+3,
1.608E008,7.052E+3,
1.61E08,6.987E+3,
1.612E008,6.955E+3,
1.614E008,7.084E+3,
1.616E008,6.963E+3,
1.618E008,7.010E+3,
1.62E08,7.084E+3,
1.622E008,6.952E+3,
1.624E008,6.809E+3,
1.626E008,6.728E+3,
1.628E008,7.178E+3,
1.63E08,7.076E+3,
1.632E008,7.035E+3,
1.634E008,6.950E+3,
1.636E008,6.998E+3,
1.638E008,7.251E+3,
1.64E08,7.005E+3,
1.642E008,7.014E+3,
1.644E008,7.111E+3,
1.646E008,6.981E+3,
1.648E008,7.115E+3,
1.65E08,6.947E+3,
1.652E008,6.986E+3,
1.654E008,7.033E+3,
1.656E008,6.938E+3,
1.658E008,7.116E+3,
1.66E08,6.999E+3,
1.662E008,7.189E+3,
1.664E008,7.146E+3,
1.666E008,6.987E+3,
1.668E008,6.820E+3,
1.67E08,7.115E+3,
1.672E008,6.955E+3,
1.674E008,6.857E+3,
1.676E008,6.921E+3,
1.678E008,7.043E+3,
1.68E08,6.989E+3,
1.682E008,7.137E+3,
1.684E008,7.027E+3,
1.686E008,7.061E+3,
1.688E008,6.911E+3,
1.69E08,7.130E+3,
1.692E008,7.107E+3,
1.694E008,7.107E+3,
1.696E008,7.022E+3,
1.698E008,7.103E+3,
1.7E08,7.009E+3,
1.702E008,6.968E+3,
1.704E008,7.118E+3,
1.706E008,7.054E+3,
1.708E008,6.949E+3,
1.71E08,7.046E+3,
1.712E008,6.877E+3,
1.714E008,6.939E+3,
1.716E008,6.989E+3,
1.718E008,6.945E+3,
1.72E08,6.994E+3,
1.722E008,7.137E+3,
1.724E008,7.135E+3,
1.726E008,6.957E+3,
1.728E008,6.986E+3,
1.73E08,7.044E+3,
1.732E008,7.104E+3,
1.734E008,7.076E+3,
1.736E008,6.904E+3,
1.738E008,7.009E+3,
1.74E08,6.984E+3,
1.742E008,7.041E+3,
1.744E008,7.111E+3,
1.746E008,6.842E+3,
1.748E008,6.963E+3,
1.75E08,6.964E+3,
1.752E008,7.150E+3,
1.754E008,6.931E+3,
1.756E008,6.910E+3,
1.758E008,7.104E+3,
1.76E08,7.046E+3,
1.762E008,6.855E+3,
1.764E008,7.067E+3,
1.766E008,7.049E+3,
1.768E008,6.915E+3,
1.77E08,7.164E+3,
1.772E008,7.086E+3,
1.774E008,7.029E+3,
1.776E008,7.083E+3,
1.778E008,6.987E+3,
1.78E08,7.092E+3,
1.782E008,7.329E+3,
1.784E008,7.249E+3,
1.786E008,6.966E+3,
1.788E008,7.085E+3,
1.79E08,6.855E+3,
1.792E008,7.066E+3,
1.794E008,6.923E+3,
1.796E008,6.975E+3,
1.798E008,7.007E+3,
1.8E08,6.993E+3,
1.802E008,7.063E+3,
1.804E008,6.907E+3,
1.806E008,7.077E+3,
1.808E008,7.186E+3,
1.81E08,6.998E+3,
1.812E008,7.193E+3,
1.814E008,6.917E+3,
1.816E008,7.145E+3,
1.818E008,7.150E+3,
1.82E08,7.113E+3,
1.822E008,7.059E+3,
1.824E008,7.249E+3,
1.826E008,7.105E+3,
1.828E008,7.194E+3,
1.83E08,6.995E+3,
1.832E008,7.002E+3,
1.834E008,7.033E+3,
1.836E008,7.046E+3,
1.838E008,7.049E+3,
1.84E08,7.014E+3,
1.842E008,7.012E+3,
1.844E008,7.081E+3,
1.846E008,7.107E+3,
1.848E008,7.056E+3,
1.85E08,6.957E+3,
1.852E008,6.943E+3,
1.854E008,6.989E+3,
1.856E008,7.064E+3,
1.858E008,6.944E+3,
1.86E08,6.938E+3,
1.862E008,6.896E+3,
1.864E008,7.117E+3,
1.866E008,6.935E+3,
1.868E008,6.993E+3,
1.87E08,7.086E+3,
1.872E008,7.155E+3,
1.874E008,6.998E+3,
1.876E008,6.727E+3,
1.878E008,7.147E+3,
1.88E08,6.970E+3,
1.882E008,6.981E+3,
1.884E008,7.058E+3,
1.886E008,7.027E+3,
1.888E008,6.864E+3,
1.89E08,6.898E+3,
1.892E008,6.971E+3,
1.894E008,7.065E+3,
1.896E008,7.031E+3,
1.898E008,7.113E+3,
1.9E08,6.986E+3,
1.902E008,6.881E+3,
1.904E008,7.131E+3,
1.906E008,6.994E+3,
1.908E008,6.936E+3,
1.91E08,6.958E+3,
1.912E008,7.117E+3,
1.914E008,7.122E+3,
1.916E008,7.014E+3,
1.918E008,7.098E+3,
1.92E08,7.028E+3,
1.922E008,6.926E+3,
1.924E008,6.944E+3,
1.926E008,6.980E+3,
1.928E008,6.962E+3,
1.93E08,6.915E+3,
1.932E008,7.153E+3,
1.934E008,7.061E+3,
1.936E008,6.884E+3,
1.938E008,6.973E+3,
1.94E08,7.174E+3,
1.942E008,6.931E+3,
1.944E008,6.997E+3,
1.946E008,6.953E+3,
1.948E008,6.958E+3,
1.95E08,6.975E+3,
1.952E008,7.207E+3,
1.954E008,6.983E+3,
1.956E008,7.023E+3,
1.958E008,7.065E+3,
1.96E08,7.157E+3,
1.962E008,6.867E+3,
1.964E008,6.989E+3,
1.966E008,7.053E+3,
1.968E008,7.138E+3,
1.97E08,7.104E+3,
1.972E008,6.945E+3,
1.974E008,7.061E+3,
1.976E008,6.796E+3,
1.978E008,7.074E+3,
1.98E08,7.115E+3,
1.982E008,7.129E+3,
1.984E008,6.850E+3,
1.986E008,7.076E+3,
1.988E008,6.955E+3,
1.99E08,7.010E+3,
1.992E008,6.995E+3,
1.994E008,7.142E+3,
1.996E008,7.055E+3,
1.998E008,7.122E+3,
