Labels,T23_100ms,
Type,Time Scan,
Comment,,
Start,0.00,
Stop,3.996E008,
Step,4E05,
Fixed/Offset, ,
XAxis,Time,
YAxis,Counts,

0.00,4.462E+4,
4E05,1.653E+5,
800000.060000,2.777E+5,
1.2E06,3.773E+5,
1.6E06,4.662E+5,
2E06,5.480E+5,
2.4E06,6.205E+5,
2.8E06,6.855E+5,
3.2E06,7.476E+5,
3.6E06,8.036E+5,
4E06,8.545E+5,
4.4E06,9.020E+5,
4.8E06,9.484E+5,
5.2E06,9.903E+5,
5.6E06,1.025E+6,
6E06,1.059E+6,
6400000.500000,1.093E+6,
6800000.500000,1.125E+6,
7200000.600000,1.154E+6,
7600000.600000,1.180E+6,
8000000.600000,1.205E+6,
8400000.700000,1.229E+6,
8800000.700000,1.253E+6,
9200000.700000,1.273E+6,
9600000.800000,1.295E+6,
1E07,1.312E+6,
1.04E07,1.330E+6,
1.08E07,1.349E+6,
1.12E07,1.361E+6,
1.16E07,1.376E+6,
1.2E07,1.390E+6,
1.24E07,1.403E+6,
1.28E07,1.416E+6,
1.32E07,1.426E+6,
1.36E07,1.438E+6,
1.4E07,1.450E+6,
1.44E07,1.458E+6,
1.48E07,1.469E+6,
1.52E07,1.475E+6,
1.56E07,1.486E+6,
1.6E07,1.494E+6,
1.64E07,1.501E+6,
1.68E07,1.507E+6,
1.72E07,1.517E+6,
1.76E07,1.523E+6,
1.8E07,1.529E+6,
1.84E07,1.533E+6,
1.88E07,1.540E+6,
1.92E07,1.546E+6,
1.96E07,1.552E+6,
2E07,1.555E+6,
2.04E07,1.561E+6,
2.08E07,1.565E+6,
2.12E07,1.569E+6,
2.16E07,1.572E+6,
2.2E07,1.578E+6,
2.24E07,1.581E+6,
2.28E07,1.583E+6,
2.32E07,1.587E+6,
2.36E07,1.591E+6,
2.4E07,1.594E+6,
2.44E07,1.597E+6,
2.48E07,1.599E+6,
2.52E07,1.604E+6,
2.56E07,1.605E+6,
2.6E07,1.609E+6,
2.64E07,1.612E+6,
2.68E07,1.614E+6,
2.72E07,1.615E+6,
2.76E07,1.615E+6,
2.8E07,1.620E+6,
2.84E07,1.620E+6,
2.88E07,1.622E+6,
2.92E07,1.623E+6,
2.96E07,1.626E+6,
3E07,1.627E+6,
3.04E07,1.628E+6,
3.08E07,1.630E+6,
3.12E07,1.630E+6,
3.16E07,1.633E+6,
3.2E07,1.634E+6,
3.24E07,1.635E+6,
3.28E07,1.637E+6,
3.32E07,1.638E+6,
3.36E07,1.638E+6,
3.4E07,1.638E+6,
3.44E07,1.640E+6,
3.48E07,1.640E+6,
3.52E07,1.642E+6,
3.56E07,1.643E+6,
3.6E07,1.643E+6,
3.64E07,1.644E+6,
3.68E07,1.644E+6,
3.72E07,1.647E+6,
3.76E07,1.647E+6,
3.8E07,1.647E+6,
3.84E07,1.649E+6,
3.88E07,1.650E+6,
3.92E07,1.649E+6,
3.96E07,1.651E+6,
4E07,1.650E+6,
4.04E07,1.650E+6,
4.08E07,1.652E+6,
4.12E07,1.653E+6,
4.16E07,1.653E+6,
4.2E07,1.654E+6,
4.24E07,1.654E+6,
4.28E07,1.653E+6,
4.32E07,1.655E+6,
4.36E07,1.655E+6,
4.4E07,1.654E+6,
4.44E07,1.656E+6,
4.48E07,1.655E+6,
4.52E07,1.654E+6,
4.56E07,1.655E+6,
4.6E07,1.657E+6,
4.64E07,1.657E+6,
4.68E07,1.656E+6,
4.72E07,1.656E+6,
4.76E07,1.657E+6,
4.8E07,1.658E+6,
4.84E07,1.658E+6,
4.88E07,1.658E+6,
4.92E07,1.659E+6,
4.96E07,1.657E+6,
5E07,1.658E+6,
5.04E07,1.659E+6,
5.08E07,1.657E+6,
5.12E07,1.660E+6,
5.16E07,1.659E+6,
5.2E07,1.661E+6,
5.24E07,1.660E+6,
5.28E07,1.659E+6,
5.32E07,1.661E+6,
5.36E07,1.660E+6,
5.4E07,1.660E+6,
5.44E07,1.660E+6,
5.48E07,1.659E+6,
5.52E07,1.660E+6,
5.56E07,1.660E+6,
5.6E07,1.660E+6,
5.64E07,1.661E+6,
5.68E07,1.661E+6,
5.72E07,1.660E+6,
5.76E07,1.660E+6,
5.8E07,1.662E+6,
5.84E07,1.660E+6,
5.88E07,1.660E+6,
5.92E07,1.661E+6,
5.96E07,1.661E+6,
6E07,1.662E+6,
6.04E07,1.662E+6,
6.08E07,1.662E+6,
6.12E07,1.663E+6,
6.16E07,1.662E+6,
6.2E07,1.661E+6,
6.24E07,1.661E+6,
6.28E07,1.662E+6,
6.32E07,1.662E+6,
6.36E07,1.662E+6,
64000005.000000,1.661E+6,
64400005.000000,1.661E+6,
64800005.000000,1.663E+6,
65200005.000000,1.661E+6,
65600005.000000,1.663E+6,
66000005.000000,1.662E+6,
66400005.000000,1.662E+6,
66800005.000000,1.662E+6,
67200005.000000,1.662E+6,
67600005.000000,1.663E+6,
68000005.000000,1.663E+6,
68400005.000000,1.662E+6,
68800005.000000,1.662E+6,
69200005.000000,1.661E+6,
69600005.000000,1.662E+6,
70000005.000000,1.664E+6,
70400006.000000,1.663E+6,
70800006.000000,1.662E+6,
71200006.000000,1.663E+6,
71600006.000000,1.663E+6,
72000006.000000,1.662E+6,
72400006.000000,1.662E+6,
72800006.000000,1.663E+6,
73200006.000000,1.663E+6,
73600006.000000,1.662E+6,
74000006.000000,1.663E+6,
74400006.000000,1.662E+6,
74800006.000000,1.662E+6,
75200006.000000,1.660E+6,
75600006.000000,1.660E+6,
76000006.000000,1.663E+6,
76400006.000000,1.661E+6,
76800006.000000,1.663E+6,
77200006.000000,1.661E+6,
77600006.000000,1.662E+6,
78000006.000000,1.662E+6,
78400006.000000,1.661E+6,
78800006.000000,1.662E+6,
79200006.000000,1.662E+6,
79600006.000000,1.662E+6,
80000006.000000,1.660E+6,
80400006.000000,1.661E+6,
80800006.000000,1.661E+6,
81200006.000000,1.662E+6,
81600006.000000,1.661E+6,
82000006.000000,1.663E+6,
82400006.000000,1.663E+6,
82800006.000000,1.661E+6,
83200007.000000,1.662E+6,
83600007.000000,1.661E+6,
84000007.000000,1.661E+6,
84400007.000000,1.661E+6,
84800007.000000,1.662E+6,
85200007.000000,1.661E+6,
85600007.000000,1.663E+6,
86000007.000000,1.661E+6,
86400007.000000,1.662E+6,
86800007.000000,1.661E+6,
87200007.000000,1.661E+6,
87600007.000000,1.662E+6,
88000007.000000,1.661E+6,
88400007.000000,1.661E+6,
88800007.000000,1.661E+6,
89200007.000000,1.662E+6,
89600007.000000,1.661E+6,
90000007.000000,1.660E+6,
90400007.000000,1.662E+6,
90800007.000000,1.661E+6,
91200007.000000,1.661E+6,
91600007.000000,1.661E+6,
92000007.000000,1.662E+6,
92400007.000000,1.660E+6,
92800007.000000,1.661E+6,
93200007.000000,1.662E+6,
93600007.000000,1.662E+6,
94000007.000000,1.659E+6,
94400007.000000,1.661E+6,
94800007.000000,1.661E+6,
95200007.000000,1.660E+6,
95600007.000000,1.661E+6,
96000008.000000,1.661E+6,
96400008.000000,1.661E+6,
96800008.000000,1.660E+6,
97200008.000000,1.661E+6,
97600008.000000,1.660E+6,
98000008.000000,1.660E+6,
98400008.000000,1.663E+6,
98800008.000000,1.661E+6,
99200008.000000,1.660E+6,
99600008.000000,1.661E+6,
1E08,1.656E+6,
1.004E008,1.629E+6,
1.008E008,1.599E+6,
1.012E008,1.571E+6,
1.016E008,1.539E+6,
1.02E08,1.509E+6,
1.024E008,1.477E+6,
1.028E008,1.449E+6,
1.032E008,1.416E+6,
1.036E008,1.387E+6,
1.04E08,1.358E+6,
1.044E008,1.327E+6,
1.048E008,1.298E+6,
1.052E008,1.265E+6,
1.056E008,1.237E+6,
1.06E08,1.209E+6,
1.064E008,1.181E+6,
1.068E008,1.154E+6,
1.072E008,1.125E+6,
1.076E008,1.099E+6,
1.08E08,1.070E+6,
1.084E008,1.044E+6,
1.088E008,1.019E+6,
1.092E008,9.946E+5,
1.096E008,9.699E+5,
1.1E08,9.437E+5,
1.104E008,9.191E+5,
1.108E008,8.964E+5,
1.112E008,8.726E+5,
1.116E008,8.497E+5,
1.12E08,8.246E+5,
1.124E008,8.030E+5,
1.128E008,7.826E+5,
1.132E008,7.627E+5,
1.136E008,7.412E+5,
1.14E08,7.219E+5,
1.144E008,7.023E+5,
1.148E008,6.832E+5,
1.152E008,6.646E+5,
1.156E008,6.453E+5,
1.16E08,6.280E+5,
1.164E008,6.095E+5,
1.168E008,5.930E+5,
1.172E008,5.752E+5,
1.176E008,5.598E+5,
1.18E08,5.434E+5,
1.184E008,5.263E+5,
1.188E008,5.112E+5,
1.192E008,4.964E+5,
1.196E008,4.829E+5,
1.2E08,4.671E+5,
1.204E008,4.535E+5,
1.208E008,4.404E+5,
1.212E008,4.271E+5,
1.216E008,4.133E+5,
1.22E08,4.023E+5,
1.224E008,3.898E+5,
1.228E008,3.783E+5,
1.232E008,3.665E+5,
1.236E008,3.547E+5,
1.24E08,3.451E+5,
1.244E008,3.338E+5,
1.248E008,3.226E+5,
1.252E008,3.124E+5,
1.256E008,3.043E+5,
1.26E08,2.948E+5,
1.264E008,2.849E+5,
1.268E008,2.757E+5,
1.272E008,2.678E+5,
1.276E008,2.603E+5,
1.28E08,2.508E+5,
1.284E008,2.428E+5,
1.288E008,2.356E+5,
1.292E008,2.280E+5,
1.296E008,2.214E+5,
1.3E08,2.142E+5,
1.304E008,2.070E+5,
1.308E008,2.015E+5,
1.312E008,1.940E+5,
1.316E008,1.885E+5,
1.32E08,1.831E+5,
1.324E008,1.770E+5,
1.328E008,1.710E+5,
1.332E008,1.670E+5,
1.336E008,1.606E+5,
1.34E08,1.563E+5,
1.344E008,1.511E+5,
1.348E008,1.462E+5,
1.352E008,1.416E+5,
1.356E008,1.372E+5,
1.36E08,1.326E+5,
1.364E008,1.290E+5,
1.368E008,1.249E+5,
1.372E008,1.217E+5,
1.376E008,1.179E+5,
1.38E08,1.140E+5,
1.384E008,1.101E+5,
1.388E008,1.073E+5,
1.392E008,1.037E+5,
1.396E008,1.009E+5,
1.4E08,9.754E+4,
1.404E008,9.448E+4,
1.408E008,9.199E+4,
1.412E008,8.904E+4,
1.416E008,8.583E+4,
1.42E08,8.353E+4,
1.424E008,8.146E+4,
1.428E008,7.915E+4,
1.432E008,7.639E+4,
1.436E008,7.429E+4,
1.44E08,7.225E+4,
1.444E008,6.989E+4,
1.448E008,6.800E+4,
1.452E008,6.565E+4,
1.456E008,6.411E+4,
1.46E08,6.253E+4,
1.464E008,6.062E+4,
1.468E008,5.868E+4,
1.472E008,5.732E+4,
1.476E008,5.548E+4,
1.48E08,5.439E+4,
1.484E008,5.289E+4,
1.488E008,5.148E+4,
1.492E008,4.956E+4,
1.496E008,4.870E+4,
1.5E08,4.675E+4,
1.504E008,4.579E+4,
1.508E008,4.445E+4,
1.512E008,4.332E+4,
1.516E008,4.255E+4,
1.52E08,4.134E+4,
1.524E008,4.003E+4,
1.528E008,3.925E+4,
1.532E008,3.863E+4,
1.536E008,3.710E+4,
1.54E08,3.593E+4,
1.544E008,3.566E+4,
1.548E008,3.459E+4,
1.552E008,3.355E+4,
1.556E008,3.280E+4,
1.56E08,3.221E+4,
1.564E008,3.152E+4,
1.568E008,3.040E+4,
1.572E008,3.016E+4,
1.576E008,2.937E+4,
1.58E08,2.918E+4,
1.584E008,2.810E+4,
1.588E008,2.705E+4,
1.592E008,2.710E+4,
1.596E008,2.631E+4,
1.6E08,2.607E+4,
1.604E008,2.533E+4,
1.608E008,2.504E+4,
1.612E008,2.411E+4,
1.616E008,2.356E+4,
1.62E08,2.325E+4,
1.624E008,2.277E+4,
1.628E008,2.211E+4,
1.632E008,2.193E+4,
1.636E008,2.158E+4,
1.64E08,2.163E+4,
1.644E008,2.089E+4,
1.648E008,2.049E+4,
1.652E008,2.019E+4,
1.656E008,1.989E+4,
1.66E08,1.951E+4,
1.664E008,1.931E+4,
1.668E008,1.885E+4,
1.672E008,1.865E+4,
1.676E008,1.858E+4,
1.68E08,1.832E+4,
1.684E008,1.758E+4,
1.688E008,1.762E+4,
1.692E008,1.728E+4,
1.696E008,1.718E+4,
1.7E08,1.713E+4,
1.704E008,1.654E+4,
1.708E008,1.655E+4,
1.712E008,1.636E+4,
1.716E008,1.570E+4,
1.72E08,1.575E+4,
1.724E008,1.559E+4,
1.728E008,1.529E+4,
1.732E008,1.519E+4,
1.736E008,1.518E+4,
1.74E08,1.507E+4,
1.744E008,1.489E+4,
1.748E008,1.441E+4,
1.752E008,1.438E+4,
1.756E008,1.436E+4,
1.76E08,1.437E+4,
1.764E008,1.411E+4,
1.768E008,1.411E+4,
1.772E008,1.363E+4,
1.776E008,1.374E+4,
1.78E08,1.365E+4,
1.784E008,1.349E+4,
1.788E008,1.339E+4,
1.792E008,1.340E+4,
1.796E008,1.365E+4,
1.8E08,1.317E+4,
1.804E008,1.308E+4,
1.808E008,1.304E+4,
1.812E008,1.280E+4,
1.816E008,1.256E+4,
1.82E08,1.269E+4,
1.824E008,1.236E+4,
1.828E008,1.256E+4,
1.832E008,1.263E+4,
1.836E008,1.221E+4,
1.84E08,1.247E+4,
1.844E008,1.205E+4,
1.848E008,1.212E+4,
1.852E008,1.193E+4,
1.856E008,1.214E+4,
1.86E08,1.211E+4,
1.864E008,1.197E+4,
1.868E008,1.192E+4,
1.872E008,1.190E+4,
1.876E008,1.195E+4,
1.88E08,1.170E+4,
1.884E008,1.156E+4,
1.888E008,1.174E+4,
1.892E008,1.163E+4,
1.896E008,1.169E+4,
1.9E08,1.130E+4,
1.904E008,1.140E+4,
1.908E008,1.160E+4,
1.912E008,1.132E+4,
1.916E008,1.138E+4,
1.92E08,1.138E+4,
1.924E008,1.129E+4,
1.928E008,1.117E+4,
1.932E008,1.125E+4,
1.936E008,1.114E+4,
1.94E08,1.120E+4,
1.944E008,1.102E+4,
1.948E008,1.110E+4,
1.952E008,1.091E+4,
1.956E008,1.109E+4,
1.96E08,1.110E+4,
1.964E008,1.117E+4,
1.968E008,1.097E+4,
1.972E008,1.091E+4,
1.976E008,1.064E+4,
1.98E08,1.089E+4,
1.984E008,1.084E+4,
1.988E008,1.109E+4,
1.992E008,1.077E+4,
1.996E008,1.084E+4,
2E08,1.085E+4,
2.004E008,1.061E+4,
2.008E008,1.064E+4,
2.012E008,1.083E+4,
2.016E008,1.081E+4,
2.02E08,1.079E+4,
2.024E008,1.078E+4,
2.028E008,1.072E+4,
2.032E008,1.066E+4,
2.036E008,1.059E+4,
2.04E08,1.081E+4,
2.044E008,1.066E+4,
2.048E008,1.073E+4,
2.052E008,1.052E+4,
2.056E008,1.065E+4,
2.06E08,1.050E+4,
2.064E008,1.029E+4,
2.068E008,1.041E+4,
2.072E008,1.073E+4,
2.076E008,1.055E+4,
2.08E08,1.050E+4,
2.084E008,1.050E+4,
2.088E008,1.061E+4,
2.092E008,1.046E+4,
2.096E008,1.052E+4,
2.1E08,1.035E+4,
2.104E008,1.054E+4,
2.108E008,1.022E+4,
2.112E008,1.047E+4,
2.116E008,1.052E+4,
2.12E08,1.053E+4,
2.124E008,1.053E+4,
2.128E008,1.060E+4,
2.132E008,1.045E+4,
2.136E008,1.063E+4,
2.14E08,1.034E+4,
2.144E008,1.036E+4,
2.148E008,1.044E+4,
2.152E008,1.050E+4,
2.156E008,1.055E+4,
2.16E08,1.023E+4,
2.164E008,1.034E+4,
2.168E008,1.029E+4,
2.172E008,1.055E+4,
2.176E008,1.040E+4,
2.18E08,1.020E+4,
2.184E008,1.041E+4,
2.188E008,1.035E+4,
2.192E008,1.059E+4,
2.196E008,1.036E+4,
2.2E08,1.047E+4,
2.204E008,1.033E+4,
2.208E008,1.030E+4,
2.212E008,1.024E+4,
2.216E008,1.038E+4,
2.22E08,1.025E+4,
2.224E008,1.015E+4,
2.228E008,1.020E+4,
2.232E008,1.044E+4,
2.236E008,1.042E+4,
2.24E08,1.045E+4,
2.244E008,1.022E+4,
2.248E008,1.036E+4,
2.252E008,1.027E+4,
2.256E008,1.031E+4,
2.26E08,1.015E+4,
2.264E008,1.043E+4,
2.268E008,1.036E+4,
2.272E008,1.027E+4,
2.276E008,1.038E+4,
2.28E08,1.026E+4,
2.284E008,1.032E+4,
2.288E008,1.039E+4,
2.292E008,1.020E+4,
2.296E008,1.021E+4,
2.3E08,1.036E+4,
2.304E008,1.046E+4,
2.308E008,1.017E+4,
2.312E008,1.022E+4,
2.316E008,1.044E+4,
2.32E08,1.035E+4,
2.324E008,1.038E+4,
2.328E008,1.032E+4,
2.332E008,1.028E+4,
2.336E008,1.045E+4,
2.34E08,1.016E+4,
2.344E008,1.027E+4,
2.348E008,1.036E+4,
2.352E008,1.027E+4,
2.356E008,1.025E+4,
2.36E08,1.004E+4,
2.364E008,1.027E+4,
2.368E008,1.027E+4,
2.372E008,1.035E+4,
2.376E008,1.035E+4,
2.38E08,9.990E+3,
2.384E008,1.013E+4,
2.388E008,1.035E+4,
2.392E008,1.013E+4,
2.396E008,1.006E+4,
2.4E08,1.021E+4,
2.404E008,1.041E+4,
2.408E008,1.045E+4,
2.412E008,1.027E+4,
2.416E008,1.029E+4,
2.42E08,1.037E+4,
2.424E008,1.036E+4,
2.428E008,1.027E+4,
2.432E008,1.045E+4,
2.436E008,1.044E+4,
2.44E08,1.025E+4,
2.444E008,1.028E+4,
2.448E008,1.017E+4,
2.452E008,1.012E+4,
2.456E008,1.017E+4,
2.46E08,1.020E+4,
2.464E008,1.021E+4,
2.468E008,1.043E+4,
2.472E008,1.024E+4,
2.476E008,1.018E+4,
2.48E08,1.018E+4,
2.484E008,1.038E+4,
2.488E008,1.021E+4,
2.492E008,1.011E+4,
2.496E008,1.053E+4,
2.5E08,1.012E+4,
2.504E008,1.038E+4,
2.508E008,1.055E+4,
2.512E008,1.006E+4,
2.516E008,1.028E+4,
2.52E08,1.029E+4,
2.524E008,1.023E+4,
2.528E008,1.040E+4,
2.532E008,1.010E+4,
2.536E008,1.012E+4,
2.54E08,1.025E+4,
2.544E008,1.025E+4,
2.548E008,1.020E+4,
2.552E008,1.037E+4,
2.556E008,1.015E+4,
2.56E08,1.019E+4,
2.564E008,1.024E+4,
2.568E008,1.054E+4,
2.572E008,1.027E+4,
2.576E008,1.020E+4,
2.58E08,1.028E+4,
2.584E008,1.035E+4,
2.588E008,1.012E+4,
2.592E008,9.954E+3,
2.596E008,1.023E+4,
2.6E08,1.028E+4,
2.604E008,1.020E+4,
2.608E008,1.014E+4,
2.612E008,1.030E+4,
2.616E008,1.020E+4,
2.62E08,1.019E+4,
2.624E008,1.014E+4,
2.628E008,1.014E+4,
2.632E008,1.013E+4,
2.636E008,1.030E+4,
2.64E08,1.005E+4,
2.644E008,1.038E+4,
2.648E008,1.017E+4,
2.652E008,1.014E+4,
2.656E008,1.045E+4,
2.66E08,1.012E+4,
2.664E008,1.015E+4,
2.668E008,1.008E+4,
2.672E008,1.038E+4,
2.676E008,1.018E+4,
2.68E08,1.029E+4,
2.684E008,1.022E+4,
2.688E008,1.016E+4,
2.692E008,1.031E+4,
2.696E008,1.035E+4,
2.7E08,1.024E+4,
2.704E008,1.047E+4,
2.708E008,1.027E+4,
2.712E008,1.037E+4,
2.716E008,1.012E+4,
2.72E08,1.016E+4,
2.724E008,1.020E+4,
2.728E008,1.018E+4,
2.732E008,1.040E+4,
2.736E008,1.002E+4,
2.74E08,1.034E+4,
2.744E008,1.009E+4,
2.748E008,1.024E+4,
2.752E008,1.038E+4,
2.756E008,1.023E+4,
2.76E08,1.013E+4,
2.764E008,1.017E+4,
2.768E008,1.008E+4,
2.772E008,1.009E+4,
2.776E008,1.031E+4,
2.78E08,1.028E+4,
2.784E008,1.007E+4,
2.788E008,1.013E+4,
2.792E008,1.012E+4,
2.796E008,1.013E+4,
2.8E08,1.038E+4,
2.804E008,1.038E+4,
2.808E008,1.019E+4,
2.812E008,1.002E+4,
2.816E008,1.025E+4,
2.82E08,1.033E+4,
2.824E008,1.027E+4,
2.828E008,1.011E+4,
2.832E008,1.017E+4,
2.836E008,1.001E+4,
2.84E08,1.027E+4,
2.844E008,1.036E+4,
2.848E008,1.020E+4,
2.852E008,1.024E+4,
2.856E008,1.020E+4,
2.86E08,1.017E+4,
2.864E008,1.017E+4,
2.868E008,1.025E+4,
2.872E008,1.026E+4,
2.876E008,1.003E+4,
2.88E08,1.021E+4,
2.884E008,1.015E+4,
2.888E008,1.017E+4,
2.892E008,1.023E+4,
2.896E008,1.008E+4,
2.9E08,1.013E+4,
2.904E008,1.027E+4,
2.908E008,1.027E+4,
2.912E008,1.021E+4,
2.916E008,1.025E+4,
2.92E08,9.959E+3,
2.924E008,1.008E+4,
2.928E008,1.020E+4,
2.932E008,1.005E+4,
2.936E008,1.028E+4,
2.94E08,1.011E+4,
2.944E008,1.013E+4,
2.948E008,1.007E+4,
2.952E008,1.017E+4,
2.956E008,1.019E+4,
2.96E08,1.018E+4,
2.964E008,1.006E+4,
2.968E008,1.014E+4,
2.972E008,1.036E+4,
2.976E008,1.029E+4,
2.98E08,1.035E+4,
2.984E008,1.016E+4,
2.988E008,1.005E+4,
2.992E008,1.032E+4,
2.996E008,1.023E+4,
3E08,1.014E+4,
3.004E008,1.018E+4,
3.008E008,1.003E+4,
3.012E008,1.028E+4,
3.016E008,1.014E+4,
3.02E08,1.018E+4,
3.024E008,1.014E+4,
3.028E008,1.007E+4,
3.032E008,1.005E+4,
3.036E008,1.016E+4,
3.04E08,1.028E+4,
3.044E008,1.028E+4,
3.048E008,1.011E+4,
3.052E008,1.015E+4,
3.056E008,9.957E+3,
3.06E08,1.024E+4,
3.064E008,1.022E+4,
3.068E008,1.018E+4,
3.072E008,1.025E+4,
3.076E008,1.029E+4,
3.08E08,1.027E+4,
3.084E008,1.013E+4,
3.088E008,1.029E+4,
3.092E008,1.015E+4,
3.096E008,1.011E+4,
3.1E08,1.017E+4,
3.104E008,1.033E+4,
3.108E008,1.004E+4,
3.112E008,9.992E+3,
3.116E008,1.018E+4,
3.12E08,1.008E+4,
3.124E008,1.014E+4,
3.128E008,1.024E+4,
3.132E008,1.009E+4,
3.136E008,1.018E+4,
3.14E08,9.912E+3,
3.144E008,1.025E+4,
3.148E008,1.021E+4,
3.152E008,1.018E+4,
3.156E008,1.027E+4,
3.16E08,1.025E+4,
3.164E008,1.017E+4,
3.168E008,1.016E+4,
3.172E008,1.014E+4,
3.176E008,1.016E+4,
3.18E08,1.019E+4,
3.184E008,1.023E+4,
3.188E008,1.025E+4,
3.192E008,1.015E+4,
3.196E008,1.004E+4,
3.2E08,1.008E+4,
3.204E008,1.012E+4,
3.208E008,1.023E+4,
3.212E008,1.014E+4,
3.216E008,1.038E+4,
3.22E08,1.010E+4,
3.224E008,1.024E+4,
3.228E008,1.015E+4,
3.232E008,1.017E+4,
3.236E008,1.033E+4,
3.24E08,1.020E+4,
3.244E008,1.032E+4,
3.248E008,1.013E+4,
3.252E008,1.020E+4,
3.256E008,1.017E+4,
3.26E08,1.016E+4,
3.264E008,1.030E+4,
3.268E008,1.040E+4,
3.272E008,9.997E+3,
3.276E008,1.039E+4,
3.28E08,1.022E+4,
3.284E008,1.025E+4,
3.288E008,1.020E+4,
3.292E008,1.019E+4,
3.296E008,1.008E+4,
3.3E08,1.006E+4,
3.304E008,1.003E+4,
3.308E008,1.005E+4,
3.312E008,1.004E+4,
3.316E008,1.010E+4,
3.32E08,1.031E+4,
3.324E008,1.014E+4,
3.328E008,9.907E+3,
3.332E008,1.011E+4,
3.336E008,1.018E+4,
3.34E08,1.029E+4,
3.344E008,1.029E+4,
3.348E008,1.030E+4,
3.352E008,9.944E+3,
3.356E008,1.016E+4,
3.36E08,1.026E+4,
3.364E008,1.019E+4,
3.368E008,1.008E+4,
3.372E008,9.878E+3,
3.376E008,1.014E+4,
3.38E08,1.018E+4,
3.384E008,1.023E+4,
3.388E008,1.027E+4,
3.392E008,1.006E+4,
3.396E008,1.015E+4,
3.4E08,1.017E+4,
3.404E008,1.003E+4,
3.408E008,1.023E+4,
3.412E008,1.013E+4,
3.416E008,1.006E+4,
3.42E08,9.965E+3,
3.424E008,1.017E+4,
3.428E008,1.033E+4,
3.432E008,1.004E+4,
3.436E008,1.014E+4,
3.44E08,1.020E+4,
3.444E008,1.029E+4,
3.448E008,1.030E+4,
3.452E008,1.004E+4,
3.456E008,1.024E+4,
3.46E08,1.006E+4,
3.464E008,9.871E+3,
3.468E008,1.013E+4,
3.472E008,1.010E+4,
3.476E008,1.028E+4,
3.48E08,1.015E+4,
3.484E008,1.014E+4,
3.488E008,1.024E+4,
3.492E008,1.014E+4,
3.496E008,1.006E+4,
3.5E08,1.011E+4,
3.504E008,1.018E+4,
3.508E008,1.012E+4,
3.512E008,1.004E+4,
3.516E008,1.036E+4,
3.52E08,1.014E+4,
3.524E008,9.925E+3,
3.528E008,1.017E+4,
3.532E008,1.025E+4,
3.536E008,1.020E+4,
3.54E08,1.010E+4,
3.544E008,1.007E+4,
3.548E008,1.035E+4,
3.552E008,1.034E+4,
3.556E008,1.007E+4,
3.56E08,1.018E+4,
3.564E008,1.017E+4,
3.568E008,1.002E+4,
3.572E008,1.019E+4,
3.576E008,1.004E+4,
3.58E08,1.016E+4,
3.584E008,1.026E+4,
3.588E008,1.008E+4,
3.592E008,1.021E+4,
3.596E008,1.019E+4,
3.6E08,1.004E+4,
3.604E008,1.009E+4,
3.608E008,1.004E+4,
3.612E008,1.019E+4,
3.616E008,1.011E+4,
3.62E08,1.005E+4,
3.624E008,9.925E+3,
3.628E008,9.981E+3,
3.632E008,1.008E+4,
3.636E008,1.018E+4,
3.64E08,1.011E+4,
3.644E008,1.016E+4,
3.648E008,1.000E+4,
3.652E008,1.011E+4,
3.656E008,1.007E+4,
3.66E08,1.019E+4,
3.664E008,1.008E+4,
3.668E008,1.023E+4,
3.672E008,1.014E+4,
3.676E008,1.007E+4,
3.68E08,9.978E+3,
3.684E008,1.017E+4,
3.688E008,9.960E+3,
3.692E008,1.017E+4,
3.696E008,1.023E+4,
3.7E08,9.973E+3,
3.704E008,1.016E+4,
3.708E008,1.018E+4,
3.712E008,1.028E+4,
3.716E008,1.015E+4,
3.72E08,1.023E+4,
3.724E008,1.021E+4,
3.728E008,1.032E+4,
3.732E008,1.021E+4,
3.736E008,1.026E+4,
3.74E08,1.012E+4,
3.744E008,1.024E+4,
3.748E008,1.003E+4,
3.752E008,1.017E+4,
3.756E008,1.023E+4,
3.76E08,1.004E+4,
3.764E008,1.009E+4,
3.768E008,1.034E+4,
3.772E008,1.021E+4,
3.776E008,1.003E+4,
3.78E08,1.010E+4,
3.784E008,1.018E+4,
3.788E008,1.010E+4,
3.792E008,1.005E+4,
3.796E008,1.003E+4,
3.8E08,1.021E+4,
3.804E008,1.005E+4,
3.808E008,1.015E+4,
3.812E008,1.024E+4,
3.816E008,1.022E+4,
3.82E08,1.012E+4,
3.824E008,1.005E+4,
3.828E008,1.019E+4,
3.832E008,1.023E+4,
3.836E008,1.011E+4,
3.84E08,1.014E+4,
3.844E008,1.010E+4,
3.848E008,9.858E+3,
3.852E008,1.012E+4,
3.856E008,1.019E+4,
3.86E08,1.028E+4,
3.864E008,9.913E+3,
3.868E008,1.012E+4,
3.872E008,1.005E+4,
3.876E008,1.026E+4,
3.88E08,9.924E+3,
3.884E008,9.787E+3,
3.888E008,9.940E+3,
3.892E008,1.039E+4,
3.896E008,9.952E+3,
3.9E08,1.014E+4,
3.904E008,1.001E+4,
3.908E008,1.019E+4,
3.912E008,1.031E+4,
3.916E008,1.033E+4,
3.92E08,1.004E+4,
3.924E008,1.012E+4,
3.928E008,9.920E+3,
3.932E008,1.018E+4,
3.936E008,1.018E+4,
3.94E08,1.015E+4,
3.944E008,1.019E+4,
3.948E008,1.010E+4,
3.952E008,1.010E+4,
3.956E008,1.026E+4,
3.96E08,1.012E+4,
3.964E008,1.020E+4,
3.968E008,1.034E+4,
3.972E008,1.013E+4,
3.976E008,1.030E+4,
3.98E08,1.016E+4,
3.984E008,1.014E+4,
3.988E008,1.023E+4,
3.992E008,9.939E+3,
3.996E008,1.007E+4,
