Labels,T23_2ms,
Type,Time Scan,
Comment,,
Start,0.00,
Stop,1.998E008,
Step,2E05,
Fixed/Offset, ,
XAxis,Time,
YAxis,Counts,

0.00,1.234E+4,
2E05,5.620E+4,
4E05,1.039E+5,
6E05,1.482E+5,
800000.060000,1.886E+5,
1E06,2.252E+5,
1.2E06,2.607E+5,
1.4E06,2.913E+5,
1.6E06,3.203E+5,
1.8E06,3.501E+5,
2E06,3.727E+5,
2.2E06,3.710E+5,
2.4E06,3.658E+5,
2.6E06,3.618E+5,
2.8E06,3.564E+5,
3E06,3.514E+5,
3.2E06,3.467E+5,
3.4E06,3.422E+5,
3.6E06,3.375E+5,
3.8E06,3.327E+5,
4E06,3.280E+5,
4.2E06,3.233E+5,
4.4E06,3.186E+5,
4.6E06,3.145E+5,
4.8E06,3.099E+5,
5E06,3.045E+5,
5.2E06,3.004E+5,
5.4E06,2.964E+5,
5.6E06,2.916E+5,
5.8E06,2.878E+5,
6E06,2.832E+5,
6.2E06,2.793E+5,
6400000.500000,2.754E+5,
6600000.500000,2.716E+5,
6800000.500000,2.663E+5,
7000000.500000,2.644E+5,
7200000.600000,2.600E+5,
7400000.600000,2.560E+5,
7600000.600000,2.518E+5,
7800000.600000,2.490E+5,
8000000.600000,2.438E+5,
8200000.600000,2.403E+5,
8400000.700000,2.362E+5,
8600000.700000,2.340E+5,
8800000.700000,2.302E+5,
9000000.700000,2.268E+5,
9200000.700000,2.235E+5,
9400000.700000,2.202E+5,
9600000.800000,2.169E+5,
9800000.800000,2.132E+5,
1E07,2.097E+5,
1.02E07,2.069E+5,
1.04E07,2.036E+5,
1.06E07,2.015E+5,
1.08E07,1.988E+5,
1.1E07,1.945E+5,
1.12E07,1.925E+5,
1.14E07,1.886E+5,
1.16E07,1.863E+5,
1.18E07,1.836E+5,
1.2E07,1.805E+5,
1.22E07,1.778E+5,
1.24E07,1.743E+5,
1.26E07,1.725E+5,
1.28E07,1.690E+5,
1.3E07,1.671E+5,
1.32E07,1.651E+5,
1.34E07,1.608E+5,
1.36E07,1.596E+5,
1.38E07,1.560E+5,
1.4E07,1.540E+5,
1.42E07,1.524E+5,
1.44E07,1.500E+5,
1.46E07,1.467E+5,
1.48E07,1.449E+5,
1.5E07,1.425E+5,
1.52E07,1.411E+5,
1.54E07,1.382E+5,
1.56E07,1.356E+5,
1.58E07,1.339E+5,
1.6E07,1.321E+5,
1.62E07,1.306E+5,
1.64E07,1.279E+5,
1.66E07,1.259E+5,
1.68E07,1.238E+5,
1.7E07,1.219E+5,
1.72E07,1.201E+5,
1.74E07,1.183E+5,
1.76E07,1.166E+5,
1.78E07,1.143E+5,
1.8E07,1.123E+5,
1.82E07,1.107E+5,
1.84E07,1.103E+5,
1.86E07,1.068E+5,
1.88E07,1.056E+5,
1.9E07,1.048E+5,
1.92E07,1.026E+5,
1.94E07,1.004E+5,
1.96E07,9.925E+4,
1.98E07,9.773E+4,
2E07,9.648E+4,
2.02E07,9.534E+4,
2.04E07,9.365E+4,
2.06E07,9.194E+4,
2.08E07,9.028E+4,
2.1E07,8.886E+4,
2.12E07,8.757E+4,
2.14E07,8.593E+4,
2.16E07,8.514E+4,
2.18E07,8.345E+4,
2.2E07,8.261E+4,
2.22E07,8.081E+4,
2.24E07,7.938E+4,
2.26E07,7.906E+4,
2.28E07,7.728E+4,
2.3E07,7.645E+4,
2.32E07,7.493E+4,
2.34E07,7.418E+4,
2.36E07,7.309E+4,
2.38E07,7.198E+4,
2.4E07,7.043E+4,
2.42E07,6.966E+4,
2.44E07,6.853E+4,
2.46E07,6.754E+4,
2.48E07,6.622E+4,
2.5E07,6.452E+4,
2.52E07,6.423E+4,
2.54E07,6.349E+4,
2.56E07,6.240E+4,
2.58E07,6.125E+4,
2.6E07,6.061E+4,
2.62E07,5.944E+4,
2.64E07,5.873E+4,
2.66E07,5.809E+4,
2.68E07,5.671E+4,
2.7E07,5.609E+4,
2.72E07,5.544E+4,
2.74E07,5.464E+4,
2.76E07,5.340E+4,
2.78E07,5.283E+4,
2.8E07,5.238E+4,
2.82E07,5.145E+4,
2.84E07,4.986E+4,
2.86E07,4.915E+4,
2.88E07,4.900E+4,
2.9E07,4.814E+4,
2.92E07,4.725E+4,
2.94E07,4.677E+4,
2.96E07,4.586E+4,
2.98E07,4.561E+4,
3E07,4.492E+4,
3.02E07,4.403E+4,
3.04E07,4.343E+4,
3.06E07,4.314E+4,
3.08E07,4.220E+4,
3.1E07,4.171E+4,
3.12E07,4.113E+4,
3.14E07,4.066E+4,
3.16E07,3.984E+4,
3.18E07,3.958E+4,
3.2E07,3.912E+4,
3.22E07,3.834E+4,
3.24E07,3.762E+4,
3.26E07,3.691E+4,
3.28E07,3.694E+4,
3.3E07,3.637E+4,
3.32E07,3.598E+4,
3.34E07,3.540E+4,
3.36E07,3.457E+4,
3.38E07,3.398E+4,
3.4E07,3.381E+4,
3.42E07,3.337E+4,
3.44E07,3.302E+4,
3.46E07,3.240E+4,
3.48E07,3.165E+4,
3.5E07,3.153E+4,
3.52E07,3.121E+4,
3.54E07,3.066E+4,
3.56E07,3.022E+4,
3.58E07,2.979E+4,
3.6E07,2.950E+4,
3.62E07,2.912E+4,
3.64E07,2.902E+4,
3.66E07,2.826E+4,
3.68E07,2.816E+4,
3.7E07,2.747E+4,
3.72E07,2.734E+4,
3.74E07,2.718E+4,
3.76E07,2.639E+4,
3.78E07,2.664E+4,
3.8E07,2.594E+4,
3.82E07,2.550E+4,
3.84E07,2.530E+4,
3.86E07,2.475E+4,
3.88E07,2.496E+4,
3.9E07,2.477E+4,
3.92E07,2.442E+4,
3.94E07,2.375E+4,
3.96E07,2.369E+4,
3.98E07,2.313E+4,
4E07,2.280E+4,
4.02E07,2.245E+4,
4.04E07,2.250E+4,
4.06E07,2.209E+4,
4.08E07,2.202E+4,
4.1E07,2.180E+4,
4.12E07,2.146E+4,
4.14E07,2.113E+4,
4.16E07,2.062E+4,
4.18E07,2.066E+4,
4.2E07,2.035E+4,
4.22E07,1.995E+4,
4.24E07,1.989E+4,
4.26E07,1.992E+4,
4.28E07,1.978E+4,
4.3E07,1.939E+4,
4.32E07,1.930E+4,
4.34E07,1.910E+4,
4.36E07,1.875E+4,
4.38E07,1.864E+4,
4.4E07,1.816E+4,
4.42E07,1.842E+4,
4.44E07,1.803E+4,
4.46E07,1.775E+4,
4.48E07,1.758E+4,
4.5E07,1.745E+4,
4.52E07,1.716E+4,
4.54E07,1.668E+4,
4.56E07,1.681E+4,
4.58E07,1.698E+4,
4.6E07,1.626E+4,
4.62E07,1.652E+4,
4.64E07,1.631E+4,
4.66E07,1.605E+4,
4.68E07,1.599E+4,
4.7E07,1.582E+4,
4.72E07,1.568E+4,
4.74E07,1.546E+4,
4.76E07,1.528E+4,
4.78E07,1.524E+4,
4.8E07,1.529E+4,
4.82E07,1.493E+4,
4.84E07,1.499E+4,
4.86E07,1.467E+4,
4.88E07,1.467E+4,
4.9E07,1.451E+4,
4.92E07,1.446E+4,
4.94E07,1.369E+4,
4.96E07,1.395E+4,
4.98E07,1.392E+4,
5E07,1.400E+4,
5.02E07,1.390E+4,
5.04E07,1.343E+4,
5.06E07,1.349E+4,
5.08E07,1.347E+4,
5.1E07,1.299E+4,
5.12E07,1.308E+4,
5.14E07,1.311E+4,
5.16E07,1.288E+4,
5.18E07,1.297E+4,
5.2E07,1.265E+4,
5.22E07,1.261E+4,
5.24E07,1.273E+4,
5.26E07,1.251E+4,
5.28E07,1.230E+4,
5.3E07,1.231E+4,
5.32E07,1.245E+4,
5.34E07,1.207E+4,
5.36E07,1.198E+4,
5.38E07,1.187E+4,
5.4E07,1.190E+4,
5.42E07,1.174E+4,
5.44E07,1.169E+4,
5.46E07,1.176E+4,
5.48E07,1.169E+4,
5.5E07,1.165E+4,
5.52E07,1.127E+4,
5.54E07,1.138E+4,
5.56E07,1.134E+4,
5.58E07,1.129E+4,
5.6E07,1.136E+4,
5.62E07,1.110E+4,
5.64E07,1.105E+4,
5.66E07,1.082E+4,
5.68E07,1.082E+4,
5.7E07,1.085E+4,
5.72E07,1.050E+4,
5.74E07,1.076E+4,
5.76E07,1.071E+4,
5.78E07,1.045E+4,
5.8E07,1.063E+4,
5.82E07,1.042E+4,
5.84E07,1.044E+4,
5.86E07,1.035E+4,
5.88E07,1.029E+4,
5.9E07,1.013E+4,
5.92E07,1.010E+4,
5.94E07,1.028E+4,
5.96E07,9.930E+3,
5.98E07,1.004E+4,
6E07,9.890E+3,
6.02E07,9.787E+3,
6.04E07,1.007E+4,
6.06E07,9.774E+3,
6.08E07,9.896E+3,
6.1E07,9.716E+3,
6.12E07,9.647E+3,
6.14E07,9.847E+3,
6.16E07,9.727E+3,
6.18E07,9.529E+3,
6.2E07,9.496E+3,
6.22E07,9.514E+3,
6.24E07,9.473E+3,
6.26E07,9.357E+3,
6.28E07,9.371E+3,
6.3E07,9.325E+3,
6.32E07,9.324E+3,
6.34E07,9.307E+3,
6.36E07,9.310E+3,
6.38E07,9.059E+3,
64000005.000000,9.125E+3,
64200005.000000,9.284E+3,
64400005.000000,9.034E+3,
64600005.000000,9.144E+3,
64800005.000000,8.898E+3,
65000005.000000,9.021E+3,
65200005.000000,8.938E+3,
65400005.000000,9.026E+3,
65600005.000000,8.765E+3,
65800005.000000,9.082E+3,
66000005.000000,8.857E+3,
66200005.000000,8.917E+3,
66400005.000000,8.691E+3,
66600005.000000,8.840E+3,
66800005.000000,8.757E+3,
67000005.000000,8.965E+3,
67200005.000000,8.812E+3,
67400005.000000,8.898E+3,
67600005.000000,8.845E+3,
67800005.000000,8.791E+3,
68000005.000000,8.533E+3,
68200005.000000,8.793E+3,
68400005.000000,8.705E+3,
68600005.000000,8.592E+3,
68800005.000000,8.335E+3,
69000005.000000,8.585E+3,
69200005.000000,8.573E+3,
69400005.000000,8.411E+3,
69600005.000000,8.485E+3,
69800005.000000,8.531E+3,
70000005.000000,8.558E+3,
70200005.000000,8.455E+3,
70400006.000000,8.540E+3,
70600006.000000,8.314E+3,
70800006.000000,8.381E+3,
71000006.000000,8.279E+3,
71200006.000000,8.408E+3,
71400006.000000,8.521E+3,
71600006.000000,8.480E+3,
71800006.000000,8.188E+3,
72000006.000000,8.378E+3,
72200006.000000,8.294E+3,
72400006.000000,8.178E+3,
72600006.000000,8.098E+3,
72800006.000000,8.128E+3,
73000006.000000,8.147E+3,
73200006.000000,8.262E+3,
73400006.000000,8.196E+3,
73600006.000000,8.170E+3,
73800006.000000,8.136E+3,
74000006.000000,7.963E+3,
74200006.000000,7.982E+3,
74400006.000000,8.253E+3,
74600006.000000,8.077E+3,
74800006.000000,7.930E+3,
75000006.000000,8.161E+3,
75200006.000000,8.033E+3,
75400006.000000,8.051E+3,
75600006.000000,7.940E+3,
75800006.000000,7.954E+3,
76000006.000000,8.202E+3,
76200006.000000,8.145E+3,
76400006.000000,7.856E+3,
76600006.000000,8.054E+3,
76800006.000000,8.098E+3,
77000006.000000,7.798E+3,
77200006.000000,7.870E+3,
77400006.000000,7.912E+3,
77600006.000000,7.939E+3,
77800006.000000,7.888E+3,
78000006.000000,7.984E+3,
78200006.000000,7.938E+3,
78400006.000000,7.925E+3,
78600006.000000,7.934E+3,
78800006.000000,7.914E+3,
79000006.000000,7.864E+3,
79200006.000000,7.902E+3,
79400006.000000,7.982E+3,
79600006.000000,7.764E+3,
79800006.000000,8.106E+3,
80000006.000000,7.891E+3,
80200006.000000,7.571E+3,
80400006.000000,7.828E+3,
80600006.000000,7.872E+3,
80800006.000000,7.777E+3,
81000006.000000,7.702E+3,
81200006.000000,7.787E+3,
81400006.000000,7.758E+3,
81600006.000000,7.726E+3,
81800006.000000,7.675E+3,
82000006.000000,7.923E+3,
82200006.000000,7.625E+3,
82400006.000000,7.713E+3,
82600006.000000,7.675E+3,
82800006.000000,7.520E+3,
83000006.000000,7.586E+3,
83200007.000000,7.643E+3,
83400007.000000,7.736E+3,
83600007.000000,7.657E+3,
83800007.000000,7.596E+3,
84000007.000000,7.651E+3,
84200007.000000,7.686E+3,
84400007.000000,7.596E+3,
84600007.000000,7.577E+3,
84800007.000000,7.714E+3,
85000007.000000,7.708E+3,
85200007.000000,7.612E+3,
85400007.000000,7.579E+3,
85600007.000000,7.542E+3,
85800007.000000,7.591E+3,
86000007.000000,7.581E+3,
86200007.000000,7.612E+3,
86400007.000000,7.562E+3,
86600007.000000,7.497E+3,
86800007.000000,7.639E+3,
87000007.000000,7.776E+3,
87200007.000000,7.565E+3,
87400007.000000,7.461E+3,
87600007.000000,7.484E+3,
87800007.000000,7.592E+3,
88000007.000000,7.567E+3,
88200007.000000,7.667E+3,
88400007.000000,7.549E+3,
88600007.000000,7.583E+3,
88800007.000000,7.454E+3,
89000007.000000,7.540E+3,
89200007.000000,7.517E+3,
89400007.000000,7.575E+3,
89600007.000000,7.524E+3,
89800007.000000,7.541E+3,
90000007.000000,7.488E+3,
90200007.000000,7.500E+3,
90400007.000000,7.615E+3,
90600007.000000,7.477E+3,
90800007.000000,7.454E+3,
91000007.000000,7.506E+3,
91200007.000000,7.346E+3,
91400007.000000,7.416E+3,
91600007.000000,7.471E+3,
91800007.000000,7.336E+3,
92000007.000000,7.441E+3,
92200007.000000,7.544E+3,
92400007.000000,7.541E+3,
92600007.000000,7.630E+3,
92800007.000000,7.413E+3,
93000007.000000,7.460E+3,
93200007.000000,7.493E+3,
93400007.000000,7.419E+3,
93600007.000000,7.472E+3,
93800007.000000,7.463E+3,
94000007.000000,7.468E+3,
94200007.000000,7.413E+3,
94400007.000000,7.416E+3,
94600007.000000,7.473E+3,
94800007.000000,7.333E+3,
95000007.000000,7.446E+3,
95200007.000000,7.411E+3,
95400007.000000,7.531E+3,
95600007.000000,7.396E+3,
95800007.000000,7.673E+3,
96000008.000000,7.189E+3,
96200008.000000,7.400E+3,
96400008.000000,7.523E+3,
96600008.000000,7.452E+3,
96800008.000000,7.488E+3,
97000008.000000,7.293E+3,
97200008.000000,7.472E+3,
97400008.000000,7.369E+3,
97600008.000000,7.428E+3,
97800008.000000,7.292E+3,
98000008.000000,7.407E+3,
98200008.000000,7.366E+3,
98400008.000000,7.432E+3,
98600008.000000,7.347E+3,
98800008.000000,7.422E+3,
99000008.000000,7.407E+3,
99200008.000000,7.483E+3,
99400008.000000,7.388E+3,
99600008.000000,7.607E+3,
99800008.000000,7.444E+3,
1E08,7.431E+3,
1.002E008,7.261E+3,
1.004E008,7.403E+3,
1.006E008,7.456E+3,
1.008E008,7.107E+3,
1.01E08,7.443E+3,
1.012E008,7.396E+3,
1.014E008,7.426E+3,
1.016E008,7.415E+3,
1.018E008,7.417E+3,
1.02E08,7.433E+3,
1.022E008,7.481E+3,
1.024E008,7.396E+3,
1.026E008,7.468E+3,
1.028E008,7.330E+3,
1.03E08,7.458E+3,
1.032E008,7.432E+3,
1.034E008,7.538E+3,
1.036E008,7.403E+3,
1.038E008,7.399E+3,
1.04E08,7.367E+3,
1.042E008,7.245E+3,
1.044E008,7.284E+3,
1.046E008,7.285E+3,
1.048E008,7.076E+3,
1.05E08,7.361E+3,
1.052E008,7.488E+3,
1.054E008,7.496E+3,
1.056E008,7.449E+3,
1.058E008,7.517E+3,
1.06E08,7.361E+3,
1.062E008,7.360E+3,
1.064E008,7.426E+3,
1.066E008,7.405E+3,
1.068E008,7.422E+3,
1.07E08,7.395E+3,
1.072E008,7.458E+3,
1.074E008,7.434E+3,
1.076E008,7.501E+3,
1.078E008,7.465E+3,
1.08E08,7.405E+3,
1.082E008,7.327E+3,
1.084E008,7.222E+3,
1.086E008,7.392E+3,
1.088E008,7.239E+3,
1.09E08,7.310E+3,
1.092E008,7.286E+3,
1.094E008,7.384E+3,
1.096E008,7.498E+3,
1.098E008,7.217E+3,
1.1E08,7.350E+3,
1.102E008,7.328E+3,
1.104E008,7.230E+3,
1.106E008,7.437E+3,
1.108E008,6.932E+3,
1.11E08,7.231E+3,
1.112E008,7.347E+3,
1.114E008,7.192E+3,
1.116E008,7.171E+3,
1.118E008,7.420E+3,
1.12E08,7.345E+3,
1.122E008,7.406E+3,
1.124E008,7.196E+3,
1.126E008,7.344E+3,
1.128E008,7.469E+3,
1.13E08,7.282E+3,
1.132E008,7.457E+3,
1.134E008,7.355E+3,
1.136E008,7.432E+3,
1.138E008,7.254E+3,
1.14E08,7.386E+3,
1.142E008,7.335E+3,
1.144E008,7.448E+3,
1.146E008,7.513E+3,
1.148E008,7.378E+3,
1.15E08,7.462E+3,
1.152E008,7.370E+3,
1.154E008,7.289E+3,
1.156E008,7.466E+3,
1.158E008,7.480E+3,
1.16E08,7.292E+3,
1.162E008,7.284E+3,
1.164E008,7.248E+3,
1.166E008,7.368E+3,
1.168E008,7.408E+3,
1.17E08,7.463E+3,
1.172E008,7.325E+3,
1.174E008,7.190E+3,
1.176E008,7.388E+3,
1.178E008,7.342E+3,
1.18E08,7.442E+3,
1.182E008,7.342E+3,
1.184E008,7.328E+3,
1.186E008,7.556E+3,
1.188E008,7.479E+3,
1.19E08,7.274E+3,
1.192E008,7.238E+3,
1.194E008,7.385E+3,
1.196E008,7.436E+3,
1.198E008,7.334E+3,
1.2E08,7.273E+3,
1.202E008,7.348E+3,
1.204E008,7.331E+3,
1.206E008,7.195E+3,
1.208E008,7.267E+3,
1.21E08,7.413E+3,
1.212E008,7.429E+3,
1.214E008,7.341E+3,
1.216E008,7.409E+3,
1.218E008,7.420E+3,
1.22E08,7.435E+3,
1.222E008,7.389E+3,
1.224E008,7.385E+3,
1.226E008,7.247E+3,
1.228E008,7.320E+3,
1.23E08,7.275E+3,
1.232E008,7.305E+3,
1.234E008,7.323E+3,
1.236E008,7.405E+3,
1.238E008,7.228E+3,
1.24E08,7.329E+3,
1.242E008,7.357E+3,
1.244E008,7.422E+3,
1.246E008,7.439E+3,
1.248E008,7.204E+3,
1.25E08,7.310E+3,
1.252E008,7.401E+3,
1.254E008,7.326E+3,
1.256E008,7.381E+3,
1.258E008,7.358E+3,
1.26E08,7.480E+3,
1.262E008,7.231E+3,
1.264E008,7.196E+3,
1.266E008,7.408E+3,
1.268E008,7.282E+3,
1.27E08,7.446E+3,
1.272E008,7.346E+3,
1.274E008,7.343E+3,
1.276E008,7.446E+3,
1.278E008,7.332E+3,
1.28E08,7.086E+3,
1.282E008,7.266E+3,
1.284E008,7.313E+3,
1.286E008,7.294E+3,
1.288E008,7.219E+3,
1.29E08,7.319E+3,
1.292E008,7.351E+3,
1.294E008,7.238E+3,
1.296E008,7.200E+3,
1.298E008,7.369E+3,
1.3E08,7.296E+3,
1.302E008,7.234E+3,
1.304E008,7.388E+3,
1.306E008,7.374E+3,
1.308E008,7.353E+3,
1.31E08,7.273E+3,
1.312E008,7.215E+3,
1.314E008,7.142E+3,
1.316E008,7.321E+3,
1.318E008,7.263E+3,
1.32E08,7.221E+3,
1.322E008,7.463E+3,
1.324E008,7.205E+3,
1.326E008,7.342E+3,
1.328E008,7.409E+3,
1.33E08,7.433E+3,
1.332E008,7.379E+3,
1.334E008,7.402E+3,
1.336E008,7.264E+3,
1.338E008,7.352E+3,
1.34E08,7.443E+3,
1.342E008,7.430E+3,
1.344E008,7.526E+3,
1.346E008,7.396E+3,
1.348E008,7.360E+3,
1.35E08,7.423E+3,
1.352E008,7.459E+3,
1.354E008,7.233E+3,
1.356E008,7.341E+3,
1.358E008,7.446E+3,
1.36E08,7.171E+3,
1.362E008,7.155E+3,
1.364E008,7.357E+3,
1.366E008,7.335E+3,
1.368E008,7.401E+3,
1.37E08,7.415E+3,
1.372E008,7.254E+3,
1.374E008,7.238E+3,
1.376E008,7.377E+3,
1.378E008,7.331E+3,
1.38E08,7.368E+3,
1.382E008,7.283E+3,
1.384E008,7.363E+3,
1.386E008,7.368E+3,
1.388E008,7.373E+3,
1.39E08,7.471E+3,
1.392E008,7.208E+3,
1.394E008,7.371E+3,
1.396E008,7.329E+3,
1.398E008,7.281E+3,
1.4E08,7.342E+3,
1.402E008,7.409E+3,
1.404E008,7.352E+3,
1.406E008,7.396E+3,
1.408E008,7.399E+3,
1.41E08,7.305E+3,
1.412E008,7.367E+3,
1.414E008,7.375E+3,
1.416E008,7.357E+3,
1.418E008,7.238E+3,
1.42E08,7.446E+3,
1.422E008,7.355E+3,
1.424E008,7.351E+3,
1.426E008,7.375E+3,
1.428E008,7.180E+3,
1.43E08,7.471E+3,
1.432E008,7.305E+3,
1.434E008,7.448E+3,
1.436E008,7.310E+3,
1.438E008,7.326E+3,
1.44E08,7.359E+3,
1.442E008,7.336E+3,
1.444E008,7.520E+3,
1.446E008,7.486E+3,
1.448E008,7.319E+3,
1.45E08,7.187E+3,
1.452E008,7.356E+3,
1.454E008,7.491E+3,
1.456E008,7.482E+3,
1.458E008,7.336E+3,
1.46E08,7.216E+3,
1.462E008,7.461E+3,
1.464E008,7.443E+3,
1.466E008,7.460E+3,
1.468E008,7.385E+3,
1.47E08,7.468E+3,
1.472E008,7.234E+3,
1.474E008,7.194E+3,
1.476E008,7.244E+3,
1.478E008,7.400E+3,
1.48E08,7.322E+3,
1.482E008,7.320E+3,
1.484E008,7.483E+3,
1.486E008,7.462E+3,
1.488E008,7.351E+3,
1.49E08,7.488E+3,
1.492E008,7.354E+3,
1.494E008,7.355E+3,
1.496E008,7.345E+3,
1.498E008,7.468E+3,
1.5E08,7.420E+3,
1.502E008,7.306E+3,
1.504E008,7.385E+3,
1.506E008,7.456E+3,
1.508E008,7.476E+3,
1.51E08,7.373E+3,
1.512E008,7.273E+3,
1.514E008,7.363E+3,
1.516E008,7.202E+3,
1.518E008,7.347E+3,
1.52E08,7.213E+3,
1.522E008,7.454E+3,
1.524E008,7.369E+3,
1.526E008,7.345E+3,
1.528E008,7.273E+3,
1.53E08,7.497E+3,
1.532E008,7.287E+3,
1.534E008,7.356E+3,
1.536E008,7.422E+3,
1.538E008,7.239E+3,
1.54E08,7.285E+3,
1.542E008,7.193E+3,
1.544E008,7.421E+3,
1.546E008,7.462E+3,
1.548E008,7.423E+3,
1.55E08,7.352E+3,
1.552E008,7.256E+3,
1.554E008,7.267E+3,
1.556E008,7.233E+3,
1.558E008,7.207E+3,
1.56E08,7.305E+3,
1.562E008,7.282E+3,
1.564E008,7.270E+3,
1.566E008,7.431E+3,
1.568E008,7.372E+3,
1.57E08,7.291E+3,
1.572E008,7.244E+3,
1.574E008,7.273E+3,
1.576E008,7.426E+3,
1.578E008,7.374E+3,
1.58E08,7.116E+3,
1.582E008,7.340E+3,
1.584E008,7.230E+3,
1.586E008,7.445E+3,
1.588E008,7.294E+3,
1.59E08,7.523E+3,
1.592E008,7.324E+3,
1.594E008,7.248E+3,
1.596E008,7.230E+3,
1.598E008,7.372E+3,
1.6E08,7.275E+3,
1.602E008,7.439E+3,
1.604E008,7.331E+3,
1.606E008,7.234E+3,
1.608E008,7.481E+3,
1.61E08,7.347E+3,
1.612E008,7.405E+3,
1.614E008,7.026E+3,
1.616E008,7.322E+3,
1.618E008,7.171E+3,
1.62E08,7.258E+3,
1.622E008,7.387E+3,
1.624E008,7.399E+3,
1.626E008,7.482E+3,
1.628E008,7.226E+3,
1.63E08,7.398E+3,
1.632E008,7.233E+3,
1.634E008,7.282E+3,
1.636E008,7.505E+3,
1.638E008,7.396E+3,
1.64E08,7.247E+3,
1.642E008,7.420E+3,
1.644E008,7.260E+3,
1.646E008,7.378E+3,
1.648E008,7.325E+3,
1.65E08,7.158E+3,
1.652E008,7.479E+3,
1.654E008,7.403E+3,
1.656E008,7.202E+3,
1.658E008,7.340E+3,
1.66E08,7.369E+3,
1.662E008,7.203E+3,
1.664E008,7.384E+3,
1.666E008,7.225E+3,
1.668E008,7.358E+3,
1.67E08,7.289E+3,
1.672E008,7.314E+3,
1.674E008,7.466E+3,
1.676E008,7.275E+3,
1.678E008,7.501E+3,
1.68E08,7.263E+3,
1.682E008,7.395E+3,
1.684E008,7.203E+3,
1.686E008,7.143E+3,
1.688E008,7.317E+3,
1.69E08,7.369E+3,
1.692E008,7.264E+3,
1.694E008,7.381E+3,
1.696E008,7.426E+3,
1.698E008,7.129E+3,
1.7E08,7.299E+3,
1.702E008,7.223E+3,
1.704E008,7.216E+3,
1.706E008,7.244E+3,
1.708E008,7.412E+3,
1.71E08,7.301E+3,
1.712E008,7.247E+3,
1.714E008,7.316E+3,
1.716E008,7.227E+3,
1.718E008,7.343E+3,
1.72E08,7.332E+3,
1.722E008,7.249E+3,
1.724E008,7.311E+3,
1.726E008,7.375E+3,
1.728E008,7.294E+3,
1.73E08,7.310E+3,
1.732E008,7.172E+3,
1.734E008,7.331E+3,
1.736E008,7.278E+3,
1.738E008,7.217E+3,
1.74E08,7.264E+3,
1.742E008,7.219E+3,
1.744E008,7.470E+3,
1.746E008,7.291E+3,
1.748E008,7.270E+3,
1.75E08,7.202E+3,
1.752E008,7.556E+3,
1.754E008,7.219E+3,
1.756E008,7.215E+3,
1.758E008,7.277E+3,
1.76E08,7.537E+3,
1.762E008,7.447E+3,
1.764E008,7.401E+3,
1.766E008,7.359E+3,
1.768E008,7.127E+3,
1.77E08,7.476E+3,
1.772E008,7.248E+3,
1.774E008,7.242E+3,
1.776E008,7.297E+3,
1.778E008,7.424E+3,
1.78E08,7.243E+3,
1.782E008,7.440E+3,
1.784E008,7.386E+3,
1.786E008,7.384E+3,
1.788E008,7.220E+3,
1.79E08,7.253E+3,
1.792E008,7.280E+3,
1.794E008,7.252E+3,
1.796E008,7.308E+3,
1.798E008,7.389E+3,
1.8E08,7.462E+3,
1.802E008,7.425E+3,
1.804E008,7.378E+3,
1.806E008,7.402E+3,
1.808E008,7.485E+3,
1.81E08,7.331E+3,
1.812E008,7.257E+3,
1.814E008,7.406E+3,
1.816E008,7.312E+3,
1.818E008,7.361E+3,
1.82E08,7.379E+3,
1.822E008,7.170E+3,
1.824E008,7.373E+3,
1.826E008,7.318E+3,
1.828E008,7.261E+3,
1.83E08,7.294E+3,
1.832E008,7.258E+3,
1.834E008,7.382E+3,
1.836E008,7.352E+3,
1.838E008,7.197E+3,
1.84E08,7.260E+3,
1.842E008,7.419E+3,
1.844E008,7.301E+3,
1.846E008,7.427E+3,
1.848E008,7.301E+3,
1.85E08,7.337E+3,
1.852E008,7.453E+3,
1.854E008,7.447E+3,
1.856E008,7.409E+3,
1.858E008,7.227E+3,
1.86E08,7.261E+3,
1.862E008,7.298E+3,
1.864E008,7.365E+3,
1.866E008,7.360E+3,
1.868E008,7.225E+3,
1.87E08,7.383E+3,
1.872E008,7.432E+3,
1.874E008,7.287E+3,
1.876E008,7.452E+3,
1.878E008,7.413E+3,
1.88E08,7.378E+3,
1.882E008,7.339E+3,
1.884E008,7.487E+3,
1.886E008,7.141E+3,
1.888E008,7.362E+3,
1.89E08,7.397E+3,
1.892E008,7.385E+3,
1.894E008,7.423E+3,
1.896E008,7.296E+3,
1.898E008,7.307E+3,
1.9E08,7.245E+3,
1.902E008,7.359E+3,
1.904E008,7.267E+3,
1.906E008,7.434E+3,
1.908E008,7.365E+3,
1.91E08,7.346E+3,
1.912E008,7.249E+3,
1.914E008,7.479E+3,
1.916E008,7.338E+3,
1.918E008,7.212E+3,
1.92E08,7.456E+3,
1.922E008,7.365E+3,
1.924E008,7.295E+3,
1.926E008,7.312E+3,
1.928E008,7.393E+3,
1.93E08,7.273E+3,
1.932E008,7.429E+3,
1.934E008,7.287E+3,
1.936E008,7.277E+3,
1.938E008,7.163E+3,
1.94E08,7.444E+3,
1.942E008,7.369E+3,
1.944E008,7.332E+3,
1.946E008,7.475E+3,
1.948E008,7.247E+3,
1.95E08,7.255E+3,
1.952E008,7.310E+3,
1.954E008,7.261E+3,
1.956E008,7.162E+3,
1.958E008,7.287E+3,
1.96E08,7.340E+3,
1.962E008,7.373E+3,
1.964E008,7.344E+3,
1.966E008,7.174E+3,
1.968E008,7.364E+3,
1.97E08,7.390E+3,
1.972E008,7.452E+3,
1.974E008,7.325E+3,
1.976E008,7.150E+3,
1.978E008,7.306E+3,
1.98E08,7.380E+3,
1.982E008,7.286E+3,
1.984E008,7.069E+3,
1.986E008,7.407E+3,
1.988E008,7.414E+3,
1.99E08,7.379E+3,
1.992E008,7.304E+3,
1.994E008,7.351E+3,
1.996E008,7.466E+3,
1.998E008,7.544E+3,
