Labels,T24,
Type,Time Scan,
Comment,,
Start,0.00,
Stop,1.998E008,
Step,2E05,
Fixed/Offset, ,
XAxis,Time,
YAxis,Counts,

0.00,1.165E+4,
2E05,2.949E+4,
4E05,2.900E+4,
6E05,2.836E+4,
800000.060000,2.820E+4,
1E06,2.764E+4,
1.2E06,2.740E+4,
1.4E06,2.683E+4,
1.6E06,2.684E+4,
1.8E06,2.618E+4,
2E06,2.567E+4,
2.2E06,2.530E+4,
2.4E06,2.514E+4,
2.6E06,2.507E+4,
2.8E06,2.473E+4,
3E06,2.438E+4,
3.2E06,2.395E+4,
3.4E06,2.401E+4,
3.6E06,2.387E+4,
3.8E06,2.313E+4,
4E06,2.327E+4,
4.2E06,2.264E+4,
4.4E06,2.256E+4,
4.6E06,2.229E+4,
4.8E06,2.185E+4,
5E06,2.212E+4,
5.2E06,2.156E+4,
5.4E06,2.132E+4,
5.6E06,2.124E+4,
5.8E06,2.055E+4,
6E06,2.061E+4,
6.2E06,2.064E+4,
6400000.500000,1.999E+4,
6600000.500000,2.000E+4,
6800000.500000,1.991E+4,
7000000.500000,1.955E+4,
7200000.600000,1.942E+4,
7400000.600000,1.929E+4,
7600000.600000,1.904E+4,
7800000.600000,1.890E+4,
8000000.600000,1.851E+4,
8200000.600000,1.854E+4,
8400000.700000,1.863E+4,
8600000.700000,1.849E+4,
8800000.700000,1.791E+4,
9000000.700000,1.786E+4,
9200000.700000,1.775E+4,
9400000.700000,1.763E+4,
9600000.800000,1.756E+4,
9800000.800000,1.727E+4,
1E07,1.692E+4,
1.02E07,1.671E+4,
1.04E07,1.695E+4,
1.06E07,1.662E+4,
1.08E07,1.636E+4,
1.1E07,1.638E+4,
1.12E07,1.606E+4,
1.14E07,1.601E+4,
1.16E07,1.595E+4,
1.18E07,1.579E+4,
1.2E07,1.545E+4,
1.22E07,1.542E+4,
1.24E07,1.530E+4,
1.26E07,1.508E+4,
1.28E07,1.525E+4,
1.3E07,1.498E+4,
1.32E07,1.479E+4,
1.34E07,1.470E+4,
1.36E07,1.432E+4,
1.38E07,1.469E+4,
1.4E07,1.432E+4,
1.42E07,1.413E+4,
1.44E07,1.427E+4,
1.46E07,1.413E+4,
1.48E07,1.374E+4,
1.5E07,1.387E+4,
1.52E07,1.374E+4,
1.54E07,1.368E+4,
1.56E07,1.356E+4,
1.58E07,1.355E+4,
1.6E07,1.309E+4,
1.62E07,1.354E+4,
1.64E07,1.330E+4,
1.66E07,1.313E+4,
1.68E07,1.284E+4,
1.7E07,1.289E+4,
1.72E07,1.264E+4,
1.74E07,1.270E+4,
1.76E07,1.228E+4,
1.78E07,1.252E+4,
1.8E07,1.224E+4,
1.82E07,1.219E+4,
1.84E07,1.224E+4,
1.86E07,1.236E+4,
1.88E07,1.184E+4,
1.9E07,1.198E+4,
1.92E07,1.208E+4,
1.94E07,1.181E+4,
1.96E07,1.167E+4,
1.98E07,1.195E+4,
2E07,1.164E+4,
2.02E07,1.161E+4,
2.04E07,1.151E+4,
2.06E07,1.136E+4,
2.08E07,1.144E+4,
2.1E07,1.139E+4,
2.12E07,1.110E+4,
2.14E07,1.122E+4,
2.16E07,1.124E+4,
2.18E07,1.127E+4,
2.2E07,1.102E+4,
2.22E07,1.089E+4,
2.24E07,1.077E+4,
2.26E07,1.088E+4,
2.28E07,1.095E+4,
2.3E07,1.096E+4,
2.32E07,1.087E+4,
2.34E07,1.065E+4,
2.36E07,1.043E+4,
2.38E07,1.054E+4,
2.4E07,1.068E+4,
2.42E07,1.019E+4,
2.44E07,1.032E+4,
2.46E07,1.048E+4,
2.48E07,1.032E+4,
2.5E07,1.025E+4,
2.52E07,9.892E+3,
2.54E07,1.018E+4,
2.56E07,1.018E+4,
2.58E07,1.010E+4,
2.6E07,9.864E+3,
2.62E07,1.001E+4,
2.64E07,1.002E+4,
2.66E07,9.840E+3,
2.68E07,9.885E+3,
2.7E07,1.004E+4,
2.72E07,9.954E+3,
2.74E07,9.546E+3,
2.76E07,9.499E+3,
2.78E07,9.758E+3,
2.8E07,9.621E+3,
2.82E07,9.549E+3,
2.84E07,9.632E+3,
2.86E07,9.328E+3,
2.88E07,9.514E+3,
2.9E07,9.521E+3,
2.92E07,9.490E+3,
2.94E07,9.480E+3,
2.96E07,9.338E+3,
2.98E07,9.289E+3,
3E07,9.249E+3,
3.02E07,9.242E+3,
3.04E07,9.148E+3,
3.06E07,9.317E+3,
3.08E07,9.295E+3,
3.1E07,9.182E+3,
3.12E07,9.280E+3,
3.14E07,9.119E+3,
3.16E07,8.977E+3,
3.18E07,9.209E+3,
3.2E07,9.031E+3,
3.22E07,9.260E+3,
3.24E07,8.819E+3,
3.26E07,8.922E+3,
3.28E07,9.043E+3,
3.3E07,8.888E+3,
3.32E07,8.961E+3,
3.34E07,8.904E+3,
3.36E07,8.841E+3,
3.38E07,8.782E+3,
3.4E07,8.798E+3,
3.42E07,8.839E+3,
3.44E07,8.633E+3,
3.46E07,8.780E+3,
3.48E07,8.708E+3,
3.5E07,8.676E+3,
3.52E07,8.535E+3,
3.54E07,8.418E+3,
3.56E07,8.638E+3,
3.58E07,8.713E+3,
3.6E07,8.603E+3,
3.62E07,8.462E+3,
3.64E07,8.593E+3,
3.66E07,8.635E+3,
3.68E07,8.538E+3,
3.7E07,8.613E+3,
3.72E07,8.381E+3,
3.74E07,8.636E+3,
3.76E07,8.535E+3,
3.78E07,8.665E+3,
3.8E07,8.459E+3,
3.82E07,8.331E+3,
3.84E07,8.335E+3,
3.86E07,8.420E+3,
3.88E07,8.410E+3,
3.9E07,8.459E+3,
3.92E07,8.483E+3,
3.94E07,8.442E+3,
3.96E07,8.512E+3,
3.98E07,8.170E+3,
4E07,8.208E+3,
4.02E07,8.211E+3,
4.04E07,8.364E+3,
4.06E07,8.177E+3,
4.08E07,8.230E+3,
4.1E07,8.105E+3,
4.12E07,8.242E+3,
4.14E07,8.291E+3,
4.16E07,8.313E+3,
4.18E07,8.121E+3,
4.2E07,8.160E+3,
4.22E07,8.018E+3,
4.24E07,8.095E+3,
4.26E07,8.100E+3,
4.28E07,8.189E+3,
4.3E07,8.065E+3,
4.32E07,8.137E+3,
4.34E07,8.245E+3,
4.36E07,7.824E+3,
4.38E07,8.146E+3,
4.4E07,7.965E+3,
4.42E07,7.924E+3,
4.44E07,8.127E+3,
4.46E07,8.184E+3,
4.48E07,8.068E+3,
4.5E07,7.971E+3,
4.52E07,7.800E+3,
4.54E07,8.098E+3,
4.56E07,7.898E+3,
4.58E07,7.980E+3,
4.6E07,7.937E+3,
4.62E07,7.908E+3,
4.64E07,7.904E+3,
4.66E07,7.953E+3,
4.68E07,8.002E+3,
4.7E07,7.912E+3,
4.72E07,7.943E+3,
4.74E07,7.946E+3,
4.76E07,7.865E+3,
4.78E07,7.886E+3,
4.8E07,7.892E+3,
4.82E07,7.793E+3,
4.84E07,8.009E+3,
4.86E07,7.815E+3,
4.88E07,7.886E+3,
4.9E07,7.838E+3,
4.92E07,7.782E+3,
4.94E07,7.942E+3,
4.96E07,7.897E+3,
4.98E07,7.808E+3,
5E07,7.784E+3,
5.02E07,8.037E+3,
5.04E07,7.816E+3,
5.06E07,7.962E+3,
5.08E07,7.807E+3,
5.1E07,7.819E+3,
5.12E07,7.765E+3,
5.14E07,7.773E+3,
5.16E07,7.749E+3,
5.18E07,7.920E+3,
5.2E07,7.750E+3,
5.22E07,7.774E+3,
5.24E07,7.768E+3,
5.26E07,7.921E+3,
5.28E07,7.700E+3,
5.3E07,7.606E+3,
5.32E07,7.693E+3,
5.34E07,7.654E+3,
5.36E07,7.693E+3,
5.38E07,7.749E+3,
5.4E07,7.697E+3,
5.42E07,7.664E+3,
5.44E07,7.640E+3,
5.46E07,7.727E+3,
5.48E07,7.670E+3,
5.5E07,7.624E+3,
5.52E07,7.836E+3,
5.54E07,7.515E+3,
5.56E07,7.797E+3,
5.58E07,7.522E+3,
5.6E07,7.854E+3,
5.62E07,7.433E+3,
5.64E07,7.541E+3,
5.66E07,7.852E+3,
5.68E07,7.601E+3,
5.7E07,7.560E+3,
5.72E07,7.625E+3,
5.74E07,7.674E+3,
5.76E07,7.422E+3,
5.78E07,7.619E+3,
5.8E07,7.448E+3,
5.82E07,7.680E+3,
5.84E07,7.558E+3,
5.86E07,7.619E+3,
5.88E07,7.527E+3,
5.9E07,7.620E+3,
5.92E07,7.558E+3,
5.94E07,7.529E+3,
5.96E07,7.566E+3,
5.98E07,7.559E+3,
6E07,7.618E+3,
6.02E07,7.723E+3,
6.04E07,7.571E+3,
6.06E07,7.504E+3,
6.08E07,7.329E+3,
6.1E07,7.676E+3,
6.12E07,7.633E+3,
6.14E07,7.650E+3,
6.16E07,7.493E+3,
6.18E07,7.573E+3,
6.2E07,7.436E+3,
6.22E07,7.481E+3,
6.24E07,7.446E+3,
6.26E07,7.581E+3,
6.28E07,7.735E+3,
6.3E07,7.545E+3,
6.32E07,7.503E+3,
6.34E07,7.806E+3,
6.36E07,7.554E+3,
6.38E07,7.336E+3,
64000005.000000,7.575E+3,
64200005.000000,7.496E+3,
64400005.000000,7.464E+3,
64600005.000000,7.484E+3,
64800005.000000,7.538E+3,
65000005.000000,7.685E+3,
65200005.000000,7.665E+3,
65400005.000000,7.383E+3,
65600005.000000,7.521E+3,
65800005.000000,7.556E+3,
66000005.000000,7.396E+3,
66200005.000000,7.589E+3,
66400005.000000,7.473E+3,
66600005.000000,7.608E+3,
66800005.000000,7.592E+3,
67000005.000000,7.540E+3,
67200005.000000,7.636E+3,
67400005.000000,7.526E+3,
67600005.000000,7.426E+3,
67800005.000000,7.518E+3,
68000005.000000,7.499E+3,
68200005.000000,7.538E+3,
68400005.000000,7.393E+3,
68600005.000000,7.691E+3,
68800005.000000,7.398E+3,
69000005.000000,7.536E+3,
69200005.000000,7.658E+3,
69400005.000000,7.608E+3,
69600005.000000,7.474E+3,
69800005.000000,7.498E+3,
70000005.000000,7.391E+3,
70200005.000000,7.494E+3,
70400006.000000,7.570E+3,
70600006.000000,7.421E+3,
70800006.000000,7.409E+3,
71000006.000000,7.383E+3,
71200006.000000,7.506E+3,
71400006.000000,7.487E+3,
71600006.000000,7.541E+3,
71800006.000000,7.443E+3,
72000006.000000,7.610E+3,
72200006.000000,7.451E+3,
72400006.000000,7.583E+3,
72600006.000000,7.391E+3,
72800006.000000,7.512E+3,
73000006.000000,7.418E+3,
73200006.000000,7.510E+3,
73400006.000000,7.466E+3,
73600006.000000,7.469E+3,
73800006.000000,7.586E+3,
74000006.000000,7.456E+3,
74200006.000000,7.490E+3,
74400006.000000,7.645E+3,
74600006.000000,7.436E+3,
74800006.000000,7.516E+3,
75000006.000000,7.543E+3,
75200006.000000,7.492E+3,
75400006.000000,7.642E+3,
75600006.000000,7.412E+3,
75800006.000000,7.444E+3,
76000006.000000,7.310E+3,
76200006.000000,7.402E+3,
76400006.000000,7.479E+3,
76600006.000000,7.433E+3,
76800006.000000,7.515E+3,
77000006.000000,7.605E+3,
77200006.000000,7.499E+3,
77400006.000000,7.497E+3,
77600006.000000,7.430E+3,
77800006.000000,7.531E+3,
78000006.000000,7.532E+3,
78200006.000000,7.465E+3,
78400006.000000,7.671E+3,
78600006.000000,7.422E+3,
78800006.000000,7.464E+3,
79000006.000000,7.440E+3,
79200006.000000,7.330E+3,
79400006.000000,7.351E+3,
79600006.000000,7.269E+3,
79800006.000000,7.415E+3,
80000006.000000,7.407E+3,
80200006.000000,7.462E+3,
80400006.000000,7.492E+3,
80600006.000000,7.384E+3,
80800006.000000,7.507E+3,
81000006.000000,7.444E+3,
81200006.000000,7.440E+3,
81400006.000000,7.712E+3,
81600006.000000,7.531E+3,
81800006.000000,7.490E+3,
82000006.000000,7.471E+3,
82200006.000000,7.486E+3,
82400006.000000,7.252E+3,
82600006.000000,7.476E+3,
82800006.000000,7.358E+3,
83000006.000000,7.247E+3,
83200007.000000,7.519E+3,
83400007.000000,7.456E+3,
83600007.000000,7.363E+3,
83800007.000000,7.491E+3,
84000007.000000,7.587E+3,
84200007.000000,7.491E+3,
84400007.000000,7.351E+3,
84600007.000000,7.371E+3,
84800007.000000,7.475E+3,
85000007.000000,7.361E+3,
85200007.000000,7.381E+3,
85400007.000000,7.553E+3,
85600007.000000,7.381E+3,
85800007.000000,7.599E+3,
86000007.000000,7.584E+3,
86200007.000000,7.400E+3,
86400007.000000,7.297E+3,
86600007.000000,7.514E+3,
86800007.000000,7.437E+3,
87000007.000000,7.357E+3,
87200007.000000,7.507E+3,
87400007.000000,7.510E+3,
87600007.000000,7.400E+3,
87800007.000000,7.413E+3,
88000007.000000,7.239E+3,
88200007.000000,7.225E+3,
88400007.000000,7.438E+3,
88600007.000000,7.295E+3,
88800007.000000,7.464E+3,
89000007.000000,7.249E+3,
89200007.000000,7.444E+3,
89400007.000000,7.587E+3,
89600007.000000,7.455E+3,
89800007.000000,7.497E+3,
90000007.000000,7.447E+3,
90200007.000000,7.530E+3,
90400007.000000,7.543E+3,
90600007.000000,7.329E+3,
90800007.000000,7.436E+3,
91000007.000000,7.584E+3,
91200007.000000,7.492E+3,
91400007.000000,7.487E+3,
91600007.000000,7.454E+3,
91800007.000000,7.562E+3,
92000007.000000,7.313E+3,
92200007.000000,7.433E+3,
92400007.000000,7.390E+3,
92600007.000000,7.476E+3,
92800007.000000,7.589E+3,
93000007.000000,7.547E+3,
93200007.000000,7.453E+3,
93400007.000000,7.649E+3,
93600007.000000,7.575E+3,
93800007.000000,7.287E+3,
94000007.000000,7.576E+3,
94200007.000000,7.455E+3,
94400007.000000,7.473E+3,
94600007.000000,7.402E+3,
94800007.000000,7.425E+3,
95000007.000000,7.466E+3,
95200007.000000,7.273E+3,
95400007.000000,7.328E+3,
95600007.000000,7.335E+3,
95800007.000000,7.478E+3,
96000008.000000,7.360E+3,
96200008.000000,7.463E+3,
96400008.000000,7.390E+3,
96600008.000000,7.535E+3,
96800008.000000,7.190E+3,
97000008.000000,7.551E+3,
97200008.000000,7.566E+3,
97400008.000000,7.456E+3,
97600008.000000,7.399E+3,
97800008.000000,7.282E+3,
98000008.000000,7.384E+3,
98200008.000000,7.331E+3,
98400008.000000,7.543E+3,
98600008.000000,7.374E+3,
98800008.000000,7.424E+3,
99000008.000000,7.347E+3,
99200008.000000,7.417E+3,
99400008.000000,7.492E+3,
99600008.000000,7.320E+3,
99800008.000000,7.249E+3,
1E08,7.225E+3,
1.002E008,7.469E+3,
1.004E008,7.380E+3,
1.006E008,7.461E+3,
1.008E008,7.431E+3,
1.01E08,7.468E+3,
1.012E008,7.290E+3,
1.014E008,7.520E+3,
1.016E008,7.524E+3,
1.018E008,7.436E+3,
1.02E08,7.269E+3,
1.022E008,7.442E+3,
1.024E008,7.575E+3,
1.026E008,7.387E+3,
1.028E008,7.384E+3,
1.03E08,7.524E+3,
1.032E008,7.534E+3,
1.034E008,7.556E+3,
1.036E008,7.367E+3,
1.038E008,7.386E+3,
1.04E08,7.320E+3,
1.042E008,7.248E+3,
1.044E008,7.368E+3,
1.046E008,7.400E+3,
1.048E008,7.494E+3,
1.05E08,7.286E+3,
1.052E008,7.232E+3,
1.054E008,7.362E+3,
1.056E008,7.326E+3,
1.058E008,7.473E+3,
1.06E08,7.373E+3,
1.062E008,7.543E+3,
1.064E008,7.407E+3,
1.066E008,7.591E+3,
1.068E008,7.253E+3,
1.07E08,7.471E+3,
1.072E008,7.370E+3,
1.074E008,7.441E+3,
1.076E008,7.206E+3,
1.078E008,7.374E+3,
1.08E08,7.366E+3,
1.082E008,7.413E+3,
1.084E008,7.276E+3,
1.086E008,7.464E+3,
1.088E008,7.420E+3,
1.09E08,7.342E+3,
1.092E008,7.418E+3,
1.094E008,7.468E+3,
1.096E008,7.448E+3,
1.098E008,7.516E+3,
1.1E08,7.489E+3,
1.102E008,7.391E+3,
1.104E008,7.453E+3,
1.106E008,7.332E+3,
1.108E008,7.500E+3,
1.11E08,7.395E+3,
1.112E008,7.431E+3,
1.114E008,7.264E+3,
1.116E008,7.364E+3,
1.118E008,7.354E+3,
1.12E08,7.404E+3,
1.122E008,7.493E+3,
1.124E008,7.310E+3,
1.126E008,7.338E+3,
1.128E008,7.274E+3,
1.13E08,7.461E+3,
1.132E008,7.497E+3,
1.134E008,7.363E+3,
1.136E008,7.553E+3,
1.138E008,7.512E+3,
1.14E08,7.323E+3,
1.142E008,7.380E+3,
1.144E008,7.432E+3,
1.146E008,7.347E+3,
1.148E008,7.479E+3,
1.15E08,7.489E+3,
1.152E008,7.289E+3,
1.154E008,7.413E+3,
1.156E008,7.501E+3,
1.158E008,7.420E+3,
1.16E08,7.516E+3,
1.162E008,7.390E+3,
1.164E008,7.362E+3,
1.166E008,7.489E+3,
1.168E008,7.570E+3,
1.17E08,7.605E+3,
1.172E008,7.460E+3,
1.174E008,7.396E+3,
1.176E008,7.481E+3,
1.178E008,7.520E+3,
1.18E08,7.594E+3,
1.182E008,7.390E+3,
1.184E008,7.527E+3,
1.186E008,7.430E+3,
1.188E008,7.430E+3,
1.19E08,7.272E+3,
1.192E008,7.400E+3,
1.194E008,7.399E+3,
1.196E008,7.394E+3,
1.198E008,7.432E+3,
1.2E08,7.110E+3,
1.202E008,7.313E+3,
1.204E008,7.339E+3,
1.206E008,7.564E+3,
1.208E008,7.565E+3,
1.21E08,7.287E+3,
1.212E008,7.366E+3,
1.214E008,7.365E+3,
1.216E008,7.440E+3,
1.218E008,7.391E+3,
1.22E08,7.330E+3,
1.222E008,7.313E+3,
1.224E008,7.433E+3,
1.226E008,7.408E+3,
1.228E008,7.412E+3,
1.23E08,7.615E+3,
1.232E008,7.372E+3,
1.234E008,7.475E+3,
1.236E008,7.195E+3,
1.238E008,7.297E+3,
1.24E08,7.378E+3,
1.242E008,7.495E+3,
1.244E008,7.516E+3,
1.246E008,7.597E+3,
1.248E008,7.463E+3,
1.25E08,7.418E+3,
1.252E008,7.464E+3,
1.254E008,7.445E+3,
1.256E008,7.388E+3,
1.258E008,7.338E+3,
1.26E08,7.228E+3,
1.262E008,7.711E+3,
1.264E008,7.357E+3,
1.266E008,7.258E+3,
1.268E008,7.297E+3,
1.27E08,7.387E+3,
1.272E008,7.524E+3,
1.274E008,7.461E+3,
1.276E008,7.524E+3,
1.278E008,7.481E+3,
1.28E08,7.407E+3,
1.282E008,7.602E+3,
1.284E008,7.472E+3,
1.286E008,7.321E+3,
1.288E008,7.402E+3,
1.29E08,7.412E+3,
1.292E008,7.470E+3,
1.294E008,7.410E+3,
1.296E008,7.430E+3,
1.298E008,7.185E+3,
1.3E08,7.390E+3,
1.302E008,7.414E+3,
1.304E008,7.566E+3,
1.306E008,7.402E+3,
1.308E008,7.485E+3,
1.31E08,7.562E+3,
1.312E008,7.454E+3,
1.314E008,7.458E+3,
1.316E008,7.410E+3,
1.318E008,7.551E+3,
1.32E08,7.371E+3,
1.322E008,7.397E+3,
1.324E008,7.499E+3,
1.326E008,7.495E+3,
1.328E008,7.542E+3,
1.33E08,7.338E+3,
1.332E008,7.621E+3,
1.334E008,7.308E+3,
1.336E008,7.514E+3,
1.338E008,7.390E+3,
1.34E08,7.315E+3,
1.342E008,7.607E+3,
1.344E008,7.514E+3,
1.346E008,7.583E+3,
1.348E008,7.538E+3,
1.35E08,7.545E+3,
1.352E008,7.530E+3,
1.354E008,7.333E+3,
1.356E008,7.511E+3,
1.358E008,7.411E+3,
1.36E08,7.443E+3,
1.362E008,7.393E+3,
1.364E008,7.612E+3,
1.366E008,7.400E+3,
1.368E008,7.422E+3,
1.37E08,7.540E+3,
1.372E008,7.298E+3,
1.374E008,7.346E+3,
1.376E008,7.350E+3,
1.378E008,7.341E+3,
1.38E08,7.570E+3,
1.382E008,7.476E+3,
1.384E008,7.301E+3,
1.386E008,7.505E+3,
1.388E008,7.334E+3,
1.39E08,7.483E+3,
1.392E008,7.346E+3,
1.394E008,7.368E+3,
1.396E008,7.428E+3,
1.398E008,7.382E+3,
1.4E08,7.227E+3,
1.402E008,7.385E+3,
1.404E008,7.380E+3,
1.406E008,7.348E+3,
1.408E008,7.437E+3,
1.41E08,7.364E+3,
1.412E008,7.356E+3,
1.414E008,7.389E+3,
1.416E008,7.431E+3,
1.418E008,7.467E+3,
1.42E08,7.295E+3,
1.422E008,7.642E+3,
1.424E008,7.488E+3,
1.426E008,7.342E+3,
1.428E008,7.478E+3,
1.43E08,7.272E+3,
1.432E008,7.388E+3,
1.434E008,7.543E+3,
1.436E008,7.463E+3,
1.438E008,7.269E+3,
1.44E08,7.340E+3,
1.442E008,7.154E+3,
1.444E008,7.357E+3,
1.446E008,7.439E+3,
1.448E008,7.515E+3,
1.45E08,7.425E+3,
1.452E008,7.381E+3,
1.454E008,7.393E+3,
1.456E008,7.477E+3,
1.458E008,7.547E+3,
1.46E08,7.420E+3,
1.462E008,7.460E+3,
1.464E008,7.360E+3,
1.466E008,7.405E+3,
1.468E008,7.439E+3,
1.47E08,7.484E+3,
1.472E008,7.445E+3,
1.474E008,7.575E+3,
1.476E008,7.395E+3,
1.478E008,7.232E+3,
1.48E08,7.332E+3,
1.482E008,7.246E+3,
1.484E008,7.382E+3,
1.486E008,7.382E+3,
1.488E008,7.505E+3,
1.49E08,7.523E+3,
1.492E008,7.590E+3,
1.494E008,7.438E+3,
1.496E008,7.465E+3,
1.498E008,7.427E+3,
1.5E08,7.316E+3,
1.502E008,7.507E+3,
1.504E008,7.383E+3,
1.506E008,7.523E+3,
1.508E008,7.512E+3,
1.51E08,7.576E+3,
1.512E008,7.381E+3,
1.514E008,7.547E+3,
1.516E008,7.341E+3,
1.518E008,7.309E+3,
1.52E08,7.471E+3,
1.522E008,7.426E+3,
1.524E008,7.595E+3,
1.526E008,7.384E+3,
1.528E008,7.472E+3,
1.53E08,7.377E+3,
1.532E008,7.480E+3,
1.534E008,7.545E+3,
1.536E008,7.362E+3,
1.538E008,7.522E+3,
1.54E08,7.522E+3,
1.542E008,7.385E+3,
1.544E008,7.521E+3,
1.546E008,7.403E+3,
1.548E008,7.458E+3,
1.55E08,7.344E+3,
1.552E008,7.350E+3,
1.554E008,7.462E+3,
1.556E008,7.558E+3,
1.558E008,7.584E+3,
1.56E08,7.285E+3,
1.562E008,7.486E+3,
1.564E008,7.326E+3,
1.566E008,7.287E+3,
1.568E008,7.443E+3,
1.57E08,7.510E+3,
1.572E008,7.412E+3,
1.574E008,7.458E+3,
1.576E008,7.356E+3,
1.578E008,7.461E+3,
1.58E08,7.371E+3,
1.582E008,7.464E+3,
1.584E008,7.427E+3,
1.586E008,7.297E+3,
1.588E008,7.383E+3,
1.59E08,7.332E+3,
1.592E008,7.449E+3,
1.594E008,7.387E+3,
1.596E008,7.519E+3,
1.598E008,7.329E+3,
1.6E08,7.336E+3,
1.602E008,7.426E+3,
1.604E008,7.372E+3,
1.606E008,7.533E+3,
1.608E008,7.601E+3,
1.61E08,7.353E+3,
1.612E008,7.490E+3,
1.614E008,7.514E+3,
1.616E008,7.310E+3,
1.618E008,7.538E+3,
1.62E08,7.593E+3,
1.622E008,7.599E+3,
1.624E008,7.398E+3,
1.626E008,7.546E+3,
1.628E008,7.521E+3,
1.63E08,7.484E+3,
1.632E008,7.527E+3,
1.634E008,7.450E+3,
1.636E008,7.409E+3,
1.638E008,7.472E+3,
1.64E08,7.505E+3,
1.642E008,7.411E+3,
1.644E008,7.492E+3,
1.646E008,7.427E+3,
1.648E008,7.205E+3,
1.65E08,7.314E+3,
1.652E008,7.490E+3,
1.654E008,7.405E+3,
1.656E008,7.592E+3,
1.658E008,7.512E+3,
1.66E08,7.192E+3,
1.662E008,7.492E+3,
1.664E008,7.331E+3,
1.666E008,7.493E+3,
1.668E008,7.301E+3,
1.67E08,7.252E+3,
1.672E008,7.282E+3,
1.674E008,7.324E+3,
1.676E008,7.590E+3,
1.678E008,7.328E+3,
1.68E08,7.427E+3,
1.682E008,7.480E+3,
1.684E008,7.474E+3,
1.686E008,7.397E+3,
1.688E008,7.482E+3,
1.69E08,7.343E+3,
1.692E008,7.271E+3,
1.694E008,7.283E+3,
1.696E008,7.354E+3,
1.698E008,7.462E+3,
1.7E08,7.489E+3,
1.702E008,7.305E+3,
1.704E008,7.384E+3,
1.706E008,7.574E+3,
1.708E008,7.433E+3,
1.71E08,7.473E+3,
1.712E008,7.334E+3,
1.714E008,7.440E+3,
1.716E008,7.402E+3,
1.718E008,7.369E+3,
1.72E08,7.259E+3,
1.722E008,7.506E+3,
1.724E008,7.364E+3,
1.726E008,7.331E+3,
1.728E008,7.529E+3,
1.73E08,7.187E+3,
1.732E008,7.543E+3,
1.734E008,7.435E+3,
1.736E008,7.486E+3,
1.738E008,7.215E+3,
1.74E08,7.476E+3,
1.742E008,7.474E+3,
1.744E008,7.357E+3,
1.746E008,7.529E+3,
1.748E008,7.538E+3,
1.75E08,7.363E+3,
1.752E008,7.363E+3,
1.754E008,7.378E+3,
1.756E008,7.479E+3,
1.758E008,7.363E+3,
1.76E08,7.223E+3,
1.762E008,7.538E+3,
1.764E008,7.480E+3,
1.766E008,7.589E+3,
1.768E008,7.221E+3,
1.77E08,7.339E+3,
1.772E008,7.436E+3,
1.774E008,7.550E+3,
1.776E008,7.244E+3,
1.778E008,7.454E+3,
1.78E08,7.389E+3,
1.782E008,7.418E+3,
1.784E008,7.372E+3,
1.786E008,7.494E+3,
1.788E008,7.237E+3,
1.79E08,7.461E+3,
1.792E008,7.419E+3,
1.794E008,7.538E+3,
1.796E008,7.284E+3,
1.798E008,7.453E+3,
1.8E08,7.366E+3,
1.802E008,7.291E+3,
1.804E008,7.189E+3,
1.806E008,7.413E+3,
1.808E008,7.394E+3,
1.81E08,7.372E+3,
1.812E008,7.545E+3,
1.814E008,7.510E+3,
1.816E008,7.604E+3,
1.818E008,7.370E+3,
1.82E08,7.376E+3,
1.822E008,7.470E+3,
1.824E008,7.266E+3,
1.826E008,7.525E+3,
1.828E008,7.474E+3,
1.83E08,7.592E+3,
1.832E008,7.393E+3,
1.834E008,7.396E+3,
1.836E008,7.494E+3,
1.838E008,7.353E+3,
1.84E08,7.349E+3,
1.842E008,7.490E+3,
1.844E008,7.301E+3,
1.846E008,7.360E+3,
1.848E008,7.275E+3,
1.85E08,7.315E+3,
1.852E008,7.341E+3,
1.854E008,7.458E+3,
1.856E008,7.240E+3,
1.858E008,7.474E+3,
1.86E08,7.358E+3,
1.862E008,7.499E+3,
1.864E008,7.303E+3,
1.866E008,7.621E+3,
1.868E008,7.394E+3,
1.87E08,7.382E+3,
1.872E008,7.389E+3,
1.874E008,7.468E+3,
1.876E008,7.394E+3,
1.878E008,7.331E+3,
1.88E08,7.473E+3,
1.882E008,7.424E+3,
1.884E008,7.583E+3,
1.886E008,7.398E+3,
1.888E008,7.386E+3,
1.89E08,7.644E+3,
1.892E008,7.519E+3,
1.894E008,7.269E+3,
1.896E008,7.448E+3,
1.898E008,7.580E+3,
1.9E08,7.302E+3,
1.902E008,7.413E+3,
1.904E008,7.394E+3,
1.906E008,7.399E+3,
1.908E008,7.413E+3,
1.91E08,7.419E+3,
1.912E008,7.527E+3,
1.914E008,7.390E+3,
1.916E008,7.291E+3,
1.918E008,7.273E+3,
1.92E08,7.335E+3,
1.922E008,7.452E+3,
1.924E008,7.498E+3,
1.926E008,7.320E+3,
1.928E008,7.450E+3,
1.93E08,7.408E+3,
1.932E008,7.226E+3,
1.934E008,7.415E+3,
1.936E008,7.478E+3,
1.938E008,7.340E+3,
1.94E08,7.472E+3,
1.942E008,7.247E+3,
1.944E008,7.233E+3,
1.946E008,7.461E+3,
1.948E008,7.373E+3,
1.95E08,7.486E+3,
1.952E008,7.390E+3,
1.954E008,7.550E+3,
1.956E008,7.239E+3,
1.958E008,7.524E+3,
1.96E08,7.376E+3,
1.962E008,7.498E+3,
1.964E008,7.425E+3,
1.966E008,7.309E+3,
1.968E008,7.448E+3,
1.97E08,7.494E+3,
1.972E008,7.373E+3,
1.974E008,7.350E+3,
1.976E008,7.472E+3,
1.978E008,7.365E+3,
1.98E08,7.501E+3,
1.982E008,7.400E+3,
1.984E008,7.409E+3,
1.986E008,7.393E+3,
1.988E008,7.351E+3,
1.99E08,7.221E+3,
1.992E008,7.303E+3,
1.994E008,7.448E+3,
1.996E008,7.444E+3,
1.998E008,7.389E+3,
