Labels,T25,
Type,Time Scan,
Comment,,
Start,0.00,
Stop,1.998E008,
Step,2E05,
Fixed/Offset, ,
XAxis,Time,
YAxis,Counts,

0.00,1.136E+5,
2E05,5.700E+5,
4E05,5.747E+5,
6E05,5.673E+5,
800000.060000,5.612E+5,
1E06,5.553E+5,
1.2E06,5.442E+5,
1.4E06,5.355E+5,
1.6E06,5.281E+5,
1.8E06,5.195E+5,
2E06,5.112E+5,
2.2E06,5.038E+5,
2.4E06,4.963E+5,
2.6E06,4.884E+5,
2.8E06,4.802E+5,
3E06,4.729E+5,
3.2E06,4.652E+5,
3.4E06,4.580E+5,
3.6E06,4.500E+5,
3.8E06,4.428E+5,
4E06,4.358E+5,
4.2E06,4.283E+5,
4.4E06,4.200E+5,
4.6E06,4.141E+5,
4.8E06,4.067E+5,
5E06,3.991E+5,
5.2E06,3.926E+5,
5.4E06,3.869E+5,
5.6E06,3.803E+5,
5.8E06,3.735E+5,
6E06,3.678E+5,
6.2E06,3.623E+5,
6400000.500000,3.567E+5,
6600000.500000,3.498E+5,
6800000.500000,3.432E+5,
7000000.500000,3.376E+5,
7200000.600000,3.310E+5,
7400000.600000,3.269E+5,
7600000.600000,3.209E+5,
7800000.600000,3.144E+5,
8000000.600000,3.100E+5,
8200000.600000,3.037E+5,
8400000.700000,2.990E+5,
8600000.700000,2.938E+5,
8800000.700000,2.890E+5,
9000000.700000,2.825E+5,
9200000.700000,2.787E+5,
9400000.700000,2.744E+5,
9600000.800000,2.696E+5,
9800000.800000,2.642E+5,
1E07,2.588E+5,
1.02E07,2.548E+5,
1.04E07,2.501E+5,
1.06E07,2.460E+5,
1.08E07,2.413E+5,
1.1E07,2.376E+5,
1.12E07,2.327E+5,
1.14E07,2.284E+5,
1.16E07,2.245E+5,
1.18E07,2.204E+5,
1.2E07,2.164E+5,
1.22E07,2.125E+5,
1.24E07,2.084E+5,
1.26E07,2.053E+5,
1.28E07,2.010E+5,
1.3E07,1.977E+5,
1.32E07,1.935E+5,
1.34E07,1.911E+5,
1.36E07,1.868E+5,
1.38E07,1.839E+5,
1.4E07,1.798E+5,
1.42E07,1.773E+5,
1.44E07,1.746E+5,
1.46E07,1.707E+5,
1.48E07,1.677E+5,
1.5E07,1.648E+5,
1.52E07,1.617E+5,
1.54E07,1.587E+5,
1.56E07,1.562E+5,
1.58E07,1.533E+5,
1.6E07,1.508E+5,
1.62E07,1.481E+5,
1.64E07,1.449E+5,
1.66E07,1.428E+5,
1.68E07,1.398E+5,
1.7E07,1.375E+5,
1.72E07,1.351E+5,
1.74E07,1.329E+5,
1.76E07,1.308E+5,
1.78E07,1.276E+5,
1.8E07,1.265E+5,
1.82E07,1.233E+5,
1.84E07,1.212E+5,
1.86E07,1.187E+5,
1.88E07,1.171E+5,
1.9E07,1.149E+5,
1.92E07,1.128E+5,
1.94E07,1.114E+5,
1.96E07,1.100E+5,
1.98E07,1.065E+5,
2E07,1.056E+5,
2.02E07,1.037E+5,
2.04E07,1.019E+5,
2.06E07,9.977E+4,
2.08E07,9.819E+4,
2.1E07,9.719E+4,
2.12E07,9.524E+4,
2.14E07,9.357E+4,
2.16E07,9.169E+4,
2.18E07,9.014E+4,
2.2E07,8.880E+4,
2.22E07,8.740E+4,
2.24E07,8.624E+4,
2.26E07,8.525E+4,
2.28E07,8.313E+4,
2.3E07,8.196E+4,
2.32E07,8.068E+4,
2.34E07,8.004E+4,
2.36E07,7.848E+4,
2.38E07,7.730E+4,
2.4E07,7.550E+4,
2.42E07,7.472E+4,
2.44E07,7.326E+4,
2.46E07,7.215E+4,
2.48E07,7.126E+4,
2.5E07,7.013E+4,
2.52E07,6.905E+4,
2.54E07,6.780E+4,
2.56E07,6.704E+4,
2.58E07,6.537E+4,
2.6E07,6.470E+4,
2.62E07,6.424E+4,
2.64E07,6.237E+4,
2.66E07,6.223E+4,
2.68E07,6.117E+4,
2.7E07,6.004E+4,
2.72E07,5.932E+4,
2.74E07,5.861E+4,
2.76E07,5.767E+4,
2.78E07,5.731E+4,
2.8E07,5.624E+4,
2.82E07,5.547E+4,
2.84E07,5.493E+4,
2.86E07,5.443E+4,
2.88E07,5.328E+4,
2.9E07,5.244E+4,
2.92E07,5.218E+4,
2.94E07,5.145E+4,
2.96E07,5.074E+4,
2.98E07,4.970E+4,
3E07,4.887E+4,
3.02E07,4.898E+4,
3.04E07,4.838E+4,
3.06E07,4.796E+4,
3.08E07,4.714E+4,
3.1E07,4.659E+4,
3.12E07,4.602E+4,
3.14E07,4.514E+4,
3.16E07,4.450E+4,
3.18E07,4.496E+4,
3.2E07,4.418E+4,
3.22E07,4.364E+4,
3.24E07,4.297E+4,
3.26E07,4.246E+4,
3.28E07,4.223E+4,
3.3E07,4.183E+4,
3.32E07,4.095E+4,
3.34E07,4.079E+4,
3.36E07,4.053E+4,
3.38E07,4.047E+4,
3.4E07,3.940E+4,
3.42E07,3.902E+4,
3.44E07,3.844E+4,
3.46E07,3.806E+4,
3.48E07,3.803E+4,
3.5E07,3.771E+4,
3.52E07,3.722E+4,
3.54E07,3.717E+4,
3.56E07,3.654E+4,
3.58E07,3.631E+4,
3.6E07,3.569E+4,
3.62E07,3.560E+4,
3.64E07,3.525E+4,
3.66E07,3.498E+4,
3.68E07,3.460E+4,
3.7E07,3.437E+4,
3.72E07,3.406E+4,
3.74E07,3.365E+4,
3.76E07,3.361E+4,
3.78E07,3.355E+4,
3.8E07,3.248E+4,
3.82E07,3.254E+4,
3.84E07,3.243E+4,
3.86E07,3.220E+4,
3.88E07,3.189E+4,
3.9E07,3.186E+4,
3.92E07,3.133E+4,
3.94E07,3.162E+4,
3.96E07,3.111E+4,
3.98E07,3.109E+4,
4E07,3.091E+4,
4.02E07,3.058E+4,
4.04E07,2.989E+4,
4.06E07,3.028E+4,
4.08E07,3.005E+4,
4.1E07,2.986E+4,
4.12E07,2.947E+4,
4.14E07,2.927E+4,
4.16E07,2.952E+4,
4.18E07,2.910E+4,
4.2E07,2.874E+4,
4.22E07,2.899E+4,
4.24E07,2.911E+4,
4.26E07,2.880E+4,
4.28E07,2.877E+4,
4.3E07,2.847E+4,
4.32E07,2.835E+4,
4.34E07,2.807E+4,
4.36E07,2.770E+4,
4.38E07,2.802E+4,
4.4E07,2.801E+4,
4.42E07,2.767E+4,
4.44E07,2.763E+4,
4.46E07,2.753E+4,
4.48E07,2.725E+4,
4.5E07,2.696E+4,
4.52E07,2.702E+4,
4.54E07,2.688E+4,
4.56E07,2.637E+4,
4.58E07,2.665E+4,
4.6E07,2.674E+4,
4.62E07,2.650E+4,
4.64E07,2.621E+4,
4.66E07,2.641E+4,
4.68E07,2.626E+4,
4.7E07,2.630E+4,
4.72E07,2.598E+4,
4.74E07,2.574E+4,
4.76E07,2.564E+4,
4.78E07,2.552E+4,
4.8E07,2.571E+4,
4.82E07,2.535E+4,
4.84E07,2.543E+4,
4.86E07,2.539E+4,
4.88E07,2.521E+4,
4.9E07,2.494E+4,
4.92E07,2.535E+4,
4.94E07,2.488E+4,
4.96E07,2.493E+4,
4.98E07,2.442E+4,
5E07,2.483E+4,
5.02E07,2.468E+4,
5.04E07,2.479E+4,
5.06E07,2.445E+4,
5.08E07,2.465E+4,
5.1E07,2.416E+4,
5.12E07,2.426E+4,
5.14E07,2.422E+4,
5.16E07,2.400E+4,
5.18E07,2.407E+4,
5.2E07,2.424E+4,
5.22E07,2.429E+4,
5.24E07,2.421E+4,
5.26E07,2.388E+4,
5.28E07,2.370E+4,
5.3E07,2.387E+4,
5.32E07,2.383E+4,
5.34E07,2.357E+4,
5.36E07,2.353E+4,
5.38E07,2.362E+4,
5.4E07,2.353E+4,
5.42E07,2.357E+4,
5.44E07,2.354E+4,
5.46E07,2.358E+4,
5.48E07,2.346E+4,
5.5E07,2.334E+4,
5.52E07,2.347E+4,
5.54E07,2.339E+4,
5.56E07,2.324E+4,
5.58E07,2.345E+4,
5.6E07,2.312E+4,
5.62E07,2.338E+4,
5.64E07,2.301E+4,
5.66E07,2.340E+4,
5.68E07,2.307E+4,
5.7E07,2.340E+4,
5.72E07,2.321E+4,
5.74E07,2.332E+4,
5.76E07,2.339E+4,
5.78E07,2.348E+4,
5.8E07,2.319E+4,
5.82E07,2.330E+4,
5.84E07,2.334E+4,
5.86E07,2.326E+4,
5.88E07,2.336E+4,
5.9E07,2.286E+4,
5.92E07,2.321E+4,
5.94E07,2.289E+4,
5.96E07,2.323E+4,
5.98E07,2.290E+4,
6E07,2.319E+4,
6.02E07,2.280E+4,
6.04E07,2.286E+4,
6.06E07,2.295E+4,
6.08E07,2.311E+4,
6.1E07,2.328E+4,
6.12E07,2.307E+4,
6.14E07,2.293E+4,
6.16E07,2.273E+4,
6.18E07,2.285E+4,
6.2E07,2.244E+4,
6.22E07,2.273E+4,
6.24E07,2.282E+4,
6.26E07,2.298E+4,
6.28E07,2.265E+4,
6.3E07,2.302E+4,
6.32E07,2.261E+4,
6.34E07,2.241E+4,
6.36E07,2.232E+4,
6.38E07,2.260E+4,
64000005.000000,2.262E+4,
64200005.000000,2.254E+4,
64400005.000000,2.220E+4,
64600005.000000,2.257E+4,
64800005.000000,2.239E+4,
65000005.000000,2.227E+4,
65200005.000000,2.257E+4,
65400005.000000,2.237E+4,
65600005.000000,2.230E+4,
65800005.000000,2.249E+4,
66000005.000000,2.233E+4,
66200005.000000,2.231E+4,
66400005.000000,2.220E+4,
66600005.000000,2.263E+4,
66800005.000000,2.225E+4,
67000005.000000,2.243E+4,
67200005.000000,2.216E+4,
67400005.000000,2.207E+4,
67600005.000000,2.248E+4,
67800005.000000,2.222E+4,
68000005.000000,2.234E+4,
68200005.000000,2.218E+4,
68400005.000000,2.186E+4,
68600005.000000,2.219E+4,
68800005.000000,2.236E+4,
69000005.000000,2.206E+4,
69200005.000000,2.224E+4,
69400005.000000,2.222E+4,
69600005.000000,2.207E+4,
69800005.000000,2.244E+4,
70000005.000000,2.218E+4,
70200005.000000,2.239E+4,
70400006.000000,2.203E+4,
70600006.000000,2.255E+4,
70800006.000000,2.243E+4,
71000006.000000,2.225E+4,
71200006.000000,2.253E+4,
71400006.000000,2.233E+4,
71600006.000000,2.224E+4,
71800006.000000,2.206E+4,
72000006.000000,2.216E+4,
72200006.000000,2.242E+4,
72400006.000000,2.232E+4,
72600006.000000,2.236E+4,
72800006.000000,2.221E+4,
73000006.000000,2.184E+4,
73200006.000000,2.236E+4,
73400006.000000,2.205E+4,
73600006.000000,2.209E+4,
73800006.000000,2.233E+4,
74000006.000000,2.224E+4,
74200006.000000,2.209E+4,
74400006.000000,2.220E+4,
74600006.000000,2.234E+4,
74800006.000000,2.208E+4,
75000006.000000,2.216E+4,
75200006.000000,2.215E+4,
75400006.000000,2.205E+4,
75600006.000000,2.211E+4,
75800006.000000,2.216E+4,
76000006.000000,2.209E+4,
76200006.000000,2.220E+4,
76400006.000000,2.252E+4,
76600006.000000,2.225E+4,
76800006.000000,2.214E+4,
77000006.000000,2.212E+4,
77200006.000000,2.225E+4,
77400006.000000,2.230E+4,
77600006.000000,2.217E+4,
77800006.000000,2.218E+4,
78000006.000000,2.179E+4,
78200006.000000,2.217E+4,
78400006.000000,2.223E+4,
78600006.000000,2.217E+4,
78800006.000000,2.213E+4,
79000006.000000,2.186E+4,
79200006.000000,2.221E+4,
79400006.000000,2.184E+4,
79600006.000000,2.224E+4,
79800006.000000,2.204E+4,
80000006.000000,2.232E+4,
80200006.000000,2.224E+4,
80400006.000000,2.204E+4,
80600006.000000,2.227E+4,
80800006.000000,2.219E+4,
81000006.000000,2.216E+4,
81200006.000000,2.212E+4,
81400006.000000,2.209E+4,
81600006.000000,2.237E+4,
81800006.000000,2.215E+4,
82000006.000000,2.236E+4,
82200006.000000,2.249E+4,
82400006.000000,2.233E+4,
82600006.000000,2.209E+4,
82800006.000000,2.218E+4,
83000006.000000,2.242E+4,
83200007.000000,2.228E+4,
83400007.000000,2.230E+4,
83600007.000000,2.274E+4,
83800007.000000,2.230E+4,
84000007.000000,2.240E+4,
84200007.000000,2.214E+4,
84400007.000000,2.259E+4,
84600007.000000,2.228E+4,
84800007.000000,2.255E+4,
85000007.000000,2.230E+4,
85200007.000000,2.253E+4,
85400007.000000,2.220E+4,
85600007.000000,2.237E+4,
85800007.000000,2.235E+4,
86000007.000000,2.242E+4,
86200007.000000,2.245E+4,
86400007.000000,2.250E+4,
86600007.000000,2.249E+4,
86800007.000000,2.199E+4,
87000007.000000,2.215E+4,
87200007.000000,2.244E+4,
87400007.000000,2.234E+4,
87600007.000000,2.235E+4,
87800007.000000,2.247E+4,
88000007.000000,2.264E+4,
88200007.000000,2.229E+4,
88400007.000000,2.205E+4,
88600007.000000,2.212E+4,
88800007.000000,2.216E+4,
89000007.000000,2.209E+4,
89200007.000000,2.214E+4,
89400007.000000,2.221E+4,
89600007.000000,2.225E+4,
89800007.000000,2.221E+4,
90000007.000000,2.217E+4,
90200007.000000,2.172E+4,
90400007.000000,2.221E+4,
90600007.000000,2.227E+4,
90800007.000000,2.196E+4,
91000007.000000,2.179E+4,
91200007.000000,2.183E+4,
91400007.000000,2.180E+4,
91600007.000000,2.178E+4,
91800007.000000,2.188E+4,
92000007.000000,2.197E+4,
92200007.000000,2.167E+4,
92400007.000000,2.181E+4,
92600007.000000,2.191E+4,
92800007.000000,2.190E+4,
93000007.000000,2.198E+4,
93200007.000000,2.195E+4,
93400007.000000,2.200E+4,
93600007.000000,2.209E+4,
93800007.000000,2.207E+4,
94000007.000000,2.181E+4,
94200007.000000,2.191E+4,
94400007.000000,2.176E+4,
94600007.000000,2.183E+4,
94800007.000000,2.185E+4,
95000007.000000,2.178E+4,
95200007.000000,2.202E+4,
95400007.000000,2.184E+4,
95600007.000000,2.186E+4,
95800007.000000,2.223E+4,
96000008.000000,2.202E+4,
96200008.000000,2.218E+4,
96400008.000000,2.210E+4,
96600008.000000,2.179E+4,
96800008.000000,2.203E+4,
97000008.000000,2.200E+4,
97200008.000000,2.210E+4,
97400008.000000,2.220E+4,
97600008.000000,2.229E+4,
97800008.000000,2.226E+4,
98000008.000000,2.232E+4,
98200008.000000,2.218E+4,
98400008.000000,2.204E+4,
98600008.000000,2.202E+4,
98800008.000000,2.214E+4,
99000008.000000,2.183E+4,
99200008.000000,2.244E+4,
99400008.000000,2.200E+4,
99600008.000000,2.205E+4,
99800008.000000,2.220E+4,
1E08,2.281E+4,
1.002E008,2.211E+4,
1.004E008,2.231E+4,
1.006E008,2.206E+4,
1.008E008,2.245E+4,
1.01E08,2.232E+4,
1.012E008,2.222E+4,
1.014E008,2.224E+4,
1.016E008,2.232E+4,
1.018E008,2.203E+4,
1.02E08,2.246E+4,
1.022E008,2.216E+4,
1.024E008,2.238E+4,
1.026E008,2.227E+4,
1.028E008,2.216E+4,
1.03E08,2.223E+4,
1.032E008,2.217E+4,
1.034E008,2.229E+4,
1.036E008,2.246E+4,
1.038E008,2.203E+4,
1.04E08,2.197E+4,
1.042E008,2.207E+4,
1.044E008,2.208E+4,
1.046E008,2.206E+4,
1.048E008,2.243E+4,
1.05E08,2.173E+4,
1.052E008,2.214E+4,
1.054E008,2.171E+4,
1.056E008,2.219E+4,
1.058E008,2.235E+4,
1.06E08,2.185E+4,
1.062E008,2.218E+4,
1.064E008,2.217E+4,
1.066E008,2.189E+4,
1.068E008,2.176E+4,
1.07E08,2.221E+4,
1.072E008,2.195E+4,
1.074E008,2.204E+4,
1.076E008,2.163E+4,
1.078E008,2.153E+4,
1.08E08,2.208E+4,
1.082E008,2.186E+4,
1.084E008,2.196E+4,
1.086E008,2.182E+4,
1.088E008,2.229E+4,
1.09E08,2.218E+4,
1.092E008,2.206E+4,
1.094E008,2.221E+4,
1.096E008,2.200E+4,
1.098E008,2.185E+4,
1.1E08,2.167E+4,
1.102E008,2.195E+4,
1.104E008,2.180E+4,
1.106E008,2.239E+4,
1.108E008,2.216E+4,
1.11E08,2.219E+4,
1.112E008,2.234E+4,
1.114E008,2.205E+4,
1.116E008,2.209E+4,
1.118E008,2.229E+4,
1.12E08,2.210E+4,
1.122E008,2.207E+4,
1.124E008,2.191E+4,
1.126E008,2.217E+4,
1.128E008,2.201E+4,
1.13E08,2.222E+4,
1.132E008,2.196E+4,
1.134E008,2.218E+4,
1.136E008,2.214E+4,
1.138E008,2.203E+4,
1.14E08,2.219E+4,
1.142E008,2.180E+4,
1.144E008,2.191E+4,
1.146E008,2.205E+4,
1.148E008,2.209E+4,
1.15E08,2.185E+4,
1.152E008,2.230E+4,
1.154E008,2.210E+4,
1.156E008,2.188E+4,
1.158E008,2.181E+4,
1.16E08,2.170E+4,
1.162E008,2.182E+4,
1.164E008,2.202E+4,
1.166E008,2.202E+4,
1.168E008,2.187E+4,
1.17E08,2.189E+4,
1.172E008,2.194E+4,
1.174E008,2.177E+4,
1.176E008,2.202E+4,
1.178E008,2.182E+4,
1.18E08,2.193E+4,
1.182E008,2.176E+4,
1.184E008,2.209E+4,
1.186E008,2.197E+4,
1.188E008,2.205E+4,
1.19E08,2.192E+4,
1.192E008,2.200E+4,
1.194E008,2.205E+4,
1.196E008,2.201E+4,
1.198E008,2.188E+4,
1.2E08,2.169E+4,
1.202E008,2.189E+4,
1.204E008,2.183E+4,
1.206E008,2.182E+4,
1.208E008,2.169E+4,
1.21E08,2.206E+4,
1.212E008,2.186E+4,
1.214E008,2.207E+4,
1.216E008,2.169E+4,
1.218E008,2.208E+4,
1.22E08,2.164E+4,
1.222E008,2.184E+4,
1.224E008,2.204E+4,
1.226E008,2.213E+4,
1.228E008,2.165E+4,
1.23E08,2.233E+4,
1.232E008,2.239E+4,
1.234E008,2.222E+4,
1.236E008,2.210E+4,
1.238E008,2.217E+4,
1.24E08,2.215E+4,
1.242E008,2.209E+4,
1.244E008,2.165E+4,
1.246E008,2.201E+4,
1.248E008,2.199E+4,
1.25E08,2.192E+4,
1.252E008,2.225E+4,
1.254E008,2.242E+4,
1.256E008,2.212E+4,
1.258E008,2.186E+4,
1.26E08,2.204E+4,
1.262E008,2.208E+4,
1.264E008,2.230E+4,
1.266E008,2.227E+4,
1.268E008,2.197E+4,
1.27E08,2.234E+4,
1.272E008,2.200E+4,
1.274E008,2.193E+4,
1.276E008,2.193E+4,
1.278E008,2.209E+4,
1.28E08,2.191E+4,
1.282E008,2.184E+4,
1.284E008,2.204E+4,
1.286E008,2.196E+4,
1.288E008,2.190E+4,
1.29E08,2.205E+4,
1.292E008,2.190E+4,
1.294E008,2.199E+4,
1.296E008,2.198E+4,
1.298E008,2.183E+4,
1.3E08,2.196E+4,
1.302E008,2.176E+4,
1.304E008,2.202E+4,
1.306E008,2.191E+4,
1.308E008,2.182E+4,
1.31E08,2.209E+4,
1.312E008,2.174E+4,
1.314E008,2.189E+4,
1.316E008,2.208E+4,
1.318E008,2.203E+4,
1.32E08,2.195E+4,
1.322E008,2.176E+4,
1.324E008,2.187E+4,
1.326E008,2.171E+4,
1.328E008,2.185E+4,
1.33E08,2.186E+4,
1.332E008,2.176E+4,
1.334E008,2.168E+4,
1.336E008,2.189E+4,
1.338E008,2.193E+4,
1.34E08,2.197E+4,
1.342E008,2.212E+4,
1.344E008,2.200E+4,
1.346E008,2.173E+4,
1.348E008,2.220E+4,
1.35E08,2.166E+4,
1.352E008,2.216E+4,
1.354E008,2.219E+4,
1.356E008,2.203E+4,
1.358E008,2.195E+4,
1.36E08,2.186E+4,
1.362E008,2.183E+4,
1.364E008,2.233E+4,
1.366E008,2.202E+4,
1.368E008,2.213E+4,
1.37E08,2.233E+4,
1.372E008,2.214E+4,
1.374E008,2.214E+4,
1.376E008,2.221E+4,
1.378E008,2.246E+4,
1.38E08,2.234E+4,
1.382E008,2.224E+4,
1.384E008,2.211E+4,
1.386E008,2.251E+4,
1.388E008,2.234E+4,
1.39E08,2.223E+4,
1.392E008,2.229E+4,
1.394E008,2.236E+4,
1.396E008,2.225E+4,
1.398E008,2.256E+4,
1.4E08,2.197E+4,
1.402E008,2.251E+4,
1.404E008,2.250E+4,
1.406E008,2.215E+4,
1.408E008,2.235E+4,
1.41E08,2.252E+4,
1.412E008,2.231E+4,
1.414E008,2.232E+4,
1.416E008,2.227E+4,
1.418E008,2.236E+4,
1.42E08,2.211E+4,
1.422E008,2.231E+4,
1.424E008,2.251E+4,
1.426E008,2.200E+4,
1.428E008,2.221E+4,
1.43E08,2.231E+4,
1.432E008,2.208E+4,
1.434E008,2.247E+4,
1.436E008,2.218E+4,
1.438E008,2.235E+4,
1.44E08,2.215E+4,
1.442E008,2.218E+4,
1.444E008,2.217E+4,
1.446E008,2.221E+4,
1.448E008,2.219E+4,
1.45E08,2.201E+4,
1.452E008,2.212E+4,
1.454E008,2.200E+4,
1.456E008,2.175E+4,
1.458E008,2.193E+4,
1.46E08,2.199E+4,
1.462E008,2.197E+4,
1.464E008,2.210E+4,
1.466E008,2.176E+4,
1.468E008,2.199E+4,
1.47E08,2.217E+4,
1.472E008,2.187E+4,
1.474E008,2.176E+4,
1.476E008,2.201E+4,
1.478E008,2.231E+4,
1.48E08,2.211E+4,
1.482E008,2.201E+4,
1.484E008,2.191E+4,
1.486E008,2.224E+4,
1.488E008,2.201E+4,
1.49E08,2.185E+4,
1.492E008,2.216E+4,
1.494E008,2.196E+4,
1.496E008,2.260E+4,
1.498E008,2.193E+4,
1.5E08,2.205E+4,
1.502E008,2.249E+4,
1.504E008,2.185E+4,
1.506E008,2.219E+4,
1.508E008,2.211E+4,
1.51E08,2.210E+4,
1.512E008,2.218E+4,
1.514E008,2.237E+4,
1.516E008,2.210E+4,
1.518E008,2.206E+4,
1.52E08,2.204E+4,
1.522E008,2.241E+4,
1.524E008,2.197E+4,
1.526E008,2.213E+4,
1.528E008,2.228E+4,
1.53E08,2.230E+4,
1.532E008,2.227E+4,
1.534E008,2.210E+4,
1.536E008,2.244E+4,
1.538E008,2.206E+4,
1.54E08,2.222E+4,
1.542E008,2.233E+4,
1.544E008,2.191E+4,
1.546E008,2.249E+4,
1.548E008,2.192E+4,
1.55E08,2.228E+4,
1.552E008,2.217E+4,
1.554E008,2.215E+4,
1.556E008,2.225E+4,
1.558E008,2.226E+4,
1.56E08,2.206E+4,
1.562E008,2.204E+4,
1.564E008,2.200E+4,
1.566E008,2.234E+4,
1.568E008,2.201E+4,
1.57E08,2.223E+4,
1.572E008,2.224E+4,
1.574E008,2.183E+4,
1.576E008,2.203E+4,
1.578E008,2.227E+4,
1.58E08,2.213E+4,
1.582E008,2.196E+4,
1.584E008,2.217E+4,
1.586E008,2.238E+4,
1.588E008,2.197E+4,
1.59E08,2.221E+4,
1.592E008,2.220E+4,
1.594E008,2.180E+4,
1.596E008,2.223E+4,
1.598E008,2.237E+4,
1.6E08,2.200E+4,
1.602E008,2.203E+4,
1.604E008,2.225E+4,
1.606E008,2.170E+4,
1.608E008,2.233E+4,
1.61E08,2.236E+4,
1.612E008,2.243E+4,
1.614E008,2.238E+4,
1.616E008,2.248E+4,
1.618E008,2.233E+4,
1.62E08,2.234E+4,
1.622E008,2.230E+4,
1.624E008,2.229E+4,
1.626E008,2.219E+4,
1.628E008,2.261E+4,
1.63E08,2.256E+4,
1.632E008,2.226E+4,
1.634E008,2.261E+4,
1.636E008,2.232E+4,
1.638E008,2.231E+4,
1.64E08,2.233E+4,
1.642E008,2.252E+4,
1.644E008,2.263E+4,
1.646E008,2.288E+4,
1.648E008,2.251E+4,
1.65E08,2.242E+4,
1.652E008,2.260E+4,
1.654E008,2.270E+4,
1.656E008,2.274E+4,
1.658E008,2.222E+4,
1.66E08,2.239E+4,
1.662E008,2.242E+4,
1.664E008,2.236E+4,
1.666E008,2.223E+4,
1.668E008,2.260E+4,
1.67E08,2.231E+4,
1.672E008,2.242E+4,
1.674E008,2.233E+4,
1.676E008,2.224E+4,
1.678E008,2.230E+4,
1.68E08,2.238E+4,
1.682E008,2.200E+4,
1.684E008,2.196E+4,
1.686E008,2.235E+4,
1.688E008,2.221E+4,
1.69E08,2.220E+4,
1.692E008,2.202E+4,
1.694E008,2.211E+4,
1.696E008,2.230E+4,
1.698E008,2.229E+4,
1.7E08,2.205E+4,
1.702E008,2.218E+4,
1.704E008,2.199E+4,
1.706E008,2.200E+4,
1.708E008,2.204E+4,
1.71E08,2.211E+4,
1.712E008,2.205E+4,
1.714E008,2.277E+4,
1.716E008,2.197E+4,
1.718E008,2.214E+4,
1.72E08,2.202E+4,
1.722E008,2.237E+4,
1.724E008,2.228E+4,
1.726E008,2.219E+4,
1.728E008,2.223E+4,
1.73E08,2.217E+4,
1.732E008,2.231E+4,
1.734E008,2.208E+4,
1.736E008,2.223E+4,
1.738E008,2.208E+4,
1.74E08,2.208E+4,
1.742E008,2.210E+4,
1.744E008,2.225E+4,
1.746E008,2.188E+4,
1.748E008,2.197E+4,
1.75E08,2.202E+4,
1.752E008,2.188E+4,
1.754E008,2.230E+4,
1.756E008,2.226E+4,
1.758E008,2.211E+4,
1.76E08,2.234E+4,
1.762E008,2.220E+4,
1.764E008,2.225E+4,
1.766E008,2.227E+4,
1.768E008,2.242E+4,
1.77E08,2.235E+4,
1.772E008,2.225E+4,
1.774E008,2.226E+4,
1.776E008,2.260E+4,
1.778E008,2.252E+4,
1.78E08,2.220E+4,
1.782E008,2.216E+4,
1.784E008,2.212E+4,
1.786E008,2.231E+4,
1.788E008,2.255E+4,
1.79E08,2.226E+4,
1.792E008,2.255E+4,
1.794E008,2.254E+4,
1.796E008,2.251E+4,
1.798E008,2.252E+4,
1.8E08,2.254E+4,
1.802E008,2.245E+4,
1.804E008,2.256E+4,
1.806E008,2.227E+4,
1.808E008,2.259E+4,
1.81E08,2.243E+4,
1.812E008,2.264E+4,
1.814E008,2.225E+4,
1.816E008,2.254E+4,
1.818E008,2.218E+4,
1.82E08,2.252E+4,
1.822E008,2.253E+4,
1.824E008,2.220E+4,
1.826E008,2.226E+4,
1.828E008,2.225E+4,
1.83E08,2.231E+4,
1.832E008,2.247E+4,
1.834E008,2.214E+4,
1.836E008,2.220E+4,
1.838E008,2.219E+4,
1.84E08,2.248E+4,
1.842E008,2.219E+4,
1.844E008,2.210E+4,
1.846E008,2.212E+4,
1.848E008,2.197E+4,
1.85E08,2.218E+4,
1.852E008,2.201E+4,
1.854E008,2.227E+4,
1.856E008,2.221E+4,
1.858E008,2.240E+4,
1.86E08,2.235E+4,
1.862E008,2.205E+4,
1.864E008,2.209E+4,
1.866E008,2.229E+4,
1.868E008,2.208E+4,
1.87E08,2.220E+4,
1.872E008,2.194E+4,
1.874E008,2.233E+4,
1.876E008,2.229E+4,
1.878E008,2.226E+4,
1.88E08,2.240E+4,
1.882E008,2.260E+4,
1.884E008,2.217E+4,
1.886E008,2.212E+4,
1.888E008,2.211E+4,
1.89E08,2.236E+4,
1.892E008,2.209E+4,
1.894E008,2.224E+4,
1.896E008,2.224E+4,
1.898E008,2.263E+4,
1.9E08,2.232E+4,
1.902E008,2.243E+4,
1.904E008,2.219E+4,
1.906E008,2.239E+4,
1.908E008,2.236E+4,
1.91E08,2.252E+4,
1.912E008,2.238E+4,
1.914E008,2.246E+4,
1.916E008,2.229E+4,
1.918E008,2.223E+4,
1.92E08,2.253E+4,
1.922E008,2.282E+4,
1.924E008,2.218E+4,
1.926E008,2.257E+4,
1.928E008,2.246E+4,
1.93E08,2.255E+4,
1.932E008,2.219E+4,
1.934E008,2.257E+4,
1.936E008,2.217E+4,
1.938E008,2.196E+4,
1.94E08,2.221E+4,
1.942E008,2.260E+4,
1.944E008,2.251E+4,
1.946E008,2.249E+4,
1.948E008,2.227E+4,
1.95E08,2.232E+4,
1.952E008,2.250E+4,
1.954E008,2.236E+4,
1.956E008,2.216E+4,
1.958E008,2.247E+4,
1.96E08,2.245E+4,
1.962E008,2.237E+4,
1.964E008,2.212E+4,
1.966E008,2.214E+4,
1.968E008,2.242E+4,
1.97E08,2.220E+4,
1.972E008,2.185E+4,
1.974E008,2.229E+4,
1.976E008,2.214E+4,
1.978E008,2.221E+4,
1.98E08,2.231E+4,
1.982E008,2.229E+4,
1.984E008,2.217E+4,
1.986E008,2.223E+4,
1.988E008,2.225E+4,
1.99E08,2.191E+4,
1.992E008,2.231E+4,
1.994E008,2.234E+4,
1.996E008,2.231E+4,
1.998E008,2.227E+4,
