Labels,T28_2ms,
Type,Time Scan,
Comment,,
Start,0.00,
Stop,1.998E008,
Step,2E05,
Fixed/Offset, ,
XAxis,Time,
YAxis,Counts,

0.00,3.968E+4,
2E05,3.820E+5,
4E05,6.851E+5,
6E05,8.607E+5,
800000.060000,9.541E+5,
1E06,9.962E+5,
1.2E06,1.008E+6,
1.4E06,1.015E+6,
1.6E06,1.016E+6,
1.8E06,1.018E+6,
2E06,1.017E+6,
2.2E06,1.011E+6,
2.4E06,1.011E+6,
2.6E06,1.013E+6,
2.8E06,1.014E+6,
3E06,1.016E+6,
3.2E06,1.018E+6,
3.4E06,1.020E+6,
3.6E06,1.020E+6,
3.8E06,1.022E+6,
4E06,1.023E+6,
4.2E06,1.024E+6,
4.4E06,1.026E+6,
4.6E06,1.026E+6,
4.8E06,1.027E+6,
5E06,1.028E+6,
5.2E06,1.028E+6,
5.4E06,1.028E+6,
5.6E06,1.028E+6,
5.8E06,1.030E+6,
6E06,1.030E+6,
6.2E06,1.030E+6,
6400000.500000,1.029E+6,
6600000.500000,1.028E+6,
6800000.500000,1.029E+6,
7000000.500000,1.027E+6,
7200000.600000,1.027E+6,
7400000.600000,1.027E+6,
7600000.600000,1.028E+6,
7800000.600000,1.024E+6,
8000000.600000,1.023E+6,
8200000.600000,1.022E+6,
8400000.700000,1.020E+6,
8600000.700000,1.017E+6,
8800000.700000,1.015E+6,
9000000.700000,1.015E+6,
9200000.700000,1.013E+6,
9400000.700000,1.010E+6,
9600000.800000,1.007E+6,
9800000.800000,1.004E+6,
1E07,1.002E+6,
1.02E07,9.996E+5,
1.04E07,9.957E+5,
1.06E07,9.934E+5,
1.08E07,9.893E+5,
1.1E07,9.856E+5,
1.12E07,9.820E+5,
1.14E07,9.786E+5,
1.16E07,9.742E+5,
1.18E07,9.701E+5,
1.2E07,9.656E+5,
1.22E07,9.598E+5,
1.24E07,9.561E+5,
1.26E07,9.514E+5,
1.28E07,9.454E+5,
1.3E07,9.417E+5,
1.32E07,9.350E+5,
1.34E07,9.309E+5,
1.36E07,9.255E+5,
1.38E07,9.198E+5,
1.4E07,9.131E+5,
1.42E07,9.083E+5,
1.44E07,9.034E+5,
1.46E07,8.963E+5,
1.48E07,8.899E+5,
1.5E07,8.832E+5,
1.52E07,8.780E+5,
1.54E07,8.716E+5,
1.56E07,8.648E+5,
1.58E07,8.597E+5,
1.6E07,8.527E+5,
1.62E07,8.446E+5,
1.64E07,8.387E+5,
1.66E07,8.314E+5,
1.68E07,8.246E+5,
1.7E07,8.168E+5,
1.72E07,8.114E+5,
1.74E07,8.046E+5,
1.76E07,7.962E+5,
1.78E07,7.896E+5,
1.8E07,7.825E+5,
1.82E07,7.769E+5,
1.84E07,7.683E+5,
1.86E07,7.606E+5,
1.88E07,7.526E+5,
1.9E07,7.477E+5,
1.92E07,7.396E+5,
1.94E07,7.328E+5,
1.96E07,7.255E+5,
1.98E07,7.182E+5,
2E07,7.111E+5,
2.02E07,7.043E+5,
2.04E07,6.958E+5,
2.06E07,6.891E+5,
2.08E07,6.817E+5,
2.1E07,6.734E+5,
2.12E07,6.675E+5,
2.14E07,6.595E+5,
2.16E07,6.522E+5,
2.18E07,6.459E+5,
2.2E07,6.395E+5,
2.22E07,6.307E+5,
2.24E07,6.236E+5,
2.26E07,6.172E+5,
2.28E07,6.095E+5,
2.3E07,6.034E+5,
2.32E07,5.969E+5,
2.34E07,5.893E+5,
2.36E07,5.820E+5,
2.38E07,5.764E+5,
2.4E07,5.691E+5,
2.42E07,5.630E+5,
2.44E07,5.569E+5,
2.46E07,5.497E+5,
2.48E07,5.432E+5,
2.5E07,5.366E+5,
2.52E07,5.303E+5,
2.54E07,5.238E+5,
2.56E07,5.173E+5,
2.58E07,5.104E+5,
2.6E07,5.055E+5,
2.62E07,4.979E+5,
2.64E07,4.932E+5,
2.66E07,4.867E+5,
2.68E07,4.808E+5,
2.7E07,4.749E+5,
2.72E07,4.697E+5,
2.74E07,4.627E+5,
2.76E07,4.574E+5,
2.78E07,4.512E+5,
2.8E07,4.452E+5,
2.82E07,4.398E+5,
2.84E07,4.345E+5,
2.86E07,4.282E+5,
2.88E07,4.233E+5,
2.9E07,4.180E+5,
2.92E07,4.114E+5,
2.94E07,4.065E+5,
2.96E07,4.015E+5,
2.98E07,3.960E+5,
3E07,3.901E+5,
3.02E07,3.852E+5,
3.04E07,3.802E+5,
3.06E07,3.749E+5,
3.08E07,3.700E+5,
3.1E07,3.652E+5,
3.12E07,3.613E+5,
3.14E07,3.554E+5,
3.16E07,3.516E+5,
3.18E07,3.464E+5,
3.2E07,3.410E+5,
3.22E07,3.374E+5,
3.24E07,3.323E+5,
3.26E07,3.278E+5,
3.28E07,3.237E+5,
3.3E07,3.192E+5,
3.32E07,3.154E+5,
3.34E07,3.106E+5,
3.36E07,3.055E+5,
3.38E07,3.018E+5,
3.4E07,2.979E+5,
3.42E07,2.930E+5,
3.44E07,2.889E+5,
3.46E07,2.852E+5,
3.48E07,2.812E+5,
3.5E07,2.773E+5,
3.52E07,2.728E+5,
3.54E07,2.688E+5,
3.56E07,2.645E+5,
3.58E07,2.612E+5,
3.6E07,2.567E+5,
3.62E07,2.544E+5,
3.64E07,2.495E+5,
3.66E07,2.471E+5,
3.68E07,2.430E+5,
3.7E07,2.399E+5,
3.72E07,2.353E+5,
3.74E07,2.326E+5,
3.76E07,2.288E+5,
3.78E07,2.248E+5,
3.8E07,2.224E+5,
3.82E07,2.196E+5,
3.84E07,2.153E+5,
3.86E07,2.128E+5,
3.88E07,2.104E+5,
3.9E07,2.065E+5,
3.92E07,2.032E+5,
3.94E07,2.014E+5,
3.96E07,1.978E+5,
3.98E07,1.945E+5,
4E07,1.916E+5,
4.02E07,1.898E+5,
4.04E07,1.870E+5,
4.06E07,1.832E+5,
4.08E07,1.811E+5,
4.1E07,1.785E+5,
4.12E07,1.752E+5,
4.14E07,1.719E+5,
4.16E07,1.703E+5,
4.18E07,1.673E+5,
4.2E07,1.657E+5,
4.22E07,1.625E+5,
4.24E07,1.602E+5,
4.26E07,1.578E+5,
4.28E07,1.553E+5,
4.3E07,1.529E+5,
4.32E07,1.506E+5,
4.34E07,1.480E+5,
4.36E07,1.461E+5,
4.38E07,1.445E+5,
4.4E07,1.413E+5,
4.42E07,1.392E+5,
4.44E07,1.373E+5,
4.46E07,1.356E+5,
4.48E07,1.337E+5,
4.5E07,1.311E+5,
4.52E07,1.293E+5,
4.54E07,1.264E+5,
4.56E07,1.254E+5,
4.58E07,1.230E+5,
4.6E07,1.215E+5,
4.62E07,1.194E+5,
4.64E07,1.181E+5,
4.66E07,1.157E+5,
4.68E07,1.145E+5,
4.7E07,1.124E+5,
4.72E07,1.109E+5,
4.74E07,1.093E+5,
4.76E07,1.077E+5,
4.78E07,1.061E+5,
4.8E07,1.044E+5,
4.82E07,1.025E+5,
4.84E07,1.015E+5,
4.86E07,9.960E+4,
4.88E07,9.740E+4,
4.9E07,9.619E+4,
4.92E07,9.526E+4,
4.94E07,9.394E+4,
4.96E07,9.252E+4,
4.98E07,9.112E+4,
5E07,8.981E+4,
5.02E07,8.817E+4,
5.04E07,8.716E+4,
5.06E07,8.620E+4,
5.08E07,8.426E+4,
5.1E07,8.356E+4,
5.12E07,8.232E+4,
5.14E07,8.021E+4,
5.16E07,7.963E+4,
5.18E07,7.807E+4,
5.2E07,7.681E+4,
5.22E07,7.621E+4,
5.24E07,7.551E+4,
5.26E07,7.397E+4,
5.28E07,7.274E+4,
5.3E07,7.211E+4,
5.32E07,7.081E+4,
5.34E07,6.916E+4,
5.36E07,6.850E+4,
5.38E07,6.765E+4,
5.4E07,6.678E+4,
5.42E07,6.542E+4,
5.44E07,6.437E+4,
5.46E07,6.346E+4,
5.48E07,6.270E+4,
5.5E07,6.183E+4,
5.52E07,6.118E+4,
5.54E07,6.052E+4,
5.56E07,5.929E+4,
5.58E07,5.842E+4,
5.6E07,5.734E+4,
5.62E07,5.663E+4,
5.64E07,5.598E+4,
5.66E07,5.529E+4,
5.68E07,5.417E+4,
5.7E07,5.350E+4,
5.72E07,5.350E+4,
5.74E07,5.272E+4,
5.76E07,5.120E+4,
5.78E07,5.079E+4,
5.8E07,4.972E+4,
5.82E07,4.910E+4,
5.84E07,4.857E+4,
5.86E07,4.802E+4,
5.88E07,4.780E+4,
5.9E07,4.723E+4,
5.92E07,4.621E+4,
5.94E07,4.543E+4,
5.96E07,4.488E+4,
5.98E07,4.431E+4,
6E07,4.356E+4,
6.02E07,4.324E+4,
6.04E07,4.276E+4,
6.06E07,4.187E+4,
6.08E07,4.119E+4,
6.1E07,4.074E+4,
6.12E07,4.052E+4,
6.14E07,3.953E+4,
6.16E07,3.923E+4,
6.18E07,3.929E+4,
6.2E07,3.860E+4,
6.22E07,3.791E+4,
6.24E07,3.717E+4,
6.26E07,3.655E+4,
6.28E07,3.650E+4,
6.3E07,3.634E+4,
6.32E07,3.539E+4,
6.34E07,3.478E+4,
6.36E07,3.490E+4,
6.38E07,3.425E+4,
64000005.000000,3.414E+4,
64200005.000000,3.312E+4,
64400005.000000,3.302E+4,
64600005.000000,3.254E+4,
64800005.000000,3.220E+4,
65000005.000000,3.168E+4,
65200005.000000,3.117E+4,
65400005.000000,3.105E+4,
65600005.000000,3.059E+4,
65800005.000000,3.005E+4,
66000005.000000,2.944E+4,
66200005.000000,2.928E+4,
66400005.000000,2.915E+4,
66600005.000000,2.915E+4,
66800005.000000,2.856E+4,
67000005.000000,2.837E+4,
67200005.000000,2.759E+4,
67400005.000000,2.767E+4,
67600005.000000,2.759E+4,
67800005.000000,2.692E+4,
68000005.000000,2.671E+4,
68200005.000000,2.626E+4,
68400005.000000,2.614E+4,
68600005.000000,2.604E+4,
68800005.000000,2.538E+4,
69000005.000000,2.540E+4,
69200005.000000,2.519E+4,
69400005.000000,2.476E+4,
69600005.000000,2.467E+4,
69800005.000000,2.418E+4,
70000005.000000,2.390E+4,
70200005.000000,2.388E+4,
70400006.000000,2.357E+4,
70600006.000000,2.330E+4,
70800006.000000,2.305E+4,
71000006.000000,2.302E+4,
71200006.000000,2.234E+4,
71400006.000000,2.202E+4,
71600006.000000,2.233E+4,
71800006.000000,2.205E+4,
72000006.000000,2.163E+4,
72200006.000000,2.170E+4,
72400006.000000,2.126E+4,
72600006.000000,2.117E+4,
72800006.000000,2.083E+4,
73000006.000000,2.090E+4,
73200006.000000,2.049E+4,
73400006.000000,2.030E+4,
73600006.000000,2.026E+4,
73800006.000000,1.999E+4,
74000006.000000,1.972E+4,
74200006.000000,1.930E+4,
74400006.000000,1.952E+4,
74600006.000000,1.915E+4,
74800006.000000,1.935E+4,
75000006.000000,1.904E+4,
75200006.000000,1.892E+4,
75400006.000000,1.873E+4,
75600006.000000,1.880E+4,
75800006.000000,1.826E+4,
76000006.000000,1.826E+4,
76200006.000000,1.790E+4,
76400006.000000,1.814E+4,
76600006.000000,1.771E+4,
76800006.000000,1.747E+4,
77000006.000000,1.762E+4,
77200006.000000,1.736E+4,
77400006.000000,1.728E+4,
77600006.000000,1.702E+4,
77800006.000000,1.676E+4,
78000006.000000,1.678E+4,
78200006.000000,1.675E+4,
78400006.000000,1.670E+4,
78600006.000000,1.662E+4,
78800006.000000,1.626E+4,
79000006.000000,1.637E+4,
79200006.000000,1.614E+4,
79400006.000000,1.579E+4,
79600006.000000,1.585E+4,
79800006.000000,1.581E+4,
80000006.000000,1.582E+4,
80200006.000000,1.577E+4,
80400006.000000,1.559E+4,
80600006.000000,1.512E+4,
80800006.000000,1.538E+4,
81000006.000000,1.510E+4,
81200006.000000,1.486E+4,
81400006.000000,1.498E+4,
81600006.000000,1.471E+4,
81800006.000000,1.510E+4,
82000006.000000,1.488E+4,
82200006.000000,1.476E+4,
82400006.000000,1.441E+4,
82600006.000000,1.451E+4,
82800006.000000,1.438E+4,
83000006.000000,1.429E+4,
83200007.000000,1.443E+4,
83400007.000000,1.410E+4,
83600007.000000,1.398E+4,
83800007.000000,1.423E+4,
84000007.000000,1.377E+4,
84200007.000000,1.380E+4,
84400007.000000,1.377E+4,
84600007.000000,1.376E+4,
84800007.000000,1.353E+4,
85000007.000000,1.343E+4,
85200007.000000,1.361E+4,
85400007.000000,1.337E+4,
85600007.000000,1.356E+4,
85800007.000000,1.345E+4,
86000007.000000,1.342E+4,
86200007.000000,1.332E+4,
86400007.000000,1.330E+4,
86600007.000000,1.297E+4,
86800007.000000,1.292E+4,
87000007.000000,1.310E+4,
87200007.000000,1.301E+4,
87400007.000000,1.287E+4,
87600007.000000,1.292E+4,
87800007.000000,1.283E+4,
88000007.000000,1.258E+4,
88200007.000000,1.259E+4,
88400007.000000,1.269E+4,
88600007.000000,1.260E+4,
88800007.000000,1.236E+4,
89000007.000000,1.255E+4,
89200007.000000,1.237E+4,
89400007.000000,1.234E+4,
89600007.000000,1.223E+4,
89800007.000000,1.243E+4,
90000007.000000,1.226E+4,
90200007.000000,1.218E+4,
90400007.000000,1.228E+4,
90600007.000000,1.217E+4,
90800007.000000,1.211E+4,
91000007.000000,1.198E+4,
91200007.000000,1.205E+4,
91400007.000000,1.191E+4,
91600007.000000,1.199E+4,
91800007.000000,1.212E+4,
92000007.000000,1.185E+4,
92200007.000000,1.173E+4,
92400007.000000,1.183E+4,
92600007.000000,1.142E+4,
92800007.000000,1.167E+4,
93000007.000000,1.163E+4,
93200007.000000,1.164E+4,
93400007.000000,1.151E+4,
93600007.000000,1.182E+4,
93800007.000000,1.151E+4,
94000007.000000,1.156E+4,
94200007.000000,1.141E+4,
94400007.000000,1.150E+4,
94600007.000000,1.159E+4,
94800007.000000,1.140E+4,
95000007.000000,1.133E+4,
95200007.000000,1.140E+4,
95400007.000000,1.128E+4,
95600007.000000,1.131E+4,
95800007.000000,1.129E+4,
96000008.000000,1.133E+4,
96200008.000000,1.106E+4,
96400008.000000,1.114E+4,
96600008.000000,1.102E+4,
96800008.000000,1.086E+4,
97000008.000000,1.125E+4,
97200008.000000,1.128E+4,
97400008.000000,1.094E+4,
97600008.000000,1.096E+4,
97800008.000000,1.107E+4,
98000008.000000,1.093E+4,
98200008.000000,1.106E+4,
98400008.000000,1.077E+4,
98600008.000000,1.093E+4,
98800008.000000,1.087E+4,
99000008.000000,1.094E+4,
99200008.000000,1.087E+4,
99400008.000000,1.073E+4,
99600008.000000,1.092E+4,
99800008.000000,1.073E+4,
1E08,1.093E+4,
1.002E008,1.070E+4,
1.004E008,1.073E+4,
1.006E008,1.063E+4,
1.008E008,1.054E+4,
1.01E08,1.073E+4,
1.012E008,1.064E+4,
1.014E008,1.054E+4,
1.016E008,1.067E+4,
1.018E008,1.058E+4,
1.02E08,1.063E+4,
1.022E008,1.047E+4,
1.024E008,1.054E+4,
1.026E008,1.052E+4,
1.028E008,1.058E+4,
1.03E08,1.061E+4,
1.032E008,1.051E+4,
1.034E008,1.035E+4,
1.036E008,1.056E+4,
1.038E008,1.046E+4,
1.04E08,1.044E+4,
1.042E008,1.048E+4,
1.044E008,1.022E+4,
1.046E008,1.034E+4,
1.048E008,1.033E+4,
1.05E08,1.058E+4,
1.052E008,1.055E+4,
1.054E008,1.023E+4,
1.056E008,1.036E+4,
1.058E008,1.022E+4,
1.06E08,1.026E+4,
1.062E008,1.016E+4,
1.064E008,1.053E+4,
1.066E008,1.031E+4,
1.068E008,1.033E+4,
1.07E08,1.037E+4,
1.072E008,1.014E+4,
1.074E008,1.034E+4,
1.076E008,1.026E+4,
1.078E008,1.008E+4,
1.08E08,1.010E+4,
1.082E008,1.033E+4,
1.084E008,1.042E+4,
1.086E008,1.028E+4,
1.088E008,1.026E+4,
1.09E08,1.014E+4,
1.092E008,1.037E+4,
1.094E008,1.043E+4,
1.096E008,1.028E+4,
1.098E008,1.025E+4,
1.1E08,1.005E+4,
1.102E008,1.010E+4,
1.104E008,1.004E+4,
1.106E008,1.001E+4,
1.108E008,9.965E+3,
1.11E08,1.007E+4,
1.112E008,9.996E+3,
1.114E008,1.013E+4,
1.116E008,9.989E+3,
1.118E008,9.896E+3,
1.12E08,9.958E+3,
1.122E008,1.016E+4,
1.124E008,1.010E+4,
1.126E008,1.009E+4,
1.128E008,1.017E+4,
1.13E08,9.926E+3,
1.132E008,1.010E+4,
1.134E008,9.949E+3,
1.136E008,9.979E+3,
1.138E008,9.967E+3,
1.14E08,9.941E+3,
1.142E008,1.001E+4,
1.144E008,1.002E+4,
1.146E008,1.013E+4,
1.148E008,1.001E+4,
1.15E08,9.881E+3,
1.152E008,9.965E+3,
1.154E008,1.007E+4,
1.156E008,9.841E+3,
1.158E008,9.967E+3,
1.16E08,1.012E+4,
1.162E008,9.939E+3,
1.164E008,9.915E+3,
1.166E008,9.832E+3,
1.168E008,9.970E+3,
1.17E08,9.810E+3,
1.172E008,9.946E+3,
1.174E008,9.821E+3,
1.176E008,9.914E+3,
1.178E008,9.932E+3,
1.18E08,9.766E+3,
1.182E008,9.832E+3,
1.184E008,9.963E+3,
1.186E008,9.806E+3,
1.188E008,9.945E+3,
1.19E08,9.819E+3,
1.192E008,9.824E+3,
1.194E008,9.849E+3,
1.196E008,9.831E+3,
1.198E008,9.796E+3,
1.2E08,9.932E+3,
1.202E008,9.952E+3,
1.204E008,1.006E+4,
1.206E008,9.846E+3,
1.208E008,9.701E+3,
1.21E08,9.835E+3,
1.212E008,9.978E+3,
1.214E008,9.663E+3,
1.216E008,9.736E+3,
1.218E008,9.729E+3,
1.22E08,9.792E+3,
1.222E008,9.790E+3,
1.224E008,9.939E+3,
1.226E008,9.948E+3,
1.228E008,9.791E+3,
1.23E08,9.937E+3,
1.232E008,9.988E+3,
1.234E008,9.913E+3,
1.236E008,9.936E+3,
1.238E008,9.790E+3,
1.24E08,9.784E+3,
1.242E008,9.954E+3,
1.244E008,9.896E+3,
1.246E008,9.745E+3,
1.248E008,9.838E+3,
1.25E08,9.878E+3,
1.252E008,9.740E+3,
1.254E008,9.883E+3,
1.256E008,9.700E+3,
1.258E008,9.653E+3,
1.26E08,9.844E+3,
1.262E008,9.717E+3,
1.264E008,9.678E+3,
1.266E008,9.985E+3,
1.268E008,9.706E+3,
1.27E08,9.655E+3,
1.272E008,9.818E+3,
1.274E008,9.822E+3,
1.276E008,9.776E+3,
1.278E008,9.802E+3,
1.28E08,9.780E+3,
1.282E008,9.577E+3,
1.284E008,9.652E+3,
1.286E008,9.740E+3,
1.288E008,9.691E+3,
1.29E08,9.865E+3,
1.292E008,9.534E+3,
1.294E008,9.735E+3,
1.296E008,9.920E+3,
1.298E008,9.737E+3,
1.3E08,9.733E+3,
1.302E008,9.722E+3,
1.304E008,9.816E+3,
1.306E008,9.659E+3,
1.308E008,9.608E+3,
1.31E08,9.682E+3,
1.312E008,9.710E+3,
1.314E008,9.559E+3,
1.316E008,9.796E+3,
1.318E008,9.913E+3,
1.32E08,9.742E+3,
1.322E008,9.754E+3,
1.324E008,9.557E+3,
1.326E008,9.793E+3,
1.328E008,9.716E+3,
1.33E08,9.668E+3,
1.332E008,9.485E+3,
1.334E008,9.706E+3,
1.336E008,9.707E+3,
1.338E008,9.678E+3,
1.34E08,9.477E+3,
1.342E008,9.708E+3,
1.344E008,9.728E+3,
1.346E008,9.542E+3,
1.348E008,9.780E+3,
1.35E08,9.661E+3,
1.352E008,9.734E+3,
1.354E008,9.781E+3,
1.356E008,9.663E+3,
1.358E008,9.695E+3,
1.36E08,9.824E+3,
1.362E008,9.863E+3,
1.364E008,9.596E+3,
1.366E008,9.754E+3,
1.368E008,9.677E+3,
1.37E08,9.530E+3,
1.372E008,9.709E+3,
1.374E008,9.740E+3,
1.376E008,9.894E+3,
1.378E008,9.690E+3,
1.38E08,9.654E+3,
1.382E008,9.775E+3,
1.384E008,9.556E+3,
1.386E008,9.511E+3,
1.388E008,9.596E+3,
1.39E08,9.789E+3,
1.392E008,9.573E+3,
1.394E008,9.836E+3,
1.396E008,9.909E+3,
1.398E008,9.719E+3,
1.4E08,9.504E+3,
1.402E008,9.640E+3,
1.404E008,9.572E+3,
1.406E008,9.476E+3,
1.408E008,9.661E+3,
1.41E08,9.936E+3,
1.412E008,9.629E+3,
1.414E008,9.672E+3,
1.416E008,9.738E+3,
1.418E008,9.824E+3,
1.42E08,9.905E+3,
1.422E008,9.775E+3,
1.424E008,9.881E+3,
1.426E008,9.705E+3,
1.428E008,9.645E+3,
1.43E08,9.807E+3,
1.432E008,9.833E+3,
1.434E008,9.735E+3,
1.436E008,9.697E+3,
1.438E008,9.717E+3,
1.44E08,9.769E+3,
1.442E008,9.765E+3,
1.444E008,9.713E+3,
1.446E008,9.729E+3,
1.448E008,9.422E+3,
1.45E08,9.504E+3,
1.452E008,9.724E+3,
1.454E008,9.691E+3,
1.456E008,9.467E+3,
1.458E008,9.612E+3,
1.46E08,9.589E+3,
1.462E008,9.506E+3,
1.464E008,9.828E+3,
1.466E008,9.488E+3,
1.468E008,9.639E+3,
1.47E08,9.692E+3,
1.472E008,9.655E+3,
1.474E008,9.491E+3,
1.476E008,9.622E+3,
1.478E008,9.662E+3,
1.48E08,9.842E+3,
1.482E008,9.513E+3,
1.484E008,9.656E+3,
1.486E008,9.659E+3,
1.488E008,9.573E+3,
1.49E08,9.456E+3,
1.492E008,9.598E+3,
1.494E008,9.521E+3,
1.496E008,9.589E+3,
1.498E008,9.526E+3,
1.5E08,9.610E+3,
1.502E008,9.553E+3,
1.504E008,9.797E+3,
1.506E008,9.600E+3,
1.508E008,9.720E+3,
1.51E08,9.543E+3,
1.512E008,9.663E+3,
1.514E008,9.655E+3,
1.516E008,9.766E+3,
1.518E008,9.694E+3,
1.52E08,9.577E+3,
1.522E008,9.748E+3,
1.524E008,9.597E+3,
1.526E008,9.614E+3,
1.528E008,9.538E+3,
1.53E08,9.511E+3,
1.532E008,9.463E+3,
1.534E008,9.657E+3,
1.536E008,9.517E+3,
1.538E008,9.622E+3,
1.54E08,9.531E+3,
1.542E008,9.496E+3,
1.544E008,9.529E+3,
1.546E008,9.660E+3,
1.548E008,9.717E+3,
1.55E08,9.755E+3,
1.552E008,9.719E+3,
1.554E008,9.625E+3,
1.556E008,9.704E+3,
1.558E008,9.570E+3,
1.56E08,9.590E+3,
1.562E008,9.823E+3,
1.564E008,9.602E+3,
1.566E008,9.339E+3,
1.568E008,9.762E+3,
1.57E08,9.852E+3,
1.572E008,9.568E+3,
1.574E008,9.518E+3,
1.576E008,9.679E+3,
1.578E008,9.502E+3,
1.58E08,9.586E+3,
1.582E008,9.522E+3,
1.584E008,9.612E+3,
1.586E008,9.751E+3,
1.588E008,9.611E+3,
1.59E08,9.828E+3,
1.592E008,9.452E+3,
1.594E008,9.471E+3,
1.596E008,9.796E+3,
1.598E008,9.697E+3,
1.6E08,9.749E+3,
1.602E008,9.722E+3,
1.604E008,9.730E+3,
1.606E008,9.871E+3,
1.608E008,9.488E+3,
1.61E08,9.468E+3,
1.612E008,9.721E+3,
1.614E008,9.574E+3,
1.616E008,9.611E+3,
1.618E008,9.697E+3,
1.62E08,9.564E+3,
1.622E008,9.495E+3,
1.624E008,9.696E+3,
1.626E008,9.548E+3,
1.628E008,9.646E+3,
1.63E08,9.712E+3,
1.632E008,9.594E+3,
1.634E008,9.558E+3,
1.636E008,9.654E+3,
1.638E008,9.592E+3,
1.64E08,9.648E+3,
1.642E008,9.765E+3,
1.644E008,9.565E+3,
1.646E008,9.637E+3,
1.648E008,9.819E+3,
1.65E08,9.777E+3,
1.652E008,9.486E+3,
1.654E008,9.527E+3,
1.656E008,9.701E+3,
1.658E008,9.578E+3,
1.66E08,9.527E+3,
1.662E008,9.411E+3,
1.664E008,9.549E+3,
1.666E008,9.874E+3,
1.668E008,9.615E+3,
1.67E08,9.474E+3,
1.672E008,9.684E+3,
1.674E008,9.652E+3,
1.676E008,9.660E+3,
1.678E008,9.716E+3,
1.68E08,9.664E+3,
1.682E008,9.701E+3,
1.684E008,9.687E+3,
1.686E008,9.488E+3,
1.688E008,9.541E+3,
1.69E08,9.565E+3,
1.692E008,9.742E+3,
1.694E008,9.932E+3,
1.696E008,9.619E+3,
1.698E008,9.545E+3,
1.7E08,9.723E+3,
1.702E008,9.703E+3,
1.704E008,9.500E+3,
1.706E008,9.611E+3,
1.708E008,9.849E+3,
1.71E08,9.515E+3,
1.712E008,9.496E+3,
1.714E008,9.758E+3,
1.716E008,9.635E+3,
1.718E008,9.613E+3,
1.72E08,9.592E+3,
1.722E008,9.648E+3,
1.724E008,9.495E+3,
1.726E008,9.559E+3,
1.728E008,9.595E+3,
1.73E08,9.719E+3,
1.732E008,9.703E+3,
1.734E008,9.577E+3,
1.736E008,9.776E+3,
1.738E008,9.684E+3,
1.74E08,9.616E+3,
1.742E008,9.708E+3,
1.744E008,9.549E+3,
1.746E008,9.671E+3,
1.748E008,9.551E+3,
1.75E08,9.464E+3,
1.752E008,9.596E+3,
1.754E008,9.603E+3,
1.756E008,9.518E+3,
1.758E008,9.579E+3,
1.76E08,9.625E+3,
1.762E008,9.553E+3,
1.764E008,9.615E+3,
1.766E008,9.674E+3,
1.768E008,9.429E+3,
1.77E08,9.601E+3,
1.772E008,9.711E+3,
1.774E008,9.565E+3,
1.776E008,9.633E+3,
1.778E008,9.638E+3,
1.78E08,9.616E+3,
1.782E008,9.672E+3,
1.784E008,9.543E+3,
1.786E008,9.548E+3,
1.788E008,9.708E+3,
1.79E08,9.626E+3,
1.792E008,9.528E+3,
1.794E008,9.640E+3,
1.796E008,9.689E+3,
1.798E008,9.782E+3,
1.8E08,9.418E+3,
1.802E008,9.503E+3,
1.804E008,9.659E+3,
1.806E008,9.623E+3,
1.808E008,9.595E+3,
1.81E08,9.598E+3,
1.812E008,9.459E+3,
1.814E008,9.769E+3,
1.816E008,9.673E+3,
1.818E008,9.478E+3,
1.82E08,9.548E+3,
1.822E008,9.497E+3,
1.824E008,9.673E+3,
1.826E008,9.638E+3,
1.828E008,9.548E+3,
1.83E08,9.731E+3,
1.832E008,9.598E+3,
1.834E008,9.671E+3,
1.836E008,9.607E+3,
1.838E008,9.532E+3,
1.84E08,9.354E+3,
1.842E008,9.476E+3,
1.844E008,9.716E+3,
1.846E008,9.665E+3,
1.848E008,9.624E+3,
1.85E08,9.592E+3,
1.852E008,9.594E+3,
1.854E008,9.535E+3,
1.856E008,9.519E+3,
1.858E008,9.550E+3,
1.86E08,9.599E+3,
1.862E008,9.548E+3,
1.864E008,9.494E+3,
1.866E008,9.694E+3,
1.868E008,9.498E+3,
1.87E08,9.726E+3,
1.872E008,9.436E+3,
1.874E008,9.611E+3,
1.876E008,9.597E+3,
1.878E008,9.576E+3,
1.88E08,9.867E+3,
1.882E008,9.506E+3,
1.884E008,9.646E+3,
1.886E008,9.751E+3,
1.888E008,9.534E+3,
1.89E08,9.561E+3,
1.892E008,9.698E+3,
1.894E008,9.412E+3,
1.896E008,9.481E+3,
1.898E008,9.602E+3,
1.9E08,9.581E+3,
1.902E008,9.706E+3,
1.904E008,9.615E+3,
1.906E008,9.741E+3,
1.908E008,9.630E+3,
1.91E08,9.588E+3,
1.912E008,9.486E+3,
1.914E008,9.519E+3,
1.916E008,9.737E+3,
1.918E008,9.680E+3,
1.92E08,9.726E+3,
1.922E008,9.524E+3,
1.924E008,9.689E+3,
1.926E008,9.546E+3,
1.928E008,9.873E+3,
1.93E08,9.563E+3,
1.932E008,9.640E+3,
1.934E008,9.573E+3,
1.936E008,9.679E+3,
1.938E008,9.608E+3,
1.94E08,9.677E+3,
1.942E008,9.765E+3,
1.944E008,9.454E+3,
1.946E008,9.671E+3,
1.948E008,9.795E+3,
1.95E08,9.433E+3,
1.952E008,9.677E+3,
1.954E008,9.481E+3,
1.956E008,9.345E+3,
1.958E008,9.664E+3,
1.96E08,9.725E+3,
1.962E008,9.735E+3,
1.964E008,9.810E+3,
1.966E008,9.683E+3,
1.968E008,9.562E+3,
1.97E08,9.654E+3,
1.972E008,9.453E+3,
1.974E008,9.618E+3,
1.976E008,9.778E+3,
1.978E008,9.632E+3,
1.98E08,9.462E+3,
1.982E008,9.446E+3,
1.984E008,9.653E+3,
1.986E008,9.723E+3,
1.988E008,9.436E+3,
1.99E08,9.691E+3,
1.992E008,9.689E+3,
1.994E008,9.516E+3,
1.996E008,9.586E+3,
1.998E008,9.585E+3,
