Labels,T29_100ms,
Type,Time Scan,
Comment,,
Start,0.00,
Stop,3.996E008,
Step,4E05,
Fixed/Offset, ,
XAxis,Time,
YAxis,Counts,

0.00,3.746E+4,
4E05,1.322E+5,
800000.060000,2.213E+5,
1.2E06,3.027E+5,
1.6E06,3.768E+5,
2E06,4.454E+5,
2.4E06,5.083E+5,
2.8E06,5.661E+5,
3.2E06,6.177E+5,
3.6E06,6.673E+5,
4E06,7.125E+5,
4.4E06,7.544E+5,
4.8E06,7.923E+5,
5.2E06,8.294E+5,
5.6E06,8.631E+5,
6E06,8.962E+5,
6400000.500000,9.299E+5,
6800000.500000,9.570E+5,
7200000.600000,9.804E+5,
7600000.600000,1.006E+6,
8000000.600000,1.027E+6,
8400000.700000,1.051E+6,
8800000.700000,1.073E+6,
9200000.700000,1.093E+6,
9600000.800000,1.111E+6,
1E07,1.127E+6,
1.04E07,1.144E+6,
1.08E07,1.161E+6,
1.12E07,1.177E+6,
1.16E07,1.191E+6,
1.2E07,1.202E+6,
1.24E07,1.216E+6,
1.28E07,1.229E+6,
1.32E07,1.240E+6,
1.36E07,1.251E+6,
1.4E07,1.264E+6,
1.44E07,1.271E+6,
1.48E07,1.281E+6,
1.52E07,1.291E+6,
1.56E07,1.299E+6,
1.6E07,1.308E+6,
1.64E07,1.315E+6,
1.68E07,1.323E+6,
1.72E07,1.329E+6,
1.76E07,1.338E+6,
1.8E07,1.344E+6,
1.84E07,1.350E+6,
1.88E07,1.355E+6,
1.92E07,1.361E+6,
1.96E07,1.366E+6,
2E07,1.371E+6,
2.04E07,1.377E+6,
2.08E07,1.380E+6,
2.12E07,1.385E+6,
2.16E07,1.391E+6,
2.2E07,1.393E+6,
2.24E07,1.398E+6,
2.28E07,1.401E+6,
2.32E07,1.404E+6,
2.36E07,1.408E+6,
2.4E07,1.411E+6,
2.44E07,1.417E+6,
2.48E07,1.419E+6,
2.52E07,1.420E+6,
2.56E07,1.423E+6,
2.6E07,1.428E+6,
2.64E07,1.427E+6,
2.68E07,1.430E+6,
2.72E07,1.432E+6,
2.76E07,1.435E+6,
2.8E07,1.436E+6,
2.84E07,1.439E+6,
2.88E07,1.441E+6,
2.92E07,1.444E+6,
2.96E07,1.446E+6,
3E07,1.448E+6,
3.04E07,1.448E+6,
3.08E07,1.451E+6,
3.12E07,1.451E+6,
3.16E07,1.453E+6,
3.2E07,1.454E+6,
3.24E07,1.456E+6,
3.28E07,1.457E+6,
3.32E07,1.458E+6,
3.36E07,1.461E+6,
3.4E07,1.461E+6,
3.44E07,1.463E+6,
3.48E07,1.463E+6,
3.52E07,1.464E+6,
3.56E07,1.464E+6,
3.6E07,1.467E+6,
3.64E07,1.467E+6,
3.68E07,1.468E+6,
3.72E07,1.469E+6,
3.76E07,1.470E+6,
3.8E07,1.470E+6,
3.84E07,1.470E+6,
3.88E07,1.472E+6,
3.92E07,1.472E+6,
3.96E07,1.473E+6,
4E07,1.473E+6,
4.04E07,1.474E+6,
4.08E07,1.475E+6,
4.12E07,1.475E+6,
4.16E07,1.477E+6,
4.2E07,1.477E+6,
4.24E07,1.477E+6,
4.28E07,1.478E+6,
4.32E07,1.478E+6,
4.36E07,1.478E+6,
4.4E07,1.479E+6,
4.44E07,1.479E+6,
4.48E07,1.478E+6,
4.52E07,1.479E+6,
4.56E07,1.480E+6,
4.6E07,1.479E+6,
4.64E07,1.480E+6,
4.68E07,1.481E+6,
4.72E07,1.480E+6,
4.76E07,1.483E+6,
4.8E07,1.481E+6,
4.84E07,1.483E+6,
4.88E07,1.484E+6,
4.92E07,1.484E+6,
4.96E07,1.484E+6,
5E07,1.483E+6,
5.04E07,1.483E+6,
5.08E07,1.482E+6,
5.12E07,1.484E+6,
5.16E07,1.483E+6,
5.2E07,1.484E+6,
5.24E07,1.485E+6,
5.28E07,1.485E+6,
5.32E07,1.485E+6,
5.36E07,1.485E+6,
5.4E07,1.487E+6,
5.44E07,1.485E+6,
5.48E07,1.485E+6,
5.52E07,1.485E+6,
5.56E07,1.485E+6,
5.6E07,1.486E+6,
5.64E07,1.484E+6,
5.68E07,1.486E+6,
5.72E07,1.484E+6,
5.76E07,1.485E+6,
5.8E07,1.486E+6,
5.84E07,1.486E+6,
5.88E07,1.485E+6,
5.92E07,1.486E+6,
5.96E07,1.485E+6,
6E07,1.485E+6,
6.04E07,1.487E+6,
6.08E07,1.485E+6,
6.12E07,1.487E+6,
6.16E07,1.487E+6,
6.2E07,1.487E+6,
6.24E07,1.488E+6,
6.28E07,1.488E+6,
6.32E07,1.485E+6,
6.36E07,1.487E+6,
64000005.000000,1.488E+6,
64400005.000000,1.490E+6,
64800005.000000,1.486E+6,
65200005.000000,1.486E+6,
65600005.000000,1.487E+6,
66000005.000000,1.486E+6,
66400005.000000,1.488E+6,
66800005.000000,1.489E+6,
67200005.000000,1.486E+6,
67600005.000000,1.488E+6,
68000005.000000,1.487E+6,
68400005.000000,1.488E+6,
68800005.000000,1.487E+6,
69200005.000000,1.488E+6,
69600005.000000,1.489E+6,
70000005.000000,1.488E+6,
70400006.000000,1.489E+6,
70800006.000000,1.486E+6,
71200006.000000,1.487E+6,
71600006.000000,1.489E+6,
72000006.000000,1.489E+6,
72400006.000000,1.485E+6,
72800006.000000,1.487E+6,
73200006.000000,1.486E+6,
73600006.000000,1.487E+6,
74000006.000000,1.487E+6,
74400006.000000,1.487E+6,
74800006.000000,1.487E+6,
75200006.000000,1.488E+6,
75600006.000000,1.488E+6,
76000006.000000,1.488E+6,
76400006.000000,1.488E+6,
76800006.000000,1.487E+6,
77200006.000000,1.488E+6,
77600006.000000,1.487E+6,
78000006.000000,1.488E+6,
78400006.000000,1.487E+6,
78800006.000000,1.489E+6,
79200006.000000,1.487E+6,
79600006.000000,1.487E+6,
80000006.000000,1.488E+6,
80400006.000000,1.487E+6,
80800006.000000,1.486E+6,
81200006.000000,1.487E+6,
81600006.000000,1.488E+6,
82000006.000000,1.487E+6,
82400006.000000,1.488E+6,
82800006.000000,1.487E+6,
83200007.000000,1.487E+6,
83600007.000000,1.488E+6,
84000007.000000,1.486E+6,
84400007.000000,1.488E+6,
84800007.000000,1.487E+6,
85200007.000000,1.487E+6,
85600007.000000,1.487E+6,
86000007.000000,1.489E+6,
86400007.000000,1.487E+6,
86800007.000000,1.488E+6,
87200007.000000,1.488E+6,
87600007.000000,1.487E+6,
88000007.000000,1.487E+6,
88400007.000000,1.487E+6,
88800007.000000,1.488E+6,
89200007.000000,1.485E+6,
89600007.000000,1.487E+6,
90000007.000000,1.486E+6,
90400007.000000,1.488E+6,
90800007.000000,1.487E+6,
91200007.000000,1.486E+6,
91600007.000000,1.486E+6,
92000007.000000,1.487E+6,
92400007.000000,1.488E+6,
92800007.000000,1.486E+6,
93200007.000000,1.487E+6,
93600007.000000,1.486E+6,
94000007.000000,1.488E+6,
94400007.000000,1.485E+6,
94800007.000000,1.487E+6,
95200007.000000,1.486E+6,
95600007.000000,1.488E+6,
96000008.000000,1.486E+6,
96400008.000000,1.486E+6,
96800008.000000,1.486E+6,
97200008.000000,1.485E+6,
97600008.000000,1.488E+6,
98000008.000000,1.488E+6,
98400008.000000,1.486E+6,
98800008.000000,1.485E+6,
99200008.000000,1.487E+6,
99600008.000000,1.486E+6,
1E08,1.478E+6,
1.004E008,1.450E+6,
1.008E008,1.421E+6,
1.012E008,1.392E+6,
1.016E008,1.362E+6,
1.02E08,1.332E+6,
1.024E008,1.303E+6,
1.028E008,1.273E+6,
1.032E008,1.245E+6,
1.036E008,1.217E+6,
1.04E08,1.187E+6,
1.044E008,1.161E+6,
1.048E008,1.136E+6,
1.052E008,1.107E+6,
1.056E008,1.081E+6,
1.06E08,1.055E+6,
1.064E008,1.028E+6,
1.068E008,1.003E+6,
1.072E008,9.791E+5,
1.076E008,9.535E+5,
1.08E08,9.314E+5,
1.084E008,9.065E+5,
1.088E008,8.847E+5,
1.092E008,8.617E+5,
1.096E008,8.384E+5,
1.1E08,8.155E+5,
1.104E008,7.945E+5,
1.108E008,7.744E+5,
1.112E008,7.546E+5,
1.116E008,7.333E+5,
1.12E08,7.143E+5,
1.124E008,6.961E+5,
1.128E008,6.775E+5,
1.132E008,6.579E+5,
1.136E008,6.420E+5,
1.14E08,6.220E+5,
1.144E008,6.055E+5,
1.148E008,5.891E+5,
1.152E008,5.733E+5,
1.156E008,5.566E+5,
1.16E08,5.392E+5,
1.164E008,5.244E+5,
1.168E008,5.091E+5,
1.172E008,4.949E+5,
1.176E008,4.795E+5,
1.18E08,4.673E+5,
1.184E008,4.530E+5,
1.188E008,4.397E+5,
1.192E008,4.265E+5,
1.196E008,4.152E+5,
1.2E08,4.024E+5,
1.204E008,3.902E+5,
1.208E008,3.774E+5,
1.212E008,3.674E+5,
1.216E008,3.565E+5,
1.22E08,3.438E+5,
1.224E008,3.351E+5,
1.228E008,3.241E+5,
1.232E008,3.149E+5,
1.236E008,3.041E+5,
1.24E08,2.950E+5,
1.244E008,2.865E+5,
1.248E008,2.786E+5,
1.252E008,2.696E+5,
1.256E008,2.617E+5,
1.26E08,2.537E+5,
1.264E008,2.451E+5,
1.268E008,2.380E+5,
1.272E008,2.317E+5,
1.276E008,2.233E+5,
1.28E08,2.167E+5,
1.284E008,2.102E+5,
1.288E008,2.042E+5,
1.292E008,1.985E+5,
1.296E008,1.919E+5,
1.3E08,1.852E+5,
1.304E008,1.801E+5,
1.308E008,1.740E+5,
1.312E008,1.695E+5,
1.316E008,1.646E+5,
1.32E08,1.591E+5,
1.324E008,1.542E+5,
1.328E008,1.501E+5,
1.332E008,1.446E+5,
1.336E008,1.404E+5,
1.34E08,1.363E+5,
1.344E008,1.331E+5,
1.348E008,1.273E+5,
1.352E008,1.241E+5,
1.356E008,1.206E+5,
1.36E08,1.179E+5,
1.364E008,1.135E+5,
1.368E008,1.098E+5,
1.372E008,1.071E+5,
1.376E008,1.039E+5,
1.38E08,1.007E+5,
1.384E008,9.775E+4,
1.388E008,9.553E+4,
1.392E008,9.169E+4,
1.396E008,8.952E+4,
1.4E08,8.691E+4,
1.404E008,8.398E+4,
1.408E008,8.181E+4,
1.412E008,7.976E+4,
1.416E008,7.715E+4,
1.42E08,7.513E+4,
1.424E008,7.278E+4,
1.428E008,7.116E+4,
1.432E008,6.857E+4,
1.436E008,6.677E+4,
1.44E08,6.502E+4,
1.444E008,6.322E+4,
1.448E008,6.092E+4,
1.452E008,5.931E+4,
1.456E008,5.779E+4,
1.46E08,5.629E+4,
1.464E008,5.521E+4,
1.468E008,5.353E+4,
1.472E008,5.219E+4,
1.476E008,5.065E+4,
1.48E08,4.934E+4,
1.484E008,4.826E+4,
1.488E008,4.628E+4,
1.492E008,4.569E+4,
1.496E008,4.483E+4,
1.5E08,4.348E+4,
1.504E008,4.233E+4,
1.508E008,4.121E+4,
1.512E008,4.033E+4,
1.516E008,3.936E+4,
1.52E08,3.789E+4,
1.524E008,3.733E+4,
1.528E008,3.651E+4,
1.532E008,3.528E+4,
1.536E008,3.491E+4,
1.54E08,3.406E+4,
1.544E008,3.302E+4,
1.548E008,3.243E+4,
1.552E008,3.177E+4,
1.556E008,3.094E+4,
1.56E08,3.015E+4,
1.564E008,2.975E+4,
1.568E008,2.908E+4,
1.572E008,2.786E+4,
1.576E008,2.762E+4,
1.58E08,2.690E+4,
1.584E008,2.657E+4,
1.588E008,2.631E+4,
1.592E008,2.549E+4,
1.596E008,2.487E+4,
1.6E08,2.457E+4,
1.604E008,2.435E+4,
1.608E008,2.351E+4,
1.612E008,2.300E+4,
1.616E008,2.260E+4,
1.62E08,2.245E+4,
1.624E008,2.202E+4,
1.628E008,2.149E+4,
1.632E008,2.094E+4,
1.636E008,2.079E+4,
1.64E08,2.030E+4,
1.644E008,2.007E+4,
1.648E008,1.963E+4,
1.652E008,1.945E+4,
1.656E008,1.922E+4,
1.66E08,1.895E+4,
1.664E008,1.897E+4,
1.668E008,1.822E+4,
1.672E008,1.823E+4,
1.676E008,1.794E+4,
1.68E08,1.747E+4,
1.684E008,1.744E+4,
1.688E008,1.730E+4,
1.692E008,1.705E+4,
1.696E008,1.662E+4,
1.7E08,1.662E+4,
1.704E008,1.638E+4,
1.708E008,1.606E+4,
1.712E008,1.594E+4,
1.716E008,1.560E+4,
1.72E08,1.588E+4,
1.724E008,1.538E+4,
1.728E008,1.541E+4,
1.732E008,1.518E+4,
1.736E008,1.509E+4,
1.74E08,1.478E+4,
1.744E008,1.490E+4,
1.748E008,1.452E+4,
1.752E008,1.393E+4,
1.756E008,1.391E+4,
1.76E08,1.416E+4,
1.764E008,1.400E+4,
1.768E008,1.423E+4,
1.772E008,1.377E+4,
1.776E008,1.365E+4,
1.78E08,1.355E+4,
1.784E008,1.335E+4,
1.788E008,1.339E+4,
1.792E008,1.343E+4,
1.796E008,1.314E+4,
1.8E08,1.313E+4,
1.804E008,1.333E+4,
1.808E008,1.277E+4,
1.812E008,1.292E+4,
1.816E008,1.279E+4,
1.82E08,1.258E+4,
1.824E008,1.258E+4,
1.828E008,1.248E+4,
1.832E008,1.254E+4,
1.836E008,1.234E+4,
1.84E08,1.230E+4,
1.844E008,1.233E+4,
1.848E008,1.205E+4,
1.852E008,1.242E+4,
1.856E008,1.211E+4,
1.86E08,1.214E+4,
1.864E008,1.173E+4,
1.868E008,1.190E+4,
1.872E008,1.197E+4,
1.876E008,1.191E+4,
1.88E08,1.164E+4,
1.884E008,1.165E+4,
1.888E008,1.168E+4,
1.892E008,1.143E+4,
1.896E008,1.177E+4,
1.9E08,1.132E+4,
1.904E008,1.157E+4,
1.908E008,1.166E+4,
1.912E008,1.130E+4,
1.916E008,1.131E+4,
1.92E08,1.125E+4,
1.924E008,1.125E+4,
1.928E008,1.122E+4,
1.932E008,1.128E+4,
1.936E008,1.150E+4,
1.94E08,1.124E+4,
1.944E008,1.130E+4,
1.948E008,1.118E+4,
1.952E008,1.096E+4,
1.956E008,1.109E+4,
1.96E08,1.122E+4,
1.964E008,1.123E+4,
1.968E008,1.126E+4,
1.972E008,1.101E+4,
1.976E008,1.102E+4,
1.98E08,1.108E+4,
1.984E008,1.093E+4,
1.988E008,1.100E+4,
1.992E008,1.080E+4,
1.996E008,1.091E+4,
2E08,1.071E+4,
2.004E008,1.096E+4,
2.008E008,1.089E+4,
2.012E008,1.080E+4,
2.016E008,1.083E+4,
2.02E08,1.067E+4,
2.024E008,1.067E+4,
2.028E008,1.069E+4,
2.032E008,1.068E+4,
2.036E008,1.084E+4,
2.04E08,1.079E+4,
2.044E008,1.101E+4,
2.048E008,1.073E+4,
2.052E008,1.079E+4,
2.056E008,1.075E+4,
2.06E08,1.075E+4,
2.064E008,1.066E+4,
2.068E008,1.077E+4,
2.072E008,1.073E+4,
2.076E008,1.068E+4,
2.08E08,1.084E+4,
2.084E008,1.072E+4,
2.088E008,1.072E+4,
2.092E008,1.064E+4,
2.096E008,1.065E+4,
2.1E08,1.072E+4,
2.104E008,1.068E+4,
2.108E008,1.073E+4,
2.112E008,1.075E+4,
2.116E008,1.055E+4,
2.12E08,1.056E+4,
2.124E008,1.055E+4,
2.128E008,1.069E+4,
2.132E008,1.057E+4,
2.136E008,1.050E+4,
2.14E08,1.061E+4,
2.144E008,1.055E+4,
2.148E008,1.047E+4,
2.152E008,1.040E+4,
2.156E008,1.062E+4,
2.16E08,1.071E+4,
2.164E008,1.080E+4,
2.168E008,1.054E+4,
2.172E008,1.042E+4,
2.176E008,1.051E+4,
2.18E08,1.023E+4,
2.184E008,1.058E+4,
2.188E008,1.048E+4,
2.192E008,1.054E+4,
2.196E008,1.062E+4,
2.2E08,1.061E+4,
2.204E008,1.051E+4,
2.208E008,1.017E+4,
2.212E008,1.046E+4,
2.216E008,1.038E+4,
2.22E08,1.037E+4,
2.224E008,1.050E+4,
2.228E008,1.060E+4,
2.232E008,1.033E+4,
2.236E008,1.051E+4,
2.24E08,1.048E+4,
2.244E008,1.037E+4,
2.248E008,1.049E+4,
2.252E008,1.056E+4,
2.256E008,1.071E+4,
2.26E08,1.042E+4,
2.264E008,1.047E+4,
2.268E008,1.031E+4,
2.272E008,1.037E+4,
2.276E008,1.057E+4,
2.28E08,1.042E+4,
2.284E008,1.033E+4,
2.288E008,1.057E+4,
2.292E008,1.062E+4,
2.296E008,1.044E+4,
2.3E08,1.045E+4,
2.304E008,1.050E+4,
2.308E008,1.025E+4,
2.312E008,1.028E+4,
2.316E008,1.033E+4,
2.32E08,1.025E+4,
2.324E008,1.033E+4,
2.328E008,1.032E+4,
2.332E008,1.058E+4,
2.336E008,1.039E+4,
2.34E08,1.048E+4,
2.344E008,1.040E+4,
2.348E008,1.050E+4,
2.352E008,1.040E+4,
2.356E008,1.036E+4,
2.36E08,1.035E+4,
2.364E008,1.047E+4,
2.368E008,1.064E+4,
2.372E008,1.027E+4,
2.376E008,1.030E+4,
2.38E08,1.036E+4,
2.384E008,1.016E+4,
2.388E008,1.037E+4,
2.392E008,1.039E+4,
2.396E008,1.021E+4,
2.4E08,1.048E+4,
2.404E008,1.044E+4,
2.408E008,1.045E+4,
2.412E008,1.031E+4,
2.416E008,1.054E+4,
2.42E08,1.037E+4,
2.424E008,1.023E+4,
2.428E008,1.057E+4,
2.432E008,1.032E+4,
2.436E008,1.021E+4,
2.44E08,1.021E+4,
2.444E008,1.020E+4,
2.448E008,1.036E+4,
2.452E008,1.043E+4,
2.456E008,1.040E+4,
2.46E08,1.041E+4,
2.464E008,1.027E+4,
2.468E008,1.052E+4,
2.472E008,1.047E+4,
2.476E008,1.020E+4,
2.48E08,1.032E+4,
2.484E008,1.042E+4,
2.488E008,1.033E+4,
2.492E008,1.034E+4,
2.496E008,1.045E+4,
2.5E08,1.032E+4,
2.504E008,1.028E+4,
2.508E008,1.032E+4,
2.512E008,1.030E+4,
2.516E008,1.049E+4,
2.52E08,1.016E+4,
2.524E008,1.017E+4,
2.528E008,1.014E+4,
2.532E008,1.021E+4,
2.536E008,1.036E+4,
2.54E08,1.024E+4,
2.544E008,1.031E+4,
2.548E008,1.058E+4,
2.552E008,1.049E+4,
2.556E008,1.031E+4,
2.56E08,1.050E+4,
2.564E008,1.041E+4,
2.568E008,1.036E+4,
2.572E008,1.037E+4,
2.576E008,1.038E+4,
2.58E08,1.042E+4,
2.584E008,1.039E+4,
2.588E008,1.019E+4,
2.592E008,1.039E+4,
2.596E008,1.019E+4,
2.6E08,1.029E+4,
2.604E008,1.035E+4,
2.608E008,1.028E+4,
2.612E008,1.021E+4,
2.616E008,1.040E+4,
2.62E08,1.033E+4,
2.624E008,1.030E+4,
2.628E008,1.052E+4,
2.632E008,1.025E+4,
2.636E008,1.029E+4,
2.64E08,1.027E+4,
2.644E008,1.036E+4,
2.648E008,1.024E+4,
2.652E008,1.030E+4,
2.656E008,1.033E+4,
2.66E08,1.032E+4,
2.664E008,1.042E+4,
2.668E008,1.042E+4,
2.672E008,1.021E+4,
2.676E008,1.047E+4,
2.68E08,1.022E+4,
2.684E008,1.039E+4,
2.688E008,1.021E+4,
2.692E008,1.027E+4,
2.696E008,1.036E+4,
2.7E08,1.044E+4,
2.704E008,1.030E+4,
2.708E008,1.020E+4,
2.712E008,1.053E+4,
2.716E008,1.031E+4,
2.72E08,1.039E+4,
2.724E008,1.007E+4,
2.728E008,1.045E+4,
2.732E008,1.034E+4,
2.736E008,1.039E+4,
2.74E08,1.043E+4,
2.744E008,1.045E+4,
2.748E008,1.023E+4,
2.752E008,1.025E+4,
2.756E008,1.029E+4,
2.76E08,1.038E+4,
2.764E008,1.030E+4,
2.768E008,1.029E+4,
2.772E008,1.050E+4,
2.776E008,1.021E+4,
2.78E08,1.020E+4,
2.784E008,1.031E+4,
2.788E008,1.036E+4,
2.792E008,1.037E+4,
2.796E008,1.026E+4,
2.8E08,1.014E+4,
2.804E008,1.043E+4,
2.808E008,1.020E+4,
2.812E008,1.017E+4,
2.816E008,1.040E+4,
2.82E08,1.008E+4,
2.824E008,1.022E+4,
2.828E008,1.033E+4,
2.832E008,1.008E+4,
2.836E008,1.043E+4,
2.84E08,1.011E+4,
2.844E008,1.028E+4,
2.848E008,1.044E+4,
2.852E008,1.012E+4,
2.856E008,1.038E+4,
2.86E08,1.032E+4,
2.864E008,1.037E+4,
2.868E008,1.028E+4,
2.872E008,1.039E+4,
2.876E008,1.041E+4,
2.88E08,1.023E+4,
2.884E008,1.035E+4,
2.888E008,1.040E+4,
2.892E008,1.054E+4,
2.896E008,1.030E+4,
2.9E08,1.020E+4,
2.904E008,1.029E+4,
2.908E008,1.028E+4,
2.912E008,1.030E+4,
2.916E008,1.016E+4,
2.92E08,1.030E+4,
2.924E008,1.029E+4,
2.928E008,1.029E+4,
2.932E008,1.018E+4,
2.936E008,1.038E+4,
2.94E08,1.038E+4,
2.944E008,1.038E+4,
2.948E008,1.026E+4,
2.952E008,1.026E+4,
2.956E008,1.009E+4,
2.96E08,1.016E+4,
2.964E008,1.030E+4,
2.968E008,1.023E+4,
2.972E008,1.048E+4,
2.976E008,1.028E+4,
2.98E08,1.026E+4,
2.984E008,1.053E+4,
2.988E008,1.037E+4,
2.992E008,1.025E+4,
2.996E008,1.033E+4,
3E08,1.028E+4,
3.004E008,1.033E+4,
3.008E008,1.052E+4,
3.012E008,1.011E+4,
3.016E008,1.023E+4,
3.02E08,1.014E+4,
3.024E008,1.046E+4,
3.028E008,1.032E+4,
3.032E008,1.027E+4,
3.036E008,1.024E+4,
3.04E08,1.035E+4,
3.044E008,1.030E+4,
3.048E008,1.012E+4,
3.052E008,1.015E+4,
3.056E008,1.024E+4,
3.06E08,1.018E+4,
3.064E008,1.051E+4,
3.068E008,1.031E+4,
3.072E008,1.021E+4,
3.076E008,1.034E+4,
3.08E08,1.035E+4,
3.084E008,1.039E+4,
3.088E008,1.018E+4,
3.092E008,1.036E+4,
3.096E008,1.018E+4,
3.1E08,1.019E+4,
3.104E008,1.033E+4,
3.108E008,1.035E+4,
3.112E008,1.027E+4,
3.116E008,1.034E+4,
3.12E08,1.032E+4,
3.124E008,1.042E+4,
3.128E008,1.048E+4,
3.132E008,1.030E+4,
3.136E008,1.040E+4,
3.14E08,1.014E+4,
3.144E008,1.025E+4,
3.148E008,1.049E+4,
3.152E008,1.035E+4,
3.156E008,1.037E+4,
3.16E08,1.023E+4,
3.164E008,1.035E+4,
3.168E008,1.042E+4,
3.172E008,1.028E+4,
3.176E008,9.968E+3,
3.18E08,1.028E+4,
3.184E008,1.041E+4,
3.188E008,1.027E+4,
3.192E008,1.039E+4,
3.196E008,1.056E+4,
3.2E08,1.026E+4,
3.204E008,1.046E+4,
3.208E008,1.031E+4,
3.212E008,1.037E+4,
3.216E008,1.019E+4,
3.22E08,1.014E+4,
3.224E008,1.034E+4,
3.228E008,1.018E+4,
3.232E008,1.026E+4,
3.236E008,1.005E+4,
3.24E08,1.040E+4,
3.244E008,1.029E+4,
3.248E008,1.020E+4,
3.252E008,1.022E+4,
3.256E008,1.040E+4,
3.26E08,1.018E+4,
3.264E008,1.024E+4,
3.268E008,1.033E+4,
3.272E008,1.039E+4,
3.276E008,1.026E+4,
3.28E08,1.034E+4,
3.284E008,1.006E+4,
3.288E008,1.028E+4,
3.292E008,1.030E+4,
3.296E008,1.029E+4,
3.3E08,1.030E+4,
3.304E008,1.030E+4,
3.308E008,1.030E+4,
3.312E008,1.054E+4,
3.316E008,1.029E+4,
3.32E08,1.012E+4,
3.324E008,1.042E+4,
3.328E008,1.023E+4,
3.332E008,1.025E+4,
3.336E008,1.038E+4,
3.34E08,1.017E+4,
3.344E008,1.018E+4,
3.348E008,1.024E+4,
3.352E008,1.010E+4,
3.356E008,1.033E+4,
3.36E08,1.032E+4,
3.364E008,1.026E+4,
3.368E008,1.048E+4,
3.372E008,1.036E+4,
3.376E008,9.971E+3,
3.38E08,1.018E+4,
3.384E008,1.033E+4,
3.388E008,1.054E+4,
3.392E008,1.039E+4,
3.396E008,1.029E+4,
3.4E08,1.021E+4,
3.404E008,1.020E+4,
3.408E008,1.032E+4,
3.412E008,1.031E+4,
3.416E008,1.029E+4,
3.42E08,1.059E+4,
3.424E008,1.022E+4,
3.428E008,1.023E+4,
3.432E008,1.039E+4,
3.436E008,1.017E+4,
3.44E08,1.017E+4,
3.444E008,1.028E+4,
3.448E008,1.031E+4,
3.452E008,1.032E+4,
3.456E008,1.035E+4,
3.46E08,1.022E+4,
3.464E008,1.029E+4,
3.468E008,1.037E+4,
3.472E008,1.015E+4,
3.476E008,1.024E+4,
3.48E08,1.025E+4,
3.484E008,9.977E+3,
3.488E008,1.037E+4,
3.492E008,1.038E+4,
3.496E008,1.034E+4,
3.5E08,1.043E+4,
3.504E008,1.015E+4,
3.508E008,1.021E+4,
3.512E008,1.030E+4,
3.516E008,1.023E+4,
3.52E08,1.039E+4,
3.524E008,1.029E+4,
3.528E008,1.030E+4,
3.532E008,1.027E+4,
3.536E008,1.031E+4,
3.54E08,1.023E+4,
3.544E008,1.046E+4,
3.548E008,1.021E+4,
3.552E008,1.028E+4,
3.556E008,1.016E+4,
3.56E08,1.008E+4,
3.564E008,1.020E+4,
3.568E008,1.046E+4,
3.572E008,1.011E+4,
3.576E008,1.027E+4,
3.58E08,1.023E+4,
3.584E008,1.037E+4,
3.588E008,1.022E+4,
3.592E008,1.014E+4,
3.596E008,1.012E+4,
3.6E08,1.020E+4,
3.604E008,1.010E+4,
3.608E008,1.031E+4,
3.612E008,1.013E+4,
3.616E008,1.047E+4,
3.62E08,1.026E+4,
3.624E008,1.019E+4,
3.628E008,1.014E+4,
3.632E008,1.029E+4,
3.636E008,1.043E+4,
3.64E08,1.007E+4,
3.644E008,1.033E+4,
3.648E008,1.036E+4,
3.652E008,1.030E+4,
3.656E008,1.002E+4,
3.66E08,1.026E+4,
3.664E008,1.018E+4,
3.668E008,1.022E+4,
3.672E008,1.049E+4,
3.676E008,1.054E+4,
3.68E08,1.025E+4,
3.684E008,1.043E+4,
3.688E008,1.034E+4,
3.692E008,1.026E+4,
3.696E008,1.038E+4,
3.7E08,1.020E+4,
3.704E008,1.045E+4,
3.708E008,1.018E+4,
3.712E008,1.022E+4,
3.716E008,1.021E+4,
3.72E08,1.029E+4,
3.724E008,1.027E+4,
3.728E008,1.020E+4,
3.732E008,9.988E+3,
3.736E008,1.020E+4,
3.74E08,1.027E+4,
3.744E008,1.036E+4,
3.748E008,1.039E+4,
3.752E008,1.012E+4,
3.756E008,1.030E+4,
3.76E08,1.026E+4,
3.764E008,1.024E+4,
3.768E008,1.044E+4,
3.772E008,1.064E+4,
3.776E008,1.036E+4,
3.78E08,1.014E+4,
3.784E008,1.046E+4,
3.788E008,1.054E+4,
3.792E008,1.018E+4,
3.796E008,1.025E+4,
3.8E08,1.032E+4,
3.804E008,1.055E+4,
3.808E008,1.039E+4,
3.812E008,1.020E+4,
3.816E008,1.027E+4,
3.82E08,1.021E+4,
3.824E008,1.029E+4,
3.828E008,1.028E+4,
3.832E008,1.033E+4,
3.836E008,1.031E+4,
3.84E08,1.024E+4,
3.844E008,1.019E+4,
3.848E008,1.038E+4,
3.852E008,1.013E+4,
3.856E008,1.017E+4,
3.86E08,1.021E+4,
3.864E008,1.022E+4,
3.868E008,1.049E+4,
3.872E008,1.034E+4,
3.876E008,1.028E+4,
3.88E08,1.020E+4,
3.884E008,1.027E+4,
3.888E008,1.017E+4,
3.892E008,1.018E+4,
3.896E008,1.042E+4,
3.9E08,1.017E+4,
3.904E008,1.043E+4,
3.908E008,1.035E+4,
3.912E008,1.036E+4,
3.916E008,1.013E+4,
3.92E08,1.040E+4,
3.924E008,1.028E+4,
3.928E008,1.017E+4,
3.932E008,1.019E+4,
3.936E008,1.031E+4,
3.94E08,1.033E+4,
3.944E008,1.019E+4,
3.948E008,1.009E+4,
3.952E008,1.043E+4,
3.956E008,1.051E+4,
3.96E08,1.028E+4,
3.964E008,1.007E+4,
3.968E008,1.033E+4,
3.972E008,1.012E+4,
3.976E008,1.009E+4,
3.98E08,1.011E+4,
3.984E008,1.013E+4,
3.988E008,1.034E+4,
3.992E008,1.026E+4,
3.996E008,1.037E+4,
