Labels,T2_100ms,
Type,Time Scan,
Comment,,
Start,0.00,
Stop,3.996E008,
Step,4E05,
Fixed/Offset, ,
XAxis,Time,
YAxis,Counts,

0.00,2.855E+4,
4E05,8.845E+4,
800000.060000,1.449E+5,
1.2E06,1.980E+5,
1.6E06,2.479E+5,
2E06,2.935E+5,
2.4E06,3.390E+5,
2.8E06,3.788E+5,
3.2E06,4.174E+5,
3.6E06,4.536E+5,
4E06,4.880E+5,
4.4E06,5.206E+5,
4.8E06,5.509E+5,
5.2E06,5.812E+5,
5.6E06,6.077E+5,
6E06,6.349E+5,
6400000.500000,6.592E+5,
6800000.500000,6.824E+5,
7200000.600000,7.055E+5,
7600000.600000,7.269E+5,
8000000.600000,7.470E+5,
8400000.700000,7.670E+5,
8800000.700000,7.847E+5,
9200000.700000,8.023E+5,
9600000.800000,8.195E+5,
1E07,8.349E+5,
1.04E07,8.514E+5,
1.08E07,8.653E+5,
1.12E07,8.812E+5,
1.16E07,8.945E+5,
1.2E07,9.059E+5,
1.24E07,9.212E+5,
1.28E07,9.296E+5,
1.32E07,9.419E+5,
1.36E07,9.514E+5,
1.4E07,9.628E+5,
1.44E07,9.732E+5,
1.48E07,9.806E+5,
1.52E07,9.915E+5,
1.56E07,1.001E+6,
1.6E07,1.009E+6,
1.64E07,1.017E+6,
1.68E07,1.025E+6,
1.72E07,1.032E+6,
1.76E07,1.039E+6,
1.8E07,1.046E+6,
1.84E07,1.052E+6,
1.88E07,1.061E+6,
1.92E07,1.067E+6,
1.96E07,1.073E+6,
2E07,1.077E+6,
2.04E07,1.083E+6,
2.08E07,1.089E+6,
2.12E07,1.093E+6,
2.16E07,1.100E+6,
2.2E07,1.104E+6,
2.24E07,1.110E+6,
2.28E07,1.113E+6,
2.32E07,1.116E+6,
2.36E07,1.121E+6,
2.4E07,1.125E+6,
2.44E07,1.129E+6,
2.48E07,1.133E+6,
2.52E07,1.137E+6,
2.56E07,1.139E+6,
2.6E07,1.143E+6,
2.64E07,1.147E+6,
2.68E07,1.150E+6,
2.72E07,1.152E+6,
2.76E07,1.157E+6,
2.8E07,1.157E+6,
2.84E07,1.160E+6,
2.88E07,1.163E+6,
2.92E07,1.165E+6,
2.96E07,1.169E+6,
3E07,1.172E+6,
3.04E07,1.174E+6,
3.08E07,1.175E+6,
3.12E07,1.178E+6,
3.16E07,1.179E+6,
3.2E07,1.181E+6,
3.24E07,1.183E+6,
3.28E07,1.184E+6,
3.32E07,1.186E+6,
3.36E07,1.189E+6,
3.4E07,1.191E+6,
3.44E07,1.193E+6,
3.48E07,1.194E+6,
3.52E07,1.197E+6,
3.56E07,1.196E+6,
3.6E07,1.198E+6,
3.64E07,1.199E+6,
3.68E07,1.201E+6,
3.72E07,1.200E+6,
3.76E07,1.203E+6,
3.8E07,1.205E+6,
3.84E07,1.204E+6,
3.88E07,1.206E+6,
3.92E07,1.209E+6,
3.96E07,1.209E+6,
4E07,1.209E+6,
4.04E07,1.210E+6,
4.08E07,1.211E+6,
4.12E07,1.213E+6,
4.16E07,1.214E+6,
4.2E07,1.213E+6,
4.24E07,1.215E+6,
4.28E07,1.217E+6,
4.32E07,1.219E+6,
4.36E07,1.218E+6,
4.4E07,1.221E+6,
4.44E07,1.218E+6,
4.48E07,1.221E+6,
4.52E07,1.221E+6,
4.56E07,1.220E+6,
4.6E07,1.222E+6,
4.64E07,1.222E+6,
4.68E07,1.223E+6,
4.72E07,1.223E+6,
4.76E07,1.224E+6,
4.8E07,1.224E+6,
4.84E07,1.225E+6,
4.88E07,1.226E+6,
4.92E07,1.225E+6,
4.96E07,1.227E+6,
5E07,1.226E+6,
5.04E07,1.227E+6,
5.08E07,1.227E+6,
5.12E07,1.228E+6,
5.16E07,1.229E+6,
5.2E07,1.228E+6,
5.24E07,1.228E+6,
5.28E07,1.229E+6,
5.32E07,1.230E+6,
5.36E07,1.230E+6,
5.4E07,1.231E+6,
5.44E07,1.232E+6,
5.48E07,1.232E+6,
5.52E07,1.232E+6,
5.56E07,1.230E+6,
5.6E07,1.232E+6,
5.64E07,1.232E+6,
5.68E07,1.233E+6,
5.72E07,1.232E+6,
5.76E07,1.233E+6,
5.8E07,1.233E+6,
5.84E07,1.234E+6,
5.88E07,1.234E+6,
5.92E07,1.234E+6,
5.96E07,1.233E+6,
6E07,1.233E+6,
6.04E07,1.234E+6,
6.08E07,1.234E+6,
6.12E07,1.233E+6,
6.16E07,1.234E+6,
6.2E07,1.237E+6,
6.24E07,1.235E+6,
6.28E07,1.235E+6,
6.32E07,1.235E+6,
6.36E07,1.236E+6,
64000005.000000,1.236E+6,
64400005.000000,1.235E+6,
64800005.000000,1.238E+6,
65200005.000000,1.235E+6,
65600005.000000,1.237E+6,
66000005.000000,1.238E+6,
66400005.000000,1.236E+6,
66800005.000000,1.236E+6,
67200005.000000,1.235E+6,
67600005.000000,1.237E+6,
68000005.000000,1.238E+6,
68400005.000000,1.238E+6,
68800005.000000,1.237E+6,
69200005.000000,1.237E+6,
69600005.000000,1.237E+6,
70000005.000000,1.238E+6,
70400006.000000,1.237E+6,
70800006.000000,1.238E+6,
71200006.000000,1.238E+6,
71600006.000000,1.238E+6,
72000006.000000,1.238E+6,
72400006.000000,1.236E+6,
72800006.000000,1.239E+6,
73200006.000000,1.238E+6,
73600006.000000,1.238E+6,
74000006.000000,1.237E+6,
74400006.000000,1.238E+6,
74800006.000000,1.239E+6,
75200006.000000,1.237E+6,
75600006.000000,1.238E+6,
76000006.000000,1.238E+6,
76400006.000000,1.238E+6,
76800006.000000,1.237E+6,
77200006.000000,1.239E+6,
77600006.000000,1.238E+6,
78000006.000000,1.239E+6,
78400006.000000,1.239E+6,
78800006.000000,1.238E+6,
79200006.000000,1.239E+6,
79600006.000000,1.238E+6,
80000006.000000,1.241E+6,
80400006.000000,1.238E+6,
80800006.000000,1.238E+6,
81200006.000000,1.240E+6,
81600006.000000,1.239E+6,
82000006.000000,1.238E+6,
82400006.000000,1.237E+6,
82800006.000000,1.240E+6,
83200007.000000,1.239E+6,
83600007.000000,1.239E+6,
84000007.000000,1.238E+6,
84400007.000000,1.238E+6,
84800007.000000,1.240E+6,
85200007.000000,1.240E+6,
85600007.000000,1.238E+6,
86000007.000000,1.238E+6,
86400007.000000,1.239E+6,
86800007.000000,1.238E+6,
87200007.000000,1.239E+6,
87600007.000000,1.240E+6,
88000007.000000,1.238E+6,
88400007.000000,1.240E+6,
88800007.000000,1.239E+6,
89200007.000000,1.238E+6,
89600007.000000,1.240E+6,
90000007.000000,1.239E+6,
90400007.000000,1.240E+6,
90800007.000000,1.239E+6,
91200007.000000,1.239E+6,
91600007.000000,1.239E+6,
92000007.000000,1.239E+6,
92400007.000000,1.239E+6,
92800007.000000,1.239E+6,
93200007.000000,1.241E+6,
93600007.000000,1.239E+6,
94000007.000000,1.239E+6,
94400007.000000,1.241E+6,
94800007.000000,1.240E+6,
95200007.000000,1.239E+6,
95600007.000000,1.239E+6,
96000008.000000,1.238E+6,
96400008.000000,1.241E+6,
96800008.000000,1.239E+6,
97200008.000000,1.239E+6,
97600008.000000,1.241E+6,
98000008.000000,1.238E+6,
98400008.000000,1.240E+6,
98800008.000000,1.237E+6,
99200008.000000,1.216E+6,
99600008.000000,1.190E+6,
1E08,1.166E+6,
1.004E008,1.143E+6,
1.008E008,1.117E+6,
1.012E008,1.095E+6,
1.016E008,1.072E+6,
1.02E08,1.048E+6,
1.024E008,1.025E+6,
1.028E008,1.001E+6,
1.032E008,9.788E+5,
1.036E008,9.567E+5,
1.04E08,9.347E+5,
1.044E008,9.141E+5,
1.048E008,8.932E+5,
1.052E008,8.718E+5,
1.056E008,8.509E+5,
1.06E08,8.288E+5,
1.064E008,8.099E+5,
1.068E008,7.919E+5,
1.072E008,7.714E+5,
1.076E008,7.530E+5,
1.08E08,7.355E+5,
1.084E008,7.176E+5,
1.088E008,6.995E+5,
1.092E008,6.819E+5,
1.096E008,6.650E+5,
1.1E08,6.474E+5,
1.104E008,6.315E+5,
1.108E008,6.166E+5,
1.112E008,5.993E+5,
1.116E008,5.840E+5,
1.12E08,5.691E+5,
1.124E008,5.535E+5,
1.128E008,5.380E+5,
1.132E008,5.266E+5,
1.136E008,5.103E+5,
1.14E08,4.974E+5,
1.144E008,4.854E+5,
1.148E008,4.721E+5,
1.152E008,4.581E+5,
1.156E008,4.476E+5,
1.16E08,4.359E+5,
1.164E008,4.231E+5,
1.168E008,4.123E+5,
1.172E008,4.010E+5,
1.176E008,3.900E+5,
1.18E08,3.789E+5,
1.184E008,3.685E+5,
1.188E008,3.582E+5,
1.192E008,3.481E+5,
1.196E008,3.395E+5,
1.2E08,3.295E+5,
1.204E008,3.213E+5,
1.208E008,3.125E+5,
1.212E008,3.033E+5,
1.216E008,2.948E+5,
1.22E08,2.867E+5,
1.224E008,2.796E+5,
1.228E008,2.712E+5,
1.232E008,2.639E+5,
1.236E008,2.574E+5,
1.24E08,2.499E+5,
1.244E008,2.422E+5,
1.248E008,2.354E+5,
1.252E008,2.288E+5,
1.256E008,2.238E+5,
1.26E08,2.161E+5,
1.264E008,2.104E+5,
1.268E008,2.044E+5,
1.272E008,1.995E+5,
1.276E008,1.937E+5,
1.28E08,1.884E+5,
1.284E008,1.826E+5,
1.288E008,1.777E+5,
1.292E008,1.725E+5,
1.296E008,1.688E+5,
1.3E08,1.641E+5,
1.304E008,1.582E+5,
1.308E008,1.544E+5,
1.312E008,1.509E+5,
1.316E008,1.464E+5,
1.32E08,1.424E+5,
1.324E008,1.390E+5,
1.328E008,1.342E+5,
1.332E008,1.303E+5,
1.336E008,1.274E+5,
1.34E08,1.238E+5,
1.344E008,1.200E+5,
1.348E008,1.177E+5,
1.352E008,1.141E+5,
1.356E008,1.111E+5,
1.36E08,1.077E+5,
1.364E008,1.053E+5,
1.368E008,1.025E+5,
1.372E008,9.940E+4,
1.376E008,9.645E+4,
1.38E08,9.441E+4,
1.384E008,9.140E+4,
1.388E008,8.889E+4,
1.392E008,8.703E+4,
1.396E008,8.401E+4,
1.4E08,8.265E+4,
1.404E008,8.029E+4,
1.408E008,7.791E+4,
1.412E008,7.631E+4,
1.416E008,7.415E+4,
1.42E08,7.172E+4,
1.424E008,7.049E+4,
1.428E008,6.857E+4,
1.432E008,6.680E+4,
1.436E008,6.514E+4,
1.44E08,6.398E+4,
1.444E008,6.210E+4,
1.448E008,6.073E+4,
1.452E008,5.921E+4,
1.456E008,5.733E+4,
1.46E08,5.595E+4,
1.464E008,5.455E+4,
1.468E008,5.351E+4,
1.472E008,5.219E+4,
1.476E008,5.093E+4,
1.48E08,4.960E+4,
1.484E008,4.873E+4,
1.488E008,4.735E+4,
1.492E008,4.656E+4,
1.496E008,4.486E+4,
1.5E08,4.436E+4,
1.504E008,4.335E+4,
1.508E008,4.194E+4,
1.512E008,4.146E+4,
1.516E008,4.045E+4,
1.52E08,3.915E+4,
1.524E008,3.871E+4,
1.528E008,3.757E+4,
1.532E008,3.712E+4,
1.536E008,3.656E+4,
1.54E08,3.553E+4,
1.544E008,3.511E+4,
1.548E008,3.393E+4,
1.552E008,3.347E+4,
1.556E008,3.271E+4,
1.56E08,3.191E+4,
1.564E008,3.128E+4,
1.568E008,3.072E+4,
1.572E008,3.045E+4,
1.576E008,2.974E+4,
1.58E08,2.919E+4,
1.584E008,2.865E+4,
1.588E008,2.783E+4,
1.592E008,2.759E+4,
1.596E008,2.758E+4,
1.6E08,2.668E+4,
1.604E008,2.608E+4,
1.608E008,2.602E+4,
1.612E008,2.526E+4,
1.616E008,2.481E+4,
1.62E08,2.455E+4,
1.624E008,2.410E+4,
1.628E008,2.347E+4,
1.632E008,2.338E+4,
1.636E008,2.309E+4,
1.64E08,2.287E+4,
1.644E008,2.221E+4,
1.648E008,2.206E+4,
1.652E008,2.154E+4,
1.656E008,2.118E+4,
1.66E08,2.149E+4,
1.664E008,2.047E+4,
1.668E008,2.037E+4,
1.672E008,2.039E+4,
1.676E008,1.994E+4,
1.68E08,1.952E+4,
1.684E008,1.938E+4,
1.688E008,1.904E+4,
1.692E008,1.909E+4,
1.696E008,1.860E+4,
1.7E08,1.852E+4,
1.704E008,1.846E+4,
1.708E008,1.796E+4,
1.712E008,1.800E+4,
1.716E008,1.789E+4,
1.72E08,1.767E+4,
1.724E008,1.722E+4,
1.728E008,1.728E+4,
1.732E008,1.690E+4,
1.736E008,1.684E+4,
1.74E08,1.690E+4,
1.744E008,1.638E+4,
1.748E008,1.658E+4,
1.752E008,1.640E+4,
1.756E008,1.604E+4,
1.76E08,1.595E+4,
1.764E008,1.565E+4,
1.768E008,1.579E+4,
1.772E008,1.546E+4,
1.776E008,1.566E+4,
1.78E08,1.539E+4,
1.784E008,1.535E+4,
1.788E008,1.516E+4,
1.792E008,1.494E+4,
1.796E008,1.484E+4,
1.8E08,1.488E+4,
1.804E008,1.474E+4,
1.808E008,1.474E+4,
1.812E008,1.475E+4,
1.816E008,1.459E+4,
1.82E08,1.422E+4,
1.824E008,1.409E+4,
1.828E008,1.429E+4,
1.832E008,1.415E+4,
1.836E008,1.415E+4,
1.84E08,1.403E+4,
1.844E008,1.395E+4,
1.848E008,1.383E+4,
1.852E008,1.375E+4,
1.856E008,1.391E+4,
1.86E08,1.380E+4,
1.864E008,1.331E+4,
1.868E008,1.361E+4,
1.872E008,1.351E+4,
1.876E008,1.352E+4,
1.88E08,1.330E+4,
1.884E008,1.347E+4,
1.888E008,1.330E+4,
1.892E008,1.345E+4,
1.896E008,1.310E+4,
1.9E08,1.301E+4,
1.904E008,1.296E+4,
1.908E008,1.307E+4,
1.912E008,1.300E+4,
1.916E008,1.295E+4,
1.92E08,1.300E+4,
1.924E008,1.278E+4,
1.928E008,1.300E+4,
1.932E008,1.285E+4,
1.936E008,1.268E+4,
1.94E08,1.305E+4,
1.944E008,1.253E+4,
1.948E008,1.270E+4,
1.952E008,1.276E+4,
1.956E008,1.277E+4,
1.96E08,1.245E+4,
1.964E008,1.260E+4,
1.968E008,1.223E+4,
1.972E008,1.249E+4,
1.976E008,1.259E+4,
1.98E08,1.255E+4,
1.984E008,1.262E+4,
1.988E008,1.239E+4,
1.992E008,1.238E+4,
1.996E008,1.209E+4,
2E08,1.230E+4,
2.004E008,1.245E+4,
2.008E008,1.247E+4,
2.012E008,1.236E+4,
2.016E008,1.193E+4,
2.02E08,1.225E+4,
2.024E008,1.217E+4,
2.028E008,1.211E+4,
2.032E008,1.207E+4,
2.036E008,1.184E+4,
2.04E08,1.210E+4,
2.044E008,1.232E+4,
2.048E008,1.218E+4,
2.052E008,1.204E+4,
2.056E008,1.211E+4,
2.06E08,1.194E+4,
2.064E008,1.207E+4,
2.068E008,1.211E+4,
2.072E008,1.171E+4,
2.076E008,1.184E+4,
2.08E08,1.204E+4,
2.084E008,1.190E+4,
2.088E008,1.205E+4,
2.092E008,1.169E+4,
2.096E008,1.176E+4,
2.1E08,1.166E+4,
2.104E008,1.162E+4,
2.108E008,1.172E+4,
2.112E008,1.209E+4,
2.116E008,1.188E+4,
2.12E08,1.196E+4,
2.124E008,1.180E+4,
2.128E008,1.188E+4,
2.132E008,1.166E+4,
2.136E008,1.176E+4,
2.14E08,1.183E+4,
2.144E008,1.186E+4,
2.148E008,1.199E+4,
2.152E008,1.193E+4,
2.156E008,1.197E+4,
2.16E08,1.180E+4,
2.164E008,1.172E+4,
2.168E008,1.151E+4,
2.172E008,1.172E+4,
2.176E008,1.172E+4,
2.18E08,1.178E+4,
2.184E008,1.162E+4,
2.188E008,1.174E+4,
2.192E008,1.168E+4,
2.196E008,1.185E+4,
2.2E08,1.160E+4,
2.204E008,1.179E+4,
2.208E008,1.177E+4,
2.212E008,1.172E+4,
2.216E008,1.173E+4,
2.22E08,1.182E+4,
2.224E008,1.174E+4,
2.228E008,1.165E+4,
2.232E008,1.163E+4,
2.236E008,1.155E+4,
2.24E08,1.175E+4,
2.244E008,1.170E+4,
2.248E008,1.182E+4,
2.252E008,1.163E+4,
2.256E008,1.183E+4,
2.26E08,1.159E+4,
2.264E008,1.167E+4,
2.268E008,1.184E+4,
2.272E008,1.168E+4,
2.276E008,1.193E+4,
2.28E08,1.176E+4,
2.284E008,1.163E+4,
2.288E008,1.182E+4,
2.292E008,1.152E+4,
2.296E008,1.177E+4,
2.3E08,1.158E+4,
2.304E008,1.166E+4,
2.308E008,1.153E+4,
2.312E008,1.158E+4,
2.316E008,1.144E+4,
2.32E08,1.164E+4,
2.324E008,1.174E+4,
2.328E008,1.174E+4,
2.332E008,1.153E+4,
2.336E008,1.181E+4,
2.34E08,1.170E+4,
2.344E008,1.173E+4,
2.348E008,1.193E+4,
2.352E008,1.153E+4,
2.356E008,1.148E+4,
2.36E08,1.152E+4,
2.364E008,1.151E+4,
2.368E008,1.163E+4,
2.372E008,1.172E+4,
2.376E008,1.162E+4,
2.38E08,1.144E+4,
2.384E008,1.156E+4,
2.388E008,1.188E+4,
2.392E008,1.167E+4,
2.396E008,1.172E+4,
2.4E08,1.166E+4,
2.404E008,1.158E+4,
2.408E008,1.168E+4,
2.412E008,1.142E+4,
2.416E008,1.146E+4,
2.42E08,1.165E+4,
2.424E008,1.172E+4,
2.428E008,1.163E+4,
2.432E008,1.181E+4,
2.436E008,1.160E+4,
2.44E08,1.170E+4,
2.444E008,1.146E+4,
2.448E008,1.148E+4,
2.452E008,1.162E+4,
2.456E008,1.168E+4,
2.46E08,1.164E+4,
2.464E008,1.150E+4,
2.468E008,1.148E+4,
2.472E008,1.170E+4,
2.476E008,1.151E+4,
2.48E08,1.161E+4,
2.484E008,1.150E+4,
2.488E008,1.149E+4,
2.492E008,1.150E+4,
2.496E008,1.160E+4,
2.5E08,1.144E+4,
2.504E008,1.143E+4,
2.508E008,1.154E+4,
2.512E008,1.165E+4,
2.516E008,1.145E+4,
2.52E08,1.149E+4,
2.524E008,1.162E+4,
2.528E008,1.160E+4,
2.532E008,1.132E+4,
2.536E008,1.162E+4,
2.54E08,1.160E+4,
2.544E008,1.162E+4,
2.548E008,1.145E+4,
2.552E008,1.148E+4,
2.556E008,1.159E+4,
2.56E08,1.152E+4,
2.564E008,1.161E+4,
2.568E008,1.152E+4,
2.572E008,1.159E+4,
2.576E008,1.145E+4,
2.58E08,1.154E+4,
2.584E008,1.159E+4,
2.588E008,1.164E+4,
2.592E008,1.155E+4,
2.596E008,1.155E+4,
2.6E08,1.151E+4,
2.604E008,1.151E+4,
2.608E008,1.164E+4,
2.612E008,1.152E+4,
2.616E008,1.165E+4,
2.62E08,1.162E+4,
2.624E008,1.146E+4,
2.628E008,1.182E+4,
2.632E008,1.144E+4,
2.636E008,1.156E+4,
2.64E08,1.149E+4,
2.644E008,1.165E+4,
2.648E008,1.157E+4,
2.652E008,1.159E+4,
2.656E008,1.145E+4,
2.66E08,1.150E+4,
2.664E008,1.161E+4,
2.668E008,1.133E+4,
2.672E008,1.166E+4,
2.676E008,1.170E+4,
2.68E08,1.154E+4,
2.684E008,1.162E+4,
2.688E008,1.165E+4,
2.692E008,1.138E+4,
2.696E008,1.131E+4,
2.7E08,1.121E+4,
2.704E008,1.169E+4,
2.708E008,1.146E+4,
2.712E008,1.164E+4,
2.716E008,1.173E+4,
2.72E08,1.154E+4,
2.724E008,1.153E+4,
2.728E008,1.156E+4,
2.732E008,1.164E+4,
2.736E008,1.156E+4,
2.74E08,1.165E+4,
2.744E008,1.173E+4,
2.748E008,1.146E+4,
2.752E008,1.168E+4,
2.756E008,1.163E+4,
2.76E08,1.148E+4,
2.764E008,1.166E+4,
2.768E008,1.170E+4,
2.772E008,1.151E+4,
2.776E008,1.136E+4,
2.78E08,1.143E+4,
2.784E008,1.135E+4,
2.788E008,1.159E+4,
2.792E008,1.160E+4,
2.796E008,1.141E+4,
2.8E08,1.158E+4,
2.804E008,1.178E+4,
2.808E008,1.158E+4,
2.812E008,1.144E+4,
2.816E008,1.160E+4,
2.82E08,1.149E+4,
2.824E008,1.139E+4,
2.828E008,1.151E+4,
2.832E008,1.146E+4,
2.836E008,1.171E+4,
2.84E08,1.154E+4,
2.844E008,1.152E+4,
2.848E008,1.147E+4,
2.852E008,1.158E+4,
2.856E008,1.151E+4,
2.86E08,1.145E+4,
2.864E008,1.141E+4,
2.868E008,1.148E+4,
2.872E008,1.158E+4,
2.876E008,1.167E+4,
2.88E08,1.143E+4,
2.884E008,1.139E+4,
2.888E008,1.141E+4,
2.892E008,1.154E+4,
2.896E008,1.121E+4,
2.9E08,1.165E+4,
2.904E008,1.133E+4,
2.908E008,1.144E+4,
2.912E008,1.134E+4,
2.916E008,1.148E+4,
2.92E08,1.149E+4,
2.924E008,1.159E+4,
2.928E008,1.145E+4,
2.932E008,1.139E+4,
2.936E008,1.137E+4,
2.94E08,1.160E+4,
2.944E008,1.150E+4,
2.948E008,1.143E+4,
2.952E008,1.152E+4,
2.956E008,1.165E+4,
2.96E08,1.164E+4,
2.964E008,1.160E+4,
2.968E008,1.155E+4,
2.972E008,1.140E+4,
2.976E008,1.165E+4,
2.98E08,1.155E+4,
2.984E008,1.183E+4,
2.988E008,1.150E+4,
2.992E008,1.146E+4,
2.996E008,1.145E+4,
3E08,1.137E+4,
3.004E008,1.161E+4,
3.008E008,1.159E+4,
3.012E008,1.161E+4,
3.016E008,1.140E+4,
3.02E08,1.170E+4,
3.024E008,1.169E+4,
3.028E008,1.137E+4,
3.032E008,1.161E+4,
3.036E008,1.172E+4,
3.04E08,1.133E+4,
3.044E008,1.128E+4,
3.048E008,1.157E+4,
3.052E008,1.163E+4,
3.056E008,1.152E+4,
3.06E08,1.165E+4,
3.064E008,1.151E+4,
3.068E008,1.164E+4,
3.072E008,1.146E+4,
3.076E008,1.153E+4,
3.08E08,1.152E+4,
3.084E008,1.155E+4,
3.088E008,1.147E+4,
3.092E008,1.154E+4,
3.096E008,1.162E+4,
3.1E08,1.173E+4,
3.104E008,1.156E+4,
3.108E008,1.133E+4,
3.112E008,1.153E+4,
3.116E008,1.154E+4,
3.12E08,1.154E+4,
3.124E008,1.154E+4,
3.128E008,1.167E+4,
3.132E008,1.161E+4,
3.136E008,1.159E+4,
3.14E08,1.158E+4,
3.144E008,1.149E+4,
3.148E008,1.153E+4,
3.152E008,1.162E+4,
3.156E008,1.164E+4,
3.16E08,1.158E+4,
3.164E008,1.148E+4,
3.168E008,1.149E+4,
3.172E008,1.152E+4,
3.176E008,1.153E+4,
3.18E08,1.153E+4,
3.184E008,1.150E+4,
3.188E008,1.154E+4,
3.192E008,1.153E+4,
3.196E008,1.155E+4,
3.2E08,1.138E+4,
3.204E008,1.155E+4,
3.208E008,1.145E+4,
3.212E008,1.158E+4,
3.216E008,1.154E+4,
3.22E08,1.146E+4,
3.224E008,1.138E+4,
3.228E008,1.170E+4,
3.232E008,1.154E+4,
3.236E008,1.157E+4,
3.24E08,1.143E+4,
3.244E008,1.140E+4,
3.248E008,1.143E+4,
3.252E008,1.174E+4,
3.256E008,1.144E+4,
3.26E08,1.149E+4,
3.264E008,1.140E+4,
3.268E008,1.163E+4,
3.272E008,1.146E+4,
3.276E008,1.165E+4,
3.28E08,1.147E+4,
3.284E008,1.172E+4,
3.288E008,1.139E+4,
3.292E008,1.154E+4,
3.296E008,1.153E+4,
3.3E08,1.184E+4,
3.304E008,1.143E+4,
3.308E008,1.111E+4,
3.312E008,1.160E+4,
3.316E008,1.140E+4,
3.32E08,1.157E+4,
3.324E008,1.138E+4,
3.328E008,1.162E+4,
3.332E008,1.157E+4,
3.336E008,1.142E+4,
3.34E08,1.131E+4,
3.344E008,1.157E+4,
3.348E008,1.141E+4,
3.352E008,1.131E+4,
3.356E008,1.150E+4,
3.36E08,1.175E+4,
3.364E008,1.148E+4,
3.368E008,1.137E+4,
3.372E008,1.175E+4,
3.376E008,1.152E+4,
3.38E08,1.158E+4,
3.384E008,1.155E+4,
3.388E008,1.146E+4,
3.392E008,1.144E+4,
3.396E008,1.138E+4,
3.4E08,1.142E+4,
3.404E008,1.152E+4,
3.408E008,1.144E+4,
3.412E008,1.150E+4,
3.416E008,1.140E+4,
3.42E08,1.156E+4,
3.424E008,1.156E+4,
3.428E008,1.160E+4,
3.432E008,1.146E+4,
3.436E008,1.149E+4,
3.44E08,1.162E+4,
3.444E008,1.137E+4,
3.448E008,1.143E+4,
3.452E008,1.150E+4,
3.456E008,1.168E+4,
3.46E08,1.140E+4,
3.464E008,1.154E+4,
3.468E008,1.156E+4,
3.472E008,1.160E+4,
3.476E008,1.145E+4,
3.48E08,1.152E+4,
3.484E008,1.149E+4,
3.488E008,1.164E+4,
3.492E008,1.136E+4,
3.496E008,1.167E+4,
3.5E08,1.142E+4,
3.504E008,1.146E+4,
3.508E008,1.153E+4,
3.512E008,1.141E+4,
3.516E008,1.148E+4,
3.52E08,1.134E+4,
3.524E008,1.154E+4,
3.528E008,1.152E+4,
3.532E008,1.151E+4,
3.536E008,1.154E+4,
3.54E08,1.134E+4,
3.544E008,1.156E+4,
3.548E008,1.156E+4,
3.552E008,1.141E+4,
3.556E008,1.181E+4,
3.56E08,1.159E+4,
3.564E008,1.147E+4,
3.568E008,1.158E+4,
3.572E008,1.138E+4,
3.576E008,1.157E+4,
3.58E08,1.166E+4,
3.584E008,1.150E+4,
3.588E008,1.184E+4,
3.592E008,1.140E+4,
3.596E008,1.158E+4,
3.6E08,1.129E+4,
3.604E008,1.168E+4,
3.608E008,1.154E+4,
3.612E008,1.138E+4,
3.616E008,1.156E+4,
3.62E08,1.137E+4,
3.624E008,1.141E+4,
3.628E008,1.150E+4,
3.632E008,1.162E+4,
3.636E008,1.158E+4,
3.64E08,1.154E+4,
3.644E008,1.158E+4,
3.648E008,1.135E+4,
3.652E008,1.153E+4,
3.656E008,1.156E+4,
3.66E08,1.149E+4,
3.664E008,1.134E+4,
3.668E008,1.151E+4,
3.672E008,1.157E+4,
3.676E008,1.143E+4,
3.68E08,1.159E+4,
3.684E008,1.154E+4,
3.688E008,1.160E+4,
3.692E008,1.152E+4,
3.696E008,1.143E+4,
3.7E08,1.143E+4,
3.704E008,1.140E+4,
3.708E008,1.155E+4,
3.712E008,1.142E+4,
3.716E008,1.146E+4,
3.72E08,1.143E+4,
3.724E008,1.127E+4,
3.728E008,1.142E+4,
3.732E008,1.134E+4,
3.736E008,1.155E+4,
3.74E08,1.154E+4,
3.744E008,1.149E+4,
3.748E008,1.149E+4,
3.752E008,1.130E+4,
3.756E008,1.157E+4,
3.76E08,1.137E+4,
3.764E008,1.153E+4,
3.768E008,1.170E+4,
3.772E008,1.149E+4,
3.776E008,1.158E+4,
3.78E08,1.145E+4,
3.784E008,1.126E+4,
3.788E008,1.170E+4,
3.792E008,1.151E+4,
3.796E008,1.156E+4,
3.8E08,1.156E+4,
3.804E008,1.155E+4,
3.808E008,1.156E+4,
3.812E008,1.148E+4,
3.816E008,1.155E+4,
3.82E08,1.131E+4,
3.824E008,1.137E+4,
3.828E008,1.131E+4,
3.832E008,1.156E+4,
3.836E008,1.157E+4,
3.84E08,1.148E+4,
3.844E008,1.161E+4,
3.848E008,1.147E+4,
3.852E008,1.135E+4,
3.856E008,1.175E+4,
3.86E08,1.155E+4,
3.864E008,1.140E+4,
3.868E008,1.146E+4,
3.872E008,1.145E+4,
3.876E008,1.130E+4,
3.88E08,1.134E+4,
3.884E008,1.129E+4,
3.888E008,1.136E+4,
3.892E008,1.156E+4,
3.896E008,1.172E+4,
3.9E08,1.121E+4,
3.904E008,1.150E+4,
3.908E008,1.138E+4,
3.912E008,1.139E+4,
3.916E008,1.152E+4,
3.92E08,1.144E+4,
3.924E008,1.137E+4,
3.928E008,1.140E+4,
3.932E008,1.154E+4,
3.936E008,1.151E+4,
3.94E08,1.156E+4,
3.944E008,1.133E+4,
3.948E008,1.160E+4,
3.952E008,1.130E+4,
3.956E008,1.136E+4,
3.96E08,1.152E+4,
3.964E008,1.135E+4,
3.968E008,1.157E+4,
3.972E008,1.147E+4,
3.976E008,1.148E+4,
3.98E08,1.130E+4,
3.984E008,1.143E+4,
3.988E008,1.144E+4,
3.992E008,1.182E+4,
3.996E008,1.164E+4,
