Labels,T2_2ms,
Type,Time Scan,
Comment,,
Start,0.00,
Stop,1.998E008,
Step,2E05,
Fixed/Offset, ,
XAxis,Time,
YAxis,Counts,

0.00,8.671E+3,
2E05,2.542E+4,
4E05,4.401E+4,
6E05,6.148E+4,
800000.060000,7.875E+4,
1E06,9.496E+4,
1.2E06,1.103E+5,
1.4E06,1.259E+5,
1.6E06,1.406E+5,
1.8E06,1.547E+5,
2E06,1.672E+5,
2.2E06,1.690E+5,
2.4E06,1.669E+5,
2.6E06,1.639E+5,
2.8E06,1.616E+5,
3E06,1.591E+5,
3.2E06,1.571E+5,
3.4E06,1.550E+5,
3.6E06,1.519E+5,
3.8E06,1.497E+5,
4E06,1.474E+5,
4.2E06,1.449E+5,
4.4E06,1.438E+5,
4.6E06,1.409E+5,
4.8E06,1.397E+5,
5E06,1.373E+5,
5.2E06,1.359E+5,
5.4E06,1.336E+5,
5.6E06,1.317E+5,
5.8E06,1.306E+5,
6E06,1.283E+5,
6.2E06,1.250E+5,
6400000.500000,1.238E+5,
6600000.500000,1.223E+5,
6800000.500000,1.201E+5,
7000000.500000,1.191E+5,
7200000.600000,1.166E+5,
7400000.600000,1.153E+5,
7600000.600000,1.133E+5,
7800000.600000,1.122E+5,
8000000.600000,1.104E+5,
8200000.600000,1.090E+5,
8400000.700000,1.075E+5,
8600000.700000,1.055E+5,
8800000.700000,1.033E+5,
9000000.700000,1.030E+5,
9200000.700000,1.013E+5,
9400000.700000,9.974E+4,
9600000.800000,9.801E+4,
9800000.800000,9.682E+4,
1E07,9.548E+4,
1.02E07,9.464E+4,
1.04E07,9.294E+4,
1.06E07,9.147E+4,
1.08E07,9.014E+4,
1.1E07,8.865E+4,
1.12E07,8.781E+4,
1.14E07,8.652E+4,
1.16E07,8.507E+4,
1.18E07,8.422E+4,
1.2E07,8.304E+4,
1.22E07,8.159E+4,
1.24E07,8.027E+4,
1.26E07,7.956E+4,
1.28E07,7.870E+4,
1.3E07,7.742E+4,
1.32E07,7.622E+4,
1.34E07,7.536E+4,
1.36E07,7.485E+4,
1.38E07,7.298E+4,
1.4E07,7.187E+4,
1.42E07,7.099E+4,
1.44E07,7.027E+4,
1.46E07,6.876E+4,
1.48E07,6.828E+4,
1.5E07,6.680E+4,
1.52E07,6.616E+4,
1.54E07,6.497E+4,
1.56E07,6.447E+4,
1.58E07,6.386E+4,
1.6E07,6.270E+4,
1.62E07,6.162E+4,
1.64E07,6.072E+4,
1.66E07,6.025E+4,
1.68E07,5.941E+4,
1.7E07,5.825E+4,
1.72E07,5.769E+4,
1.74E07,5.722E+4,
1.76E07,5.641E+4,
1.78E07,5.532E+4,
1.8E07,5.507E+4,
1.82E07,5.372E+4,
1.84E07,5.274E+4,
1.86E07,5.233E+4,
1.88E07,5.155E+4,
1.9E07,5.103E+4,
1.92E07,5.032E+4,
1.94E07,4.935E+4,
1.96E07,4.898E+4,
1.98E07,4.848E+4,
2E07,4.724E+4,
2.02E07,4.667E+4,
2.04E07,4.642E+4,
2.06E07,4.564E+4,
2.08E07,4.540E+4,
2.1E07,4.426E+4,
2.12E07,4.401E+4,
2.14E07,4.358E+4,
2.16E07,4.295E+4,
2.18E07,4.229E+4,
2.2E07,4.192E+4,
2.22E07,4.142E+4,
2.24E07,4.069E+4,
2.26E07,4.010E+4,
2.28E07,3.978E+4,
2.3E07,3.894E+4,
2.32E07,3.866E+4,
2.34E07,3.811E+4,
2.36E07,3.750E+4,
2.38E07,3.705E+4,
2.4E07,3.714E+4,
2.42E07,3.612E+4,
2.44E07,3.567E+4,
2.46E07,3.536E+4,
2.48E07,3.486E+4,
2.5E07,3.425E+4,
2.52E07,3.400E+4,
2.54E07,3.324E+4,
2.56E07,3.357E+4,
2.58E07,3.252E+4,
2.6E07,3.235E+4,
2.62E07,3.212E+4,
2.64E07,3.169E+4,
2.66E07,3.118E+4,
2.68E07,3.116E+4,
2.7E07,3.042E+4,
2.72E07,2.975E+4,
2.74E07,3.006E+4,
2.76E07,2.933E+4,
2.78E07,2.902E+4,
2.8E07,2.878E+4,
2.82E07,2.830E+4,
2.84E07,2.795E+4,
2.86E07,2.746E+4,
2.88E07,2.767E+4,
2.9E07,2.730E+4,
2.92E07,2.657E+4,
2.94E07,2.626E+4,
2.96E07,2.587E+4,
2.98E07,2.577E+4,
3E07,2.544E+4,
3.02E07,2.532E+4,
3.04E07,2.498E+4,
3.06E07,2.474E+4,
3.08E07,2.422E+4,
3.1E07,2.422E+4,
3.12E07,2.366E+4,
3.14E07,2.323E+4,
3.16E07,2.338E+4,
3.18E07,2.330E+4,
3.2E07,2.273E+4,
3.22E07,2.272E+4,
3.24E07,2.251E+4,
3.26E07,2.239E+4,
3.28E07,2.193E+4,
3.3E07,2.174E+4,
3.32E07,2.150E+4,
3.34E07,2.129E+4,
3.36E07,2.086E+4,
3.38E07,2.058E+4,
3.4E07,2.041E+4,
3.42E07,2.015E+4,
3.44E07,2.001E+4,
3.46E07,1.987E+4,
3.48E07,1.950E+4,
3.5E07,1.952E+4,
3.52E07,1.911E+4,
3.54E07,1.899E+4,
3.56E07,1.889E+4,
3.58E07,1.856E+4,
3.6E07,1.858E+4,
3.62E07,1.846E+4,
3.64E07,1.837E+4,
3.66E07,1.815E+4,
3.68E07,1.802E+4,
3.7E07,1.763E+4,
3.72E07,1.749E+4,
3.74E07,1.726E+4,
3.76E07,1.735E+4,
3.78E07,1.702E+4,
3.8E07,1.684E+4,
3.82E07,1.666E+4,
3.84E07,1.624E+4,
3.86E07,1.635E+4,
3.88E07,1.611E+4,
3.9E07,1.593E+4,
3.92E07,1.575E+4,
3.94E07,1.579E+4,
3.96E07,1.555E+4,
3.98E07,1.565E+4,
4E07,1.529E+4,
4.02E07,1.495E+4,
4.04E07,1.520E+4,
4.06E07,1.517E+4,
4.08E07,1.513E+4,
4.1E07,1.470E+4,
4.12E07,1.462E+4,
4.14E07,1.442E+4,
4.16E07,1.419E+4,
4.18E07,1.442E+4,
4.2E07,1.427E+4,
4.22E07,1.402E+4,
4.24E07,1.386E+4,
4.26E07,1.378E+4,
4.28E07,1.354E+4,
4.3E07,1.349E+4,
4.32E07,1.341E+4,
4.34E07,1.341E+4,
4.36E07,1.320E+4,
4.38E07,1.317E+4,
4.4E07,1.307E+4,
4.42E07,1.300E+4,
4.44E07,1.274E+4,
4.46E07,1.279E+4,
4.48E07,1.270E+4,
4.5E07,1.249E+4,
4.52E07,1.246E+4,
4.54E07,1.227E+4,
4.56E07,1.239E+4,
4.58E07,1.220E+4,
4.6E07,1.214E+4,
4.62E07,1.231E+4,
4.64E07,1.206E+4,
4.66E07,1.208E+4,
4.68E07,1.193E+4,
4.7E07,1.176E+4,
4.72E07,1.169E+4,
4.74E07,1.152E+4,
4.76E07,1.150E+4,
4.78E07,1.143E+4,
4.8E07,1.139E+4,
4.82E07,1.148E+4,
4.84E07,1.138E+4,
4.86E07,1.148E+4,
4.88E07,1.119E+4,
4.9E07,1.095E+4,
4.92E07,1.103E+4,
4.94E07,1.099E+4,
4.96E07,1.099E+4,
4.98E07,1.075E+4,
5E07,1.088E+4,
5.02E07,1.071E+4,
5.04E07,1.063E+4,
5.06E07,1.050E+4,
5.08E07,1.049E+4,
5.1E07,1.035E+4,
5.12E07,1.032E+4,
5.14E07,1.048E+4,
5.16E07,1.023E+4,
5.18E07,1.040E+4,
5.2E07,1.008E+4,
5.22E07,1.022E+4,
5.24E07,1.019E+4,
5.26E07,1.005E+4,
5.28E07,9.918E+3,
5.3E07,1.003E+4,
5.32E07,9.973E+3,
5.34E07,9.709E+3,
5.36E07,9.857E+3,
5.38E07,9.881E+3,
5.4E07,9.790E+3,
5.42E07,9.679E+3,
5.44E07,9.763E+3,
5.46E07,9.592E+3,
5.48E07,9.720E+3,
5.5E07,9.496E+3,
5.52E07,9.349E+3,
5.54E07,9.219E+3,
5.56E07,9.434E+3,
5.58E07,9.372E+3,
5.6E07,9.214E+3,
5.62E07,9.102E+3,
5.64E07,9.400E+3,
5.66E07,9.310E+3,
5.68E07,9.298E+3,
5.7E07,9.271E+3,
5.72E07,8.970E+3,
5.74E07,8.967E+3,
5.76E07,9.182E+3,
5.78E07,9.056E+3,
5.8E07,8.740E+3,
5.82E07,8.965E+3,
5.84E07,8.933E+3,
5.86E07,8.922E+3,
5.88E07,8.964E+3,
5.9E07,8.651E+3,
5.92E07,8.571E+3,
5.94E07,8.774E+3,
5.96E07,8.648E+3,
5.98E07,8.785E+3,
6E07,8.632E+3,
6.02E07,8.521E+3,
6.04E07,8.749E+3,
6.06E07,8.579E+3,
6.08E07,8.523E+3,
6.1E07,8.562E+3,
6.12E07,8.618E+3,
6.14E07,8.495E+3,
6.16E07,8.573E+3,
6.18E07,8.432E+3,
6.2E07,8.440E+3,
6.22E07,8.345E+3,
6.24E07,8.322E+3,
6.26E07,8.438E+3,
6.28E07,8.381E+3,
6.3E07,8.511E+3,
6.32E07,8.338E+3,
6.34E07,8.225E+3,
6.36E07,8.220E+3,
6.38E07,8.242E+3,
64000005.000000,8.248E+3,
64200005.000000,8.383E+3,
64400005.000000,8.343E+3,
64600005.000000,8.076E+3,
64800005.000000,8.066E+3,
65000005.000000,8.177E+3,
65200005.000000,7.979E+3,
65400005.000000,7.990E+3,
65600005.000000,7.941E+3,
65800005.000000,8.091E+3,
66000005.000000,7.911E+3,
66200005.000000,8.047E+3,
66400005.000000,7.979E+3,
66600005.000000,7.928E+3,
66800005.000000,7.979E+3,
67000005.000000,7.928E+3,
67200005.000000,7.893E+3,
67400005.000000,7.761E+3,
67600005.000000,7.740E+3,
67800005.000000,7.886E+3,
68000005.000000,7.955E+3,
68200005.000000,7.905E+3,
68400005.000000,7.858E+3,
68600005.000000,7.558E+3,
68800005.000000,7.743E+3,
69000005.000000,7.578E+3,
69200005.000000,7.534E+3,
69400005.000000,7.730E+3,
69600005.000000,7.878E+3,
69800005.000000,7.824E+3,
70000005.000000,7.718E+3,
70200005.000000,7.846E+3,
70400006.000000,7.612E+3,
70600006.000000,7.796E+3,
70800006.000000,7.561E+3,
71000006.000000,7.672E+3,
71200006.000000,7.648E+3,
71400006.000000,7.723E+3,
71600006.000000,7.581E+3,
71800006.000000,7.637E+3,
72000006.000000,7.603E+3,
72200006.000000,7.671E+3,
72400006.000000,7.562E+3,
72600006.000000,7.668E+3,
72800006.000000,7.568E+3,
73000006.000000,7.633E+3,
73200006.000000,7.686E+3,
73400006.000000,7.509E+3,
73600006.000000,7.485E+3,
73800006.000000,7.488E+3,
74000006.000000,7.452E+3,
74200006.000000,7.483E+3,
74400006.000000,7.534E+3,
74600006.000000,7.531E+3,
74800006.000000,7.547E+3,
75000006.000000,7.430E+3,
75200006.000000,7.517E+3,
75400006.000000,7.488E+3,
75600006.000000,7.396E+3,
75800006.000000,7.120E+3,
76000006.000000,7.423E+3,
76200006.000000,7.451E+3,
76400006.000000,7.507E+3,
76600006.000000,7.547E+3,
76800006.000000,7.304E+3,
77000006.000000,7.415E+3,
77200006.000000,7.485E+3,
77400006.000000,7.279E+3,
77600006.000000,7.278E+3,
77800006.000000,7.268E+3,
78000006.000000,7.453E+3,
78200006.000000,7.178E+3,
78400006.000000,7.418E+3,
78600006.000000,7.321E+3,
78800006.000000,7.270E+3,
79000006.000000,7.399E+3,
79200006.000000,7.436E+3,
79400006.000000,7.466E+3,
79600006.000000,7.474E+3,
79800006.000000,7.374E+3,
80000006.000000,7.220E+3,
80200006.000000,7.395E+3,
80400006.000000,7.189E+3,
80600006.000000,7.280E+3,
80800006.000000,7.370E+3,
81000006.000000,7.331E+3,
81200006.000000,7.265E+3,
81400006.000000,7.202E+3,
81600006.000000,7.306E+3,
81800006.000000,7.284E+3,
82000006.000000,7.252E+3,
82200006.000000,7.144E+3,
82400006.000000,7.183E+3,
82600006.000000,7.122E+3,
82800006.000000,7.228E+3,
83000006.000000,7.292E+3,
83200007.000000,7.148E+3,
83400007.000000,7.258E+3,
83600007.000000,7.118E+3,
83800007.000000,7.300E+3,
84000007.000000,7.134E+3,
84200007.000000,7.153E+3,
84400007.000000,7.171E+3,
84600007.000000,7.146E+3,
84800007.000000,7.019E+3,
85000007.000000,7.195E+3,
85200007.000000,7.047E+3,
85400007.000000,7.088E+3,
85600007.000000,7.318E+3,
85800007.000000,7.102E+3,
86000007.000000,7.073E+3,
86200007.000000,6.982E+3,
86400007.000000,7.091E+3,
86600007.000000,7.165E+3,
86800007.000000,7.068E+3,
87000007.000000,7.185E+3,
87200007.000000,7.369E+3,
87400007.000000,7.023E+3,
87600007.000000,7.102E+3,
87800007.000000,7.413E+3,
88000007.000000,7.123E+3,
88200007.000000,7.124E+3,
88400007.000000,7.027E+3,
88600007.000000,7.074E+3,
88800007.000000,6.993E+3,
89000007.000000,7.133E+3,
89200007.000000,6.996E+3,
89400007.000000,7.046E+3,
89600007.000000,6.876E+3,
89800007.000000,7.085E+3,
90000007.000000,7.035E+3,
90200007.000000,7.126E+3,
90400007.000000,7.006E+3,
90600007.000000,7.043E+3,
90800007.000000,7.256E+3,
91000007.000000,7.084E+3,
91200007.000000,7.015E+3,
91400007.000000,7.064E+3,
91600007.000000,7.157E+3,
91800007.000000,7.121E+3,
92000007.000000,7.132E+3,
92200007.000000,7.145E+3,
92400007.000000,7.041E+3,
92600007.000000,7.173E+3,
92800007.000000,7.056E+3,
93000007.000000,7.122E+3,
93200007.000000,6.989E+3,
93400007.000000,7.205E+3,
93600007.000000,7.165E+3,
93800007.000000,7.100E+3,
94000007.000000,7.164E+3,
94200007.000000,7.071E+3,
94400007.000000,7.066E+3,
94600007.000000,7.093E+3,
94800007.000000,7.083E+3,
95000007.000000,6.949E+3,
95200007.000000,7.123E+3,
95400007.000000,7.024E+3,
95600007.000000,7.099E+3,
95800007.000000,7.129E+3,
96000008.000000,7.044E+3,
96200008.000000,7.061E+3,
96400008.000000,7.029E+3,
96600008.000000,7.001E+3,
96800008.000000,6.968E+3,
97000008.000000,7.041E+3,
97200008.000000,7.159E+3,
97400008.000000,7.141E+3,
97600008.000000,7.127E+3,
97800008.000000,6.865E+3,
98000008.000000,7.039E+3,
98200008.000000,6.938E+3,
98400008.000000,6.758E+3,
98600008.000000,7.072E+3,
98800008.000000,7.083E+3,
99000008.000000,7.162E+3,
99200008.000000,7.177E+3,
99400008.000000,7.054E+3,
99600008.000000,7.232E+3,
99800008.000000,6.923E+3,
1E08,6.890E+3,
1.002E008,6.955E+3,
1.004E008,7.060E+3,
1.006E008,6.997E+3,
1.008E008,7.009E+3,
1.01E08,7.039E+3,
1.012E008,7.013E+3,
1.014E008,7.005E+3,
1.016E008,6.923E+3,
1.018E008,6.940E+3,
1.02E08,6.799E+3,
1.022E008,7.058E+3,
1.024E008,7.083E+3,
1.026E008,7.068E+3,
1.028E008,7.192E+3,
1.03E08,7.064E+3,
1.032E008,6.928E+3,
1.034E008,6.986E+3,
1.036E008,7.169E+3,
1.038E008,6.864E+3,
1.04E08,6.998E+3,
1.042E008,7.043E+3,
1.044E008,7.092E+3,
1.046E008,6.849E+3,
1.048E008,7.007E+3,
1.05E08,6.989E+3,
1.052E008,7.015E+3,
1.054E008,7.201E+3,
1.056E008,6.986E+3,
1.058E008,7.019E+3,
1.06E08,6.978E+3,
1.062E008,7.200E+3,
1.064E008,6.894E+3,
1.066E008,6.926E+3,
1.068E008,6.879E+3,
1.07E08,7.118E+3,
1.072E008,7.030E+3,
1.074E008,7.154E+3,
1.076E008,6.848E+3,
1.078E008,7.015E+3,
1.08E08,7.002E+3,
1.082E008,6.906E+3,
1.084E008,7.054E+3,
1.086E008,6.837E+3,
1.088E008,7.022E+3,
1.09E08,6.919E+3,
1.092E008,7.144E+3,
1.094E008,6.969E+3,
1.096E008,7.039E+3,
1.098E008,7.042E+3,
1.1E08,6.923E+3,
1.102E008,7.197E+3,
1.104E008,6.942E+3,
1.106E008,6.952E+3,
1.108E008,6.937E+3,
1.11E08,7.065E+3,
1.112E008,7.076E+3,
1.114E008,7.014E+3,
1.116E008,6.945E+3,
1.118E008,6.944E+3,
1.12E08,6.827E+3,
1.122E008,6.869E+3,
1.124E008,6.946E+3,
1.126E008,6.929E+3,
1.128E008,6.934E+3,
1.13E08,7.182E+3,
1.132E008,6.967E+3,
1.134E008,6.886E+3,
1.136E008,6.782E+3,
1.138E008,7.114E+3,
1.14E08,7.041E+3,
1.142E008,7.100E+3,
1.144E008,6.846E+3,
1.146E008,6.932E+3,
1.148E008,6.930E+3,
1.15E08,6.932E+3,
1.152E008,6.829E+3,
1.154E008,7.024E+3,
1.156E008,6.989E+3,
1.158E008,6.855E+3,
1.16E08,7.017E+3,
1.162E008,6.955E+3,
1.164E008,6.970E+3,
1.166E008,6.997E+3,
1.168E008,6.836E+3,
1.17E08,7.020E+3,
1.172E008,6.875E+3,
1.174E008,7.074E+3,
1.176E008,6.946E+3,
1.178E008,6.924E+3,
1.18E08,6.956E+3,
1.182E008,6.977E+3,
1.184E008,7.010E+3,
1.186E008,6.996E+3,
1.188E008,6.912E+3,
1.19E08,6.939E+3,
1.192E008,7.030E+3,
1.194E008,6.930E+3,
1.196E008,6.918E+3,
1.198E008,6.905E+3,
1.2E08,7.106E+3,
1.202E008,6.913E+3,
1.204E008,7.036E+3,
1.206E008,6.906E+3,
1.208E008,6.958E+3,
1.21E08,6.996E+3,
1.212E008,6.739E+3,
1.214E008,6.848E+3,
1.216E008,7.056E+3,
1.218E008,6.911E+3,
1.22E08,7.050E+3,
1.222E008,6.876E+3,
1.224E008,6.896E+3,
1.226E008,6.939E+3,
1.228E008,7.003E+3,
1.23E08,7.020E+3,
1.232E008,7.143E+3,
1.234E008,6.912E+3,
1.236E008,7.145E+3,
1.238E008,7.063E+3,
1.24E08,6.693E+3,
1.242E008,6.807E+3,
1.244E008,6.947E+3,
1.246E008,7.080E+3,
1.248E008,6.993E+3,
1.25E08,6.963E+3,
1.252E008,6.910E+3,
1.254E008,7.036E+3,
1.256E008,6.973E+3,
1.258E008,7.004E+3,
1.26E08,6.802E+3,
1.262E008,6.867E+3,
1.264E008,6.992E+3,
1.266E008,7.011E+3,
1.268E008,6.863E+3,
1.27E08,7.018E+3,
1.272E008,6.992E+3,
1.274E008,7.029E+3,
1.276E008,6.787E+3,
1.278E008,6.856E+3,
1.28E08,6.914E+3,
1.282E008,7.071E+3,
1.284E008,7.077E+3,
1.286E008,6.949E+3,
1.288E008,6.911E+3,
1.29E08,6.880E+3,
1.292E008,6.832E+3,
1.294E008,7.009E+3,
1.296E008,6.862E+3,
1.298E008,7.069E+3,
1.3E08,6.856E+3,
1.302E008,6.902E+3,
1.304E008,7.013E+3,
1.306E008,6.964E+3,
1.308E008,6.838E+3,
1.31E08,7.025E+3,
1.312E008,7.093E+3,
1.314E008,6.915E+3,
1.316E008,6.757E+3,
1.318E008,6.960E+3,
1.32E08,6.894E+3,
1.322E008,7.014E+3,
1.324E008,6.955E+3,
1.326E008,7.159E+3,
1.328E008,6.918E+3,
1.33E08,6.902E+3,
1.332E008,7.025E+3,
1.334E008,6.698E+3,
1.336E008,6.856E+3,
1.338E008,6.911E+3,
1.34E08,6.836E+3,
1.342E008,6.889E+3,
1.344E008,7.037E+3,
1.346E008,7.001E+3,
1.348E008,6.840E+3,
1.35E08,7.109E+3,
1.352E008,6.799E+3,
1.354E008,6.924E+3,
1.356E008,6.984E+3,
1.358E008,6.874E+3,
1.36E08,6.811E+3,
1.362E008,6.964E+3,
1.364E008,6.873E+3,
1.366E008,7.091E+3,
1.368E008,6.877E+3,
1.37E08,7.096E+3,
1.372E008,6.903E+3,
1.374E008,7.002E+3,
1.376E008,7.109E+3,
1.378E008,6.967E+3,
1.38E08,6.800E+3,
1.382E008,7.028E+3,
1.384E008,6.939E+3,
1.386E008,7.008E+3,
1.388E008,6.855E+3,
1.39E08,6.922E+3,
1.392E008,6.963E+3,
1.394E008,6.873E+3,
1.396E008,7.007E+3,
1.398E008,7.184E+3,
1.4E08,6.838E+3,
1.402E008,6.797E+3,
1.404E008,6.802E+3,
1.406E008,6.893E+3,
1.408E008,7.031E+3,
1.41E08,7.051E+3,
1.412E008,6.867E+3,
1.414E008,7.179E+3,
1.416E008,6.752E+3,
1.418E008,6.934E+3,
1.42E08,6.875E+3,
1.422E008,6.799E+3,
1.424E008,6.977E+3,
1.426E008,7.023E+3,
1.428E008,6.901E+3,
1.43E08,6.892E+3,
1.432E008,7.095E+3,
1.434E008,6.973E+3,
1.436E008,6.816E+3,
1.438E008,6.927E+3,
1.44E08,6.982E+3,
1.442E008,6.889E+3,
1.444E008,6.704E+3,
1.446E008,7.020E+3,
1.448E008,6.905E+3,
1.45E08,6.926E+3,
1.452E008,6.972E+3,
1.454E008,7.022E+3,
1.456E008,6.966E+3,
1.458E008,6.973E+3,
1.46E08,7.074E+3,
1.462E008,7.118E+3,
1.464E008,6.910E+3,
1.466E008,6.911E+3,
1.468E008,6.793E+3,
1.47E08,7.027E+3,
1.472E008,6.972E+3,
1.474E008,7.013E+3,
1.476E008,6.972E+3,
1.478E008,6.940E+3,
1.48E08,6.876E+3,
1.482E008,6.934E+3,
1.484E008,6.897E+3,
1.486E008,6.808E+3,
1.488E008,6.837E+3,
1.49E08,6.841E+3,
1.492E008,7.061E+3,
1.494E008,6.915E+3,
1.496E008,7.076E+3,
1.498E008,6.918E+3,
1.5E08,6.825E+3,
1.502E008,6.856E+3,
1.504E008,6.995E+3,
1.506E008,7.112E+3,
1.508E008,6.874E+3,
1.51E08,7.004E+3,
1.512E008,6.967E+3,
1.514E008,7.031E+3,
1.516E008,6.954E+3,
1.518E008,6.905E+3,
1.52E08,7.097E+3,
1.522E008,6.912E+3,
1.524E008,6.836E+3,
1.526E008,7.025E+3,
1.528E008,6.982E+3,
1.53E08,6.735E+3,
1.532E008,6.697E+3,
1.534E008,6.930E+3,
1.536E008,6.780E+3,
1.538E008,6.879E+3,
1.54E08,7.040E+3,
1.542E008,7.130E+3,
1.544E008,6.785E+3,
1.546E008,6.949E+3,
1.548E008,7.164E+3,
1.55E08,7.001E+3,
1.552E008,6.967E+3,
1.554E008,6.827E+3,
1.556E008,6.975E+3,
1.558E008,7.031E+3,
1.56E08,6.975E+3,
1.562E008,6.950E+3,
1.564E008,6.783E+3,
1.566E008,6.820E+3,
1.568E008,7.088E+3,
1.57E08,6.887E+3,
1.572E008,6.998E+3,
1.574E008,6.896E+3,
1.576E008,7.083E+3,
1.578E008,7.030E+3,
1.58E08,6.909E+3,
1.582E008,6.955E+3,
1.584E008,7.029E+3,
1.586E008,6.824E+3,
1.588E008,6.980E+3,
1.59E08,6.949E+3,
1.592E008,6.860E+3,
1.594E008,6.966E+3,
1.596E008,6.974E+3,
1.598E008,7.076E+3,
1.6E08,6.833E+3,
1.602E008,6.910E+3,
1.604E008,6.714E+3,
1.606E008,7.049E+3,
1.608E008,6.996E+3,
1.61E08,6.935E+3,
1.612E008,6.929E+3,
1.614E008,6.996E+3,
1.616E008,7.006E+3,
1.618E008,6.871E+3,
1.62E08,6.869E+3,
1.622E008,6.875E+3,
1.624E008,6.894E+3,
1.626E008,6.995E+3,
1.628E008,6.922E+3,
1.63E08,6.885E+3,
1.632E008,6.803E+3,
1.634E008,6.777E+3,
1.636E008,6.997E+3,
1.638E008,6.914E+3,
1.64E08,6.990E+3,
1.642E008,7.087E+3,
1.644E008,6.868E+3,
1.646E008,6.847E+3,
1.648E008,6.952E+3,
1.65E08,6.986E+3,
1.652E008,6.922E+3,
1.654E008,6.766E+3,
1.656E008,6.951E+3,
1.658E008,7.077E+3,
1.66E08,7.025E+3,
1.662E008,6.911E+3,
1.664E008,7.022E+3,
1.666E008,6.998E+3,
1.668E008,6.852E+3,
1.67E08,6.970E+3,
1.672E008,7.023E+3,
1.674E008,6.893E+3,
1.676E008,7.083E+3,
1.678E008,6.935E+3,
1.68E08,6.888E+3,
1.682E008,7.029E+3,
1.684E008,6.906E+3,
1.686E008,6.801E+3,
1.688E008,6.856E+3,
1.69E08,6.902E+3,
1.692E008,6.902E+3,
1.694E008,6.938E+3,
1.696E008,7.018E+3,
1.698E008,6.845E+3,
1.7E08,6.940E+3,
1.702E008,6.826E+3,
1.704E008,6.962E+3,
1.706E008,7.074E+3,
1.708E008,6.974E+3,
1.71E08,7.047E+3,
1.712E008,6.975E+3,
1.714E008,6.754E+3,
1.716E008,6.875E+3,
1.718E008,6.966E+3,
1.72E08,6.849E+3,
1.722E008,6.920E+3,
1.724E008,6.993E+3,
1.726E008,6.821E+3,
1.728E008,6.869E+3,
1.73E08,6.986E+3,
1.732E008,7.105E+3,
1.734E008,6.979E+3,
1.736E008,6.919E+3,
1.738E008,7.106E+3,
1.74E08,6.881E+3,
1.742E008,6.981E+3,
1.744E008,7.089E+3,
1.746E008,6.936E+3,
1.748E008,6.891E+3,
1.75E08,6.861E+3,
1.752E008,6.969E+3,
1.754E008,6.877E+3,
1.756E008,7.033E+3,
1.758E008,6.951E+3,
1.76E08,6.998E+3,
1.762E008,6.952E+3,
1.764E008,6.659E+3,
1.766E008,7.041E+3,
1.768E008,7.069E+3,
1.77E08,7.022E+3,
1.772E008,6.881E+3,
1.774E008,6.936E+3,
1.776E008,6.865E+3,
1.778E008,6.931E+3,
1.78E08,6.981E+3,
1.782E008,7.173E+3,
1.784E008,6.946E+3,
1.786E008,6.908E+3,
1.788E008,6.943E+3,
1.79E08,6.869E+3,
1.792E008,6.922E+3,
1.794E008,6.943E+3,
1.796E008,6.952E+3,
1.798E008,6.979E+3,
1.8E08,6.928E+3,
1.802E008,6.861E+3,
1.804E008,6.928E+3,
1.806E008,7.096E+3,
1.808E008,6.994E+3,
1.81E08,6.901E+3,
1.812E008,7.056E+3,
1.814E008,6.870E+3,
1.816E008,6.900E+3,
1.818E008,6.957E+3,
1.82E08,6.901E+3,
1.822E008,6.846E+3,
1.824E008,6.926E+3,
1.826E008,7.022E+3,
1.828E008,6.800E+3,
1.83E08,7.055E+3,
1.832E008,6.941E+3,
1.834E008,7.019E+3,
1.836E008,7.112E+3,
1.838E008,7.112E+3,
1.84E08,6.868E+3,
1.842E008,6.906E+3,
1.844E008,6.919E+3,
1.846E008,6.852E+3,
1.848E008,6.954E+3,
1.85E08,7.148E+3,
1.852E008,6.817E+3,
1.854E008,6.881E+3,
1.856E008,6.881E+3,
1.858E008,6.979E+3,
1.86E08,6.876E+3,
1.862E008,7.076E+3,
1.864E008,6.885E+3,
1.866E008,6.987E+3,
1.868E008,6.898E+3,
1.87E08,6.959E+3,
1.872E008,7.018E+3,
1.874E008,6.836E+3,
1.876E008,6.994E+3,
1.878E008,7.029E+3,
1.88E08,7.021E+3,
1.882E008,6.818E+3,
1.884E008,6.830E+3,
1.886E008,6.944E+3,
1.888E008,6.920E+3,
1.89E08,7.081E+3,
1.892E008,6.852E+3,
1.894E008,7.016E+3,
1.896E008,6.976E+3,
1.898E008,6.847E+3,
1.9E08,6.836E+3,
1.902E008,6.882E+3,
1.904E008,6.746E+3,
1.906E008,6.892E+3,
1.908E008,6.886E+3,
1.91E08,6.975E+3,
1.912E008,6.843E+3,
1.914E008,6.910E+3,
1.916E008,6.858E+3,
1.918E008,6.904E+3,
1.92E08,7.076E+3,
1.922E008,6.853E+3,
1.924E008,6.748E+3,
1.926E008,6.950E+3,
1.928E008,6.885E+3,
1.93E08,6.946E+3,
1.932E008,6.880E+3,
1.934E008,6.844E+3,
1.936E008,6.813E+3,
1.938E008,7.015E+3,
1.94E08,6.778E+3,
1.942E008,6.937E+3,
1.944E008,6.866E+3,
1.946E008,6.938E+3,
1.948E008,7.144E+3,
1.95E08,6.948E+3,
1.952E008,6.906E+3,
1.954E008,7.230E+3,
1.956E008,7.001E+3,
1.958E008,6.896E+3,
1.96E08,6.770E+3,
1.962E008,6.931E+3,
1.964E008,6.921E+3,
1.966E008,7.221E+3,
1.968E008,6.857E+3,
1.97E08,6.954E+3,
1.972E008,6.959E+3,
1.974E008,6.952E+3,
1.976E008,6.887E+3,
1.978E008,6.890E+3,
1.98E08,6.981E+3,
1.982E008,6.846E+3,
1.984E008,6.904E+3,
1.986E008,7.118E+3,
1.988E008,6.642E+3,
1.99E08,7.002E+3,
1.992E008,6.734E+3,
1.994E008,6.911E+3,
1.996E008,7.110E+3,
1.998E008,6.987E+3,
