Labels,T4_100ms,
Type,Time Scan,
Comment,,
Start,0.00,
Stop,3.996E008,
Step,4E05,
Fixed/Offset, ,
XAxis,Time,
YAxis,Counts,

0.00,2.157E+4,
4E05,5.678E+4,
800000.060000,9.183E+4,
1.2E06,1.243E+5,
1.6E06,1.546E+5,
2E06,1.835E+5,
2.4E06,2.116E+5,
2.8E06,2.369E+5,
3.2E06,2.628E+5,
3.6E06,2.859E+5,
4E06,3.088E+5,
4.4E06,3.305E+5,
4.8E06,3.515E+5,
5.2E06,3.705E+5,
5.6E06,3.905E+5,
6E06,4.091E+5,
6400000.500000,4.263E+5,
6800000.500000,4.426E+5,
7200000.600000,4.587E+5,
7600000.600000,4.751E+5,
8000000.600000,4.889E+5,
8400000.700000,5.023E+5,
8800000.700000,5.175E+5,
9200000.700000,5.297E+5,
9600000.800000,5.420E+5,
1E07,5.552E+5,
1.04E07,5.666E+5,
1.08E07,5.788E+5,
1.12E07,5.880E+5,
1.16E07,5.973E+5,
1.2E07,6.078E+5,
1.24E07,6.175E+5,
1.28E07,6.280E+5,
1.32E07,6.356E+5,
1.36E07,6.437E+5,
1.4E07,6.516E+5,
1.44E07,6.611E+5,
1.48E07,6.682E+5,
1.52E07,6.761E+5,
1.56E07,6.824E+5,
1.6E07,6.882E+5,
1.64E07,6.958E+5,
1.68E07,7.014E+5,
1.72E07,7.093E+5,
1.76E07,7.147E+5,
1.8E07,7.200E+5,
1.84E07,7.262E+5,
1.88E07,7.308E+5,
1.92E07,7.373E+5,
1.96E07,7.416E+5,
2E07,7.454E+5,
2.04E07,7.496E+5,
2.08E07,7.550E+5,
2.12E07,7.584E+5,
2.16E07,7.645E+5,
2.2E07,7.661E+5,
2.24E07,7.705E+5,
2.28E07,7.740E+5,
2.32E07,7.790E+5,
2.36E07,7.822E+5,
2.4E07,7.854E+5,
2.44E07,7.893E+5,
2.48E07,7.913E+5,
2.52E07,7.942E+5,
2.56E07,7.995E+5,
2.6E07,7.994E+5,
2.64E07,8.038E+5,
2.68E07,8.073E+5,
2.72E07,8.093E+5,
2.76E07,8.120E+5,
2.8E07,8.146E+5,
2.84E07,8.165E+5,
2.88E07,8.178E+5,
2.92E07,8.221E+5,
2.96E07,8.216E+5,
3E07,8.247E+5,
3.04E07,8.275E+5,
3.08E07,8.303E+5,
3.12E07,8.313E+5,
3.16E07,8.336E+5,
3.2E07,8.338E+5,
3.24E07,8.366E+5,
3.28E07,8.376E+5,
3.32E07,8.400E+5,
3.36E07,8.413E+5,
3.4E07,8.441E+5,
3.44E07,8.443E+5,
3.48E07,8.455E+5,
3.52E07,8.471E+5,
3.56E07,8.501E+5,
3.6E07,8.491E+5,
3.64E07,8.508E+5,
3.68E07,8.513E+5,
3.72E07,8.527E+5,
3.76E07,8.545E+5,
3.8E07,8.555E+5,
3.84E07,8.556E+5,
3.88E07,8.586E+5,
3.92E07,8.592E+5,
3.96E07,8.602E+5,
4E07,8.610E+5,
4.04E07,8.598E+5,
4.08E07,8.618E+5,
4.12E07,8.623E+5,
4.16E07,8.646E+5,
4.2E07,8.653E+5,
4.24E07,8.649E+5,
4.28E07,8.667E+5,
4.32E07,8.664E+5,
4.36E07,8.671E+5,
4.4E07,8.688E+5,
4.44E07,8.684E+5,
4.48E07,8.677E+5,
4.52E07,8.710E+5,
4.56E07,8.716E+5,
4.6E07,8.715E+5,
4.64E07,8.736E+5,
4.68E07,8.719E+5,
4.72E07,8.738E+5,
4.76E07,8.735E+5,
4.8E07,8.737E+5,
4.84E07,8.761E+5,
4.88E07,8.745E+5,
4.92E07,8.754E+5,
4.96E07,8.756E+5,
5E07,8.763E+5,
5.04E07,8.756E+5,
5.08E07,8.765E+5,
5.12E07,8.781E+5,
5.16E07,8.790E+5,
5.2E07,8.793E+5,
5.24E07,8.785E+5,
5.28E07,8.790E+5,
5.32E07,8.796E+5,
5.36E07,8.804E+5,
5.4E07,8.815E+5,
5.44E07,8.800E+5,
5.48E07,8.796E+5,
5.52E07,8.806E+5,
5.56E07,8.830E+5,
5.6E07,8.812E+5,
5.64E07,8.814E+5,
5.68E07,8.815E+5,
5.72E07,8.827E+5,
5.76E07,8.824E+5,
5.8E07,8.854E+5,
5.84E07,8.815E+5,
5.88E07,8.824E+5,
5.92E07,8.842E+5,
5.96E07,8.834E+5,
6E07,8.842E+5,
6.04E07,8.843E+5,
6.08E07,8.860E+5,
6.12E07,8.836E+5,
6.16E07,8.856E+5,
6.2E07,8.846E+5,
6.24E07,8.845E+5,
6.28E07,8.854E+5,
6.32E07,8.858E+5,
6.36E07,8.850E+5,
64000005.000000,8.867E+5,
64400005.000000,8.853E+5,
64800005.000000,8.861E+5,
65200005.000000,8.847E+5,
65600005.000000,8.874E+5,
66000005.000000,8.861E+5,
66400005.000000,8.878E+5,
66800005.000000,8.872E+5,
67200005.000000,8.867E+5,
67600005.000000,8.878E+5,
68000005.000000,8.883E+5,
68400005.000000,8.861E+5,
68800005.000000,8.876E+5,
69200005.000000,8.866E+5,
69600005.000000,8.871E+5,
70000005.000000,8.868E+5,
70400006.000000,8.867E+5,
70800006.000000,8.865E+5,
71200006.000000,8.878E+5,
71600006.000000,8.891E+5,
72000006.000000,8.882E+5,
72400006.000000,8.870E+5,
72800006.000000,8.891E+5,
73200006.000000,8.888E+5,
73600006.000000,8.879E+5,
74000006.000000,8.885E+5,
74400006.000000,8.904E+5,
74800006.000000,8.883E+5,
75200006.000000,8.873E+5,
75600006.000000,8.888E+5,
76000006.000000,8.899E+5,
76400006.000000,8.891E+5,
76800006.000000,8.882E+5,
77200006.000000,8.889E+5,
77600006.000000,8.890E+5,
78000006.000000,8.891E+5,
78400006.000000,8.886E+5,
78800006.000000,8.899E+5,
79200006.000000,8.886E+5,
79600006.000000,8.906E+5,
80000006.000000,8.883E+5,
80400006.000000,8.882E+5,
80800006.000000,8.897E+5,
81200006.000000,8.879E+5,
81600006.000000,8.916E+5,
82000006.000000,8.898E+5,
82400006.000000,8.895E+5,
82800006.000000,8.894E+5,
83200007.000000,8.897E+5,
83600007.000000,8.893E+5,
84000007.000000,8.884E+5,
84400007.000000,8.907E+5,
84800007.000000,8.903E+5,
85200007.000000,8.877E+5,
85600007.000000,8.884E+5,
86000007.000000,8.904E+5,
86400007.000000,8.893E+5,
86800007.000000,8.899E+5,
87200007.000000,8.900E+5,
87600007.000000,8.906E+5,
88000007.000000,8.899E+5,
88400007.000000,8.895E+5,
88800007.000000,8.905E+5,
89200007.000000,8.894E+5,
89600007.000000,8.890E+5,
90000007.000000,8.877E+5,
90400007.000000,8.900E+5,
90800007.000000,8.891E+5,
91200007.000000,8.887E+5,
91600007.000000,8.904E+5,
92000007.000000,8.888E+5,
92400007.000000,8.898E+5,
92800007.000000,8.893E+5,
93200007.000000,8.897E+5,
93600007.000000,8.897E+5,
94000007.000000,8.887E+5,
94400007.000000,8.891E+5,
94800007.000000,8.915E+5,
95200007.000000,8.913E+5,
95600007.000000,8.907E+5,
96000008.000000,8.903E+5,
96400008.000000,8.905E+5,
96800008.000000,8.902E+5,
97200008.000000,8.898E+5,
97600008.000000,8.895E+5,
98000008.000000,8.897E+5,
98400008.000000,8.909E+5,
98800008.000000,8.870E+5,
99200008.000000,8.674E+5,
99600008.000000,8.478E+5,
1E08,8.285E+5,
1.004E008,8.084E+5,
1.008E008,7.902E+5,
1.012E008,7.726E+5,
1.016E008,7.556E+5,
1.02E08,7.364E+5,
1.024E008,7.177E+5,
1.028E008,7.028E+5,
1.032E008,6.851E+5,
1.036E008,6.688E+5,
1.04E08,6.538E+5,
1.044E008,6.373E+5,
1.048E008,6.208E+5,
1.052E008,6.065E+5,
1.056E008,5.921E+5,
1.06E08,5.753E+5,
1.064E008,5.617E+5,
1.068E008,5.486E+5,
1.072E008,5.342E+5,
1.076E008,5.205E+5,
1.08E08,5.084E+5,
1.084E008,4.952E+5,
1.088E008,4.831E+5,
1.092E008,4.697E+5,
1.096E008,4.588E+5,
1.1E08,4.459E+5,
1.104E008,4.356E+5,
1.108E008,4.242E+5,
1.112E008,4.143E+5,
1.116E008,4.020E+5,
1.12E08,3.918E+5,
1.124E008,3.816E+5,
1.128E008,3.725E+5,
1.132E008,3.623E+5,
1.136E008,3.510E+5,
1.14E08,3.428E+5,
1.144E008,3.349E+5,
1.148E008,3.254E+5,
1.152E008,3.175E+5,
1.156E008,3.086E+5,
1.16E08,3.005E+5,
1.164E008,2.923E+5,
1.168E008,2.848E+5,
1.172E008,2.767E+5,
1.176E008,2.702E+5,
1.18E08,2.622E+5,
1.184E008,2.553E+5,
1.188E008,2.498E+5,
1.192E008,2.426E+5,
1.196E008,2.357E+5,
1.2E08,2.293E+5,
1.204E008,2.229E+5,
1.208E008,2.178E+5,
1.212E008,2.122E+5,
1.216E008,2.067E+5,
1.22E08,2.008E+5,
1.224E008,1.953E+5,
1.228E008,1.901E+5,
1.232E008,1.859E+5,
1.236E008,1.803E+5,
1.24E08,1.750E+5,
1.244E008,1.708E+5,
1.248E008,1.669E+5,
1.252E008,1.626E+5,
1.256E008,1.585E+5,
1.26E08,1.533E+5,
1.264E008,1.498E+5,
1.268E008,1.460E+5,
1.272E008,1.423E+5,
1.276E008,1.390E+5,
1.28E08,1.352E+5,
1.284E008,1.310E+5,
1.288E008,1.275E+5,
1.292E008,1.239E+5,
1.296E008,1.216E+5,
1.3E08,1.184E+5,
1.304E008,1.146E+5,
1.308E008,1.123E+5,
1.312E008,1.095E+5,
1.316E008,1.065E+5,
1.32E08,1.037E+5,
1.324E008,1.004E+5,
1.328E008,9.865E+4,
1.332E008,9.601E+4,
1.336E008,9.360E+4,
1.34E08,9.116E+4,
1.344E008,8.897E+4,
1.348E008,8.683E+4,
1.352E008,8.442E+4,
1.356E008,8.277E+4,
1.36E08,8.014E+4,
1.364E008,7.840E+4,
1.368E008,7.599E+4,
1.372E008,7.459E+4,
1.376E008,7.284E+4,
1.38E08,7.167E+4,
1.384E008,6.963E+4,
1.388E008,6.801E+4,
1.392E008,6.618E+4,
1.396E008,6.437E+4,
1.4E08,6.283E+4,
1.404E008,6.132E+4,
1.408E008,6.036E+4,
1.412E008,5.896E+4,
1.416E008,5.735E+4,
1.42E08,5.619E+4,
1.424E008,5.517E+4,
1.428E008,5.327E+4,
1.432E008,5.246E+4,
1.436E008,5.094E+4,
1.44E08,4.967E+4,
1.444E008,4.849E+4,
1.448E008,4.797E+4,
1.452E008,4.655E+4,
1.456E008,4.568E+4,
1.46E08,4.489E+4,
1.464E008,4.372E+4,
1.468E008,4.296E+4,
1.472E008,4.194E+4,
1.476E008,4.096E+4,
1.48E08,4.013E+4,
1.484E008,3.929E+4,
1.488E008,3.858E+4,
1.492E008,3.794E+4,
1.496E008,3.746E+4,
1.5E08,3.642E+4,
1.504E008,3.543E+4,
1.508E008,3.527E+4,
1.512E008,3.415E+4,
1.516E008,3.353E+4,
1.52E08,3.319E+4,
1.524E008,3.257E+4,
1.528E008,3.184E+4,
1.532E008,3.130E+4,
1.536E008,3.027E+4,
1.54E08,3.020E+4,
1.544E008,2.959E+4,
1.548E008,2.929E+4,
1.552E008,2.848E+4,
1.556E008,2.815E+4,
1.56E08,2.766E+4,
1.564E008,2.722E+4,
1.568E008,2.674E+4,
1.572E008,2.625E+4,
1.576E008,2.603E+4,
1.58E08,2.559E+4,
1.584E008,2.520E+4,
1.588E008,2.431E+4,
1.592E008,2.437E+4,
1.596E008,2.400E+4,
1.6E08,2.381E+4,
1.604E008,2.316E+4,
1.608E008,2.295E+4,
1.612E008,2.260E+4,
1.616E008,2.212E+4,
1.62E08,2.233E+4,
1.624E008,2.163E+4,
1.628E008,2.128E+4,
1.632E008,2.100E+4,
1.636E008,2.091E+4,
1.64E08,2.047E+4,
1.644E008,2.059E+4,
1.648E008,1.972E+4,
1.652E008,1.987E+4,
1.656E008,1.977E+4,
1.66E08,1.942E+4,
1.664E008,1.916E+4,
1.668E008,1.884E+4,
1.672E008,1.882E+4,
1.676E008,1.850E+4,
1.68E08,1.830E+4,
1.684E008,1.819E+4,
1.688E008,1.817E+4,
1.692E008,1.785E+4,
1.696E008,1.745E+4,
1.7E08,1.750E+4,
1.704E008,1.734E+4,
1.708E008,1.707E+4,
1.712E008,1.697E+4,
1.716E008,1.652E+4,
1.72E08,1.639E+4,
1.724E008,1.641E+4,
1.728E008,1.619E+4,
1.732E008,1.624E+4,
1.736E008,1.627E+4,
1.74E08,1.629E+4,
1.744E008,1.567E+4,
1.748E008,1.576E+4,
1.752E008,1.568E+4,
1.756E008,1.580E+4,
1.76E08,1.544E+4,
1.764E008,1.519E+4,
1.768E008,1.527E+4,
1.772E008,1.512E+4,
1.776E008,1.507E+4,
1.78E08,1.491E+4,
1.784E008,1.476E+4,
1.788E008,1.472E+4,
1.792E008,1.443E+4,
1.796E008,1.464E+4,
1.8E08,1.451E+4,
1.804E008,1.452E+4,
1.808E008,1.424E+4,
1.812E008,1.469E+4,
1.816E008,1.378E+4,
1.82E08,1.418E+4,
1.824E008,1.417E+4,
1.828E008,1.392E+4,
1.832E008,1.411E+4,
1.836E008,1.373E+4,
1.84E08,1.382E+4,
1.844E008,1.390E+4,
1.848E008,1.366E+4,
1.852E008,1.359E+4,
1.856E008,1.358E+4,
1.86E08,1.352E+4,
1.864E008,1.368E+4,
1.868E008,1.350E+4,
1.872E008,1.324E+4,
1.876E008,1.332E+4,
1.88E08,1.363E+4,
1.884E008,1.314E+4,
1.888E008,1.313E+4,
1.892E008,1.325E+4,
1.896E008,1.324E+4,
1.9E08,1.324E+4,
1.904E008,1.310E+4,
1.908E008,1.296E+4,
1.912E008,1.292E+4,
1.916E008,1.295E+4,
1.92E08,1.277E+4,
1.924E008,1.235E+4,
1.928E008,1.269E+4,
1.932E008,1.274E+4,
1.936E008,1.285E+4,
1.94E08,1.279E+4,
1.944E008,1.286E+4,
1.948E008,1.276E+4,
1.952E008,1.245E+4,
1.956E008,1.242E+4,
1.96E08,1.241E+4,
1.964E008,1.237E+4,
1.968E008,1.243E+4,
1.972E008,1.241E+4,
1.976E008,1.249E+4,
1.98E08,1.252E+4,
1.984E008,1.245E+4,
1.988E008,1.228E+4,
1.992E008,1.231E+4,
1.996E008,1.243E+4,
2E08,1.254E+4,
2.004E008,1.224E+4,
2.008E008,1.239E+4,
2.012E008,1.249E+4,
2.016E008,1.226E+4,
2.02E08,1.230E+4,
2.024E008,1.209E+4,
2.028E008,1.244E+4,
2.032E008,1.215E+4,
2.036E008,1.204E+4,
2.04E08,1.215E+4,
2.044E008,1.236E+4,
2.048E008,1.210E+4,
2.052E008,1.212E+4,
2.056E008,1.226E+4,
2.06E08,1.211E+4,
2.064E008,1.195E+4,
2.068E008,1.192E+4,
2.072E008,1.204E+4,
2.076E008,1.204E+4,
2.08E08,1.175E+4,
2.084E008,1.202E+4,
2.088E008,1.216E+4,
2.092E008,1.210E+4,
2.096E008,1.198E+4,
2.1E08,1.216E+4,
2.104E008,1.190E+4,
2.108E008,1.192E+4,
2.112E008,1.212E+4,
2.116E008,1.180E+4,
2.12E08,1.195E+4,
2.124E008,1.195E+4,
2.128E008,1.192E+4,
2.132E008,1.180E+4,
2.136E008,1.204E+4,
2.14E08,1.181E+4,
2.144E008,1.193E+4,
2.148E008,1.202E+4,
2.152E008,1.189E+4,
2.156E008,1.174E+4,
2.16E08,1.168E+4,
2.164E008,1.190E+4,
2.168E008,1.167E+4,
2.172E008,1.180E+4,
2.176E008,1.180E+4,
2.18E08,1.182E+4,
2.184E008,1.202E+4,
2.188E008,1.178E+4,
2.192E008,1.170E+4,
2.196E008,1.190E+4,
2.2E08,1.174E+4,
2.204E008,1.182E+4,
2.208E008,1.161E+4,
2.212E008,1.177E+4,
2.216E008,1.183E+4,
2.22E08,1.200E+4,
2.224E008,1.172E+4,
2.228E008,1.171E+4,
2.232E008,1.174E+4,
2.236E008,1.192E+4,
2.24E08,1.177E+4,
2.244E008,1.168E+4,
2.248E008,1.185E+4,
2.252E008,1.172E+4,
2.256E008,1.167E+4,
2.26E08,1.164E+4,
2.264E008,1.182E+4,
2.268E008,1.174E+4,
2.272E008,1.158E+4,
2.276E008,1.177E+4,
2.28E08,1.160E+4,
2.284E008,1.159E+4,
2.288E008,1.175E+4,
2.292E008,1.164E+4,
2.296E008,1.174E+4,
2.3E08,1.176E+4,
2.304E008,1.169E+4,
2.308E008,1.180E+4,
2.312E008,1.181E+4,
2.316E008,1.187E+4,
2.32E08,1.160E+4,
2.324E008,1.167E+4,
2.328E008,1.179E+4,
2.332E008,1.172E+4,
2.336E008,1.168E+4,
2.34E08,1.172E+4,
2.344E008,1.158E+4,
2.348E008,1.187E+4,
2.352E008,1.166E+4,
2.356E008,1.148E+4,
2.36E08,1.162E+4,
2.364E008,1.157E+4,
2.368E008,1.158E+4,
2.372E008,1.156E+4,
2.376E008,1.175E+4,
2.38E08,1.164E+4,
2.384E008,1.170E+4,
2.388E008,1.183E+4,
2.392E008,1.164E+4,
2.396E008,1.170E+4,
2.4E08,1.184E+4,
2.404E008,1.171E+4,
2.408E008,1.151E+4,
2.412E008,1.176E+4,
2.416E008,1.166E+4,
2.42E08,1.163E+4,
2.424E008,1.160E+4,
2.428E008,1.153E+4,
2.432E008,1.172E+4,
2.436E008,1.196E+4,
2.44E08,1.171E+4,
2.444E008,1.181E+4,
2.448E008,1.170E+4,
2.452E008,1.166E+4,
2.456E008,1.180E+4,
2.46E08,1.162E+4,
2.464E008,1.164E+4,
2.468E008,1.186E+4,
2.472E008,1.167E+4,
2.476E008,1.155E+4,
2.48E08,1.148E+4,
2.484E008,1.170E+4,
2.488E008,1.149E+4,
2.492E008,1.169E+4,
2.496E008,1.171E+4,
2.5E08,1.156E+4,
2.504E008,1.156E+4,
2.508E008,1.167E+4,
2.512E008,1.170E+4,
2.516E008,1.162E+4,
2.52E08,1.154E+4,
2.524E008,1.156E+4,
2.528E008,1.161E+4,
2.532E008,1.168E+4,
2.536E008,1.173E+4,
2.54E08,1.171E+4,
2.544E008,1.185E+4,
2.548E008,1.189E+4,
2.552E008,1.174E+4,
2.556E008,1.190E+4,
2.56E08,1.188E+4,
2.564E008,1.157E+4,
2.568E008,1.160E+4,
2.572E008,1.176E+4,
2.576E008,1.142E+4,
2.58E08,1.145E+4,
2.584E008,1.145E+4,
2.588E008,1.170E+4,
2.592E008,1.160E+4,
2.596E008,1.161E+4,
2.6E08,1.161E+4,
2.604E008,1.171E+4,
2.608E008,1.173E+4,
2.612E008,1.163E+4,
2.616E008,1.145E+4,
2.62E08,1.157E+4,
2.624E008,1.177E+4,
2.628E008,1.161E+4,
2.632E008,1.165E+4,
2.636E008,1.175E+4,
2.64E08,1.182E+4,
2.644E008,1.179E+4,
2.648E008,1.155E+4,
2.652E008,1.185E+4,
2.656E008,1.146E+4,
2.66E08,1.141E+4,
2.664E008,1.161E+4,
2.668E008,1.165E+4,
2.672E008,1.166E+4,
2.676E008,1.182E+4,
2.68E08,1.158E+4,
2.684E008,1.164E+4,
2.688E008,1.170E+4,
2.692E008,1.158E+4,
2.696E008,1.158E+4,
2.7E08,1.150E+4,
2.704E008,1.165E+4,
2.708E008,1.170E+4,
2.712E008,1.155E+4,
2.716E008,1.148E+4,
2.72E08,1.152E+4,
2.724E008,1.163E+4,
2.728E008,1.171E+4,
2.732E008,1.152E+4,
2.736E008,1.172E+4,
2.74E08,1.155E+4,
2.744E008,1.168E+4,
2.748E008,1.171E+4,
2.752E008,1.148E+4,
2.756E008,1.175E+4,
2.76E08,1.155E+4,
2.764E008,1.158E+4,
2.768E008,1.180E+4,
2.772E008,1.156E+4,
2.776E008,1.176E+4,
2.78E08,1.169E+4,
2.784E008,1.159E+4,
2.788E008,1.146E+4,
2.792E008,1.157E+4,
2.796E008,1.159E+4,
2.8E08,1.159E+4,
2.804E008,1.166E+4,
2.808E008,1.169E+4,
2.812E008,1.165E+4,
2.816E008,1.155E+4,
2.82E08,1.173E+4,
2.824E008,1.152E+4,
2.828E008,1.163E+4,
2.832E008,1.185E+4,
2.836E008,1.169E+4,
2.84E08,1.160E+4,
2.844E008,1.169E+4,
2.848E008,1.160E+4,
2.852E008,1.164E+4,
2.856E008,1.167E+4,
2.86E08,1.181E+4,
2.864E008,1.166E+4,
2.868E008,1.168E+4,
2.872E008,1.145E+4,
2.876E008,1.152E+4,
2.88E08,1.175E+4,
2.884E008,1.169E+4,
2.888E008,1.179E+4,
2.892E008,1.166E+4,
2.896E008,1.173E+4,
2.9E08,1.161E+4,
2.904E008,1.192E+4,
2.908E008,1.153E+4,
2.912E008,1.168E+4,
2.916E008,1.153E+4,
2.92E08,1.181E+4,
2.924E008,1.157E+4,
2.928E008,1.168E+4,
2.932E008,1.161E+4,
2.936E008,1.176E+4,
2.94E08,1.162E+4,
2.944E008,1.174E+4,
2.948E008,1.170E+4,
2.952E008,1.164E+4,
2.956E008,1.173E+4,
2.96E08,1.148E+4,
2.964E008,1.169E+4,
2.968E008,1.152E+4,
2.972E008,1.164E+4,
2.976E008,1.165E+4,
2.98E08,1.159E+4,
2.984E008,1.206E+4,
2.988E008,1.161E+4,
2.992E008,1.164E+4,
2.996E008,1.140E+4,
3E08,1.173E+4,
3.004E008,1.142E+4,
3.008E008,1.148E+4,
3.012E008,1.179E+4,
3.016E008,1.138E+4,
3.02E08,1.184E+4,
3.024E008,1.177E+4,
3.028E008,1.166E+4,
3.032E008,1.168E+4,
3.036E008,1.183E+4,
3.04E08,1.149E+4,
3.044E008,1.142E+4,
3.048E008,1.157E+4,
3.052E008,1.145E+4,
3.056E008,1.166E+4,
3.06E08,1.162E+4,
3.064E008,1.172E+4,
3.068E008,1.174E+4,
3.072E008,1.157E+4,
3.076E008,1.160E+4,
3.08E08,1.153E+4,
3.084E008,1.139E+4,
3.088E008,1.166E+4,
3.092E008,1.154E+4,
3.096E008,1.139E+4,
3.1E08,1.168E+4,
3.104E008,1.171E+4,
3.108E008,1.150E+4,
3.112E008,1.158E+4,
3.116E008,1.167E+4,
3.12E08,1.168E+4,
3.124E008,1.159E+4,
3.128E008,1.153E+4,
3.132E008,1.158E+4,
3.136E008,1.156E+4,
3.14E08,1.168E+4,
3.144E008,1.175E+4,
3.148E008,1.156E+4,
3.152E008,1.152E+4,
3.156E008,1.177E+4,
3.16E08,1.168E+4,
3.164E008,1.168E+4,
3.168E008,1.156E+4,
3.172E008,1.158E+4,
3.176E008,1.165E+4,
3.18E08,1.152E+4,
3.184E008,1.160E+4,
3.188E008,1.168E+4,
3.192E008,1.166E+4,
3.196E008,1.177E+4,
3.2E08,1.177E+4,
3.204E008,1.176E+4,
3.208E008,1.182E+4,
3.212E008,1.164E+4,
3.216E008,1.162E+4,
3.22E08,1.157E+4,
3.224E008,1.174E+4,
3.228E008,1.174E+4,
3.232E008,1.155E+4,
3.236E008,1.140E+4,
3.24E08,1.169E+4,
3.244E008,1.148E+4,
3.248E008,1.155E+4,
3.252E008,1.156E+4,
3.256E008,1.162E+4,
3.26E08,1.154E+4,
3.264E008,1.150E+4,
3.268E008,1.156E+4,
3.272E008,1.150E+4,
3.276E008,1.150E+4,
3.28E08,1.174E+4,
3.284E008,1.154E+4,
3.288E008,1.159E+4,
3.292E008,1.161E+4,
3.296E008,1.162E+4,
3.3E08,1.159E+4,
3.304E008,1.171E+4,
3.308E008,1.176E+4,
3.312E008,1.167E+4,
3.316E008,1.162E+4,
3.32E08,1.132E+4,
3.324E008,1.137E+4,
3.328E008,1.158E+4,
3.332E008,1.166E+4,
3.336E008,1.155E+4,
3.34E08,1.157E+4,
3.344E008,1.147E+4,
3.348E008,1.172E+4,
3.352E008,1.153E+4,
3.356E008,1.145E+4,
3.36E08,1.167E+4,
3.364E008,1.157E+4,
3.368E008,1.158E+4,
3.372E008,1.141E+4,
3.376E008,1.142E+4,
3.38E08,1.138E+4,
3.384E008,1.156E+4,
3.388E008,1.151E+4,
3.392E008,1.155E+4,
3.396E008,1.160E+4,
3.4E08,1.158E+4,
3.404E008,1.161E+4,
3.408E008,1.156E+4,
3.412E008,1.149E+4,
3.416E008,1.168E+4,
3.42E08,1.165E+4,
3.424E008,1.162E+4,
3.428E008,1.163E+4,
3.432E008,1.158E+4,
3.436E008,1.153E+4,
3.44E08,1.137E+4,
3.444E008,1.161E+4,
3.448E008,1.166E+4,
3.452E008,1.175E+4,
3.456E008,1.161E+4,
3.46E08,1.158E+4,
3.464E008,1.160E+4,
3.468E008,1.157E+4,
3.472E008,1.150E+4,
3.476E008,1.129E+4,
3.48E08,1.174E+4,
3.484E008,1.159E+4,
3.488E008,1.171E+4,
3.492E008,1.152E+4,
3.496E008,1.172E+4,
3.5E08,1.168E+4,
3.504E008,1.149E+4,
3.508E008,1.183E+4,
3.512E008,1.140E+4,
3.516E008,1.160E+4,
3.52E08,1.167E+4,
3.524E008,1.159E+4,
3.528E008,1.151E+4,
3.532E008,1.173E+4,
3.536E008,1.170E+4,
3.54E08,1.142E+4,
3.544E008,1.166E+4,
3.548E008,1.165E+4,
3.552E008,1.163E+4,
3.556E008,1.175E+4,
3.56E08,1.177E+4,
3.564E008,1.157E+4,
3.568E008,1.170E+4,
3.572E008,1.149E+4,
3.576E008,1.148E+4,
3.58E08,1.163E+4,
3.584E008,1.163E+4,
3.588E008,1.158E+4,
3.592E008,1.169E+4,
3.596E008,1.191E+4,
3.6E08,1.159E+4,
3.604E008,1.157E+4,
3.608E008,1.171E+4,
3.612E008,1.171E+4,
3.616E008,1.149E+4,
3.62E08,1.167E+4,
3.624E008,1.130E+4,
3.628E008,1.160E+4,
3.632E008,1.182E+4,
3.636E008,1.172E+4,
3.64E08,1.161E+4,
3.644E008,1.164E+4,
3.648E008,1.174E+4,
3.652E008,1.170E+4,
3.656E008,1.170E+4,
3.66E08,1.143E+4,
3.664E008,1.144E+4,
3.668E008,1.139E+4,
3.672E008,1.155E+4,
3.676E008,1.163E+4,
3.68E08,1.160E+4,
3.684E008,1.163E+4,
3.688E008,1.166E+4,
3.692E008,1.156E+4,
3.696E008,1.171E+4,
3.7E08,1.163E+4,
3.704E008,1.158E+4,
3.708E008,1.183E+4,
3.712E008,1.161E+4,
3.716E008,1.168E+4,
3.72E08,1.162E+4,
3.724E008,1.180E+4,
3.728E008,1.147E+4,
3.732E008,1.162E+4,
3.736E008,1.155E+4,
3.74E08,1.151E+4,
3.744E008,1.153E+4,
3.748E008,1.148E+4,
3.752E008,1.166E+4,
3.756E008,1.164E+4,
3.76E08,1.160E+4,
3.764E008,1.175E+4,
3.768E008,1.173E+4,
3.772E008,1.172E+4,
3.776E008,1.160E+4,
3.78E08,1.176E+4,
3.784E008,1.154E+4,
3.788E008,1.149E+4,
3.792E008,1.167E+4,
3.796E008,1.137E+4,
3.8E08,1.153E+4,
3.804E008,1.155E+4,
3.808E008,1.152E+4,
3.812E008,1.172E+4,
3.816E008,1.155E+4,
3.82E08,1.135E+4,
3.824E008,1.157E+4,
3.828E008,1.154E+4,
3.832E008,1.169E+4,
3.836E008,1.157E+4,
3.84E08,1.178E+4,
3.844E008,1.171E+4,
3.848E008,1.174E+4,
3.852E008,1.150E+4,
3.856E008,1.172E+4,
3.86E08,1.166E+4,
3.864E008,1.154E+4,
3.868E008,1.180E+4,
3.872E008,1.162E+4,
3.876E008,1.142E+4,
3.88E08,1.162E+4,
3.884E008,1.150E+4,
3.888E008,1.141E+4,
3.892E008,1.153E+4,
3.896E008,1.158E+4,
3.9E08,1.173E+4,
3.904E008,1.160E+4,
3.908E008,1.146E+4,
3.912E008,1.150E+4,
3.916E008,1.149E+4,
3.92E08,1.141E+4,
3.924E008,1.158E+4,
3.928E008,1.155E+4,
3.932E008,1.186E+4,
3.936E008,1.193E+4,
3.94E08,1.164E+4,
3.944E008,1.162E+4,
3.948E008,1.176E+4,
3.952E008,1.155E+4,
3.956E008,1.141E+4,
3.96E08,1.150E+4,
3.964E008,1.141E+4,
3.968E008,1.140E+4,
3.972E008,1.168E+4,
3.976E008,1.145E+4,
3.98E08,1.172E+4,
3.984E008,1.177E+4,
3.988E008,1.151E+4,
3.992E008,1.179E+4,
3.996E008,1.161E+4,
