Labels,T5_100ms,
Type,Time Scan,
Comment,,
Start,0.00,
Stop,3.996E008,
Step,4E05,
Fixed/Offset, ,
XAxis,Time,
YAxis,Counts,

0.00,2.068E+4,
4E05,5.585E+4,
800000.060000,8.996E+4,
1.2E06,1.222E+5,
1.6E06,1.524E+5,
2E06,1.817E+5,
2.4E06,2.078E+5,
2.8E06,2.351E+5,
3.2E06,2.592E+5,
3.6E06,2.836E+5,
4E06,3.065E+5,
4.4E06,3.269E+5,
4.8E06,3.467E+5,
5.2E06,3.668E+5,
5.6E06,3.852E+5,
6E06,4.027E+5,
6400000.500000,4.209E+5,
6800000.500000,4.371E+5,
7200000.600000,4.525E+5,
7600000.600000,4.680E+5,
8000000.600000,4.815E+5,
8400000.700000,4.963E+5,
8800000.700000,5.085E+5,
9200000.700000,5.195E+5,
9600000.800000,5.331E+5,
1E07,5.456E+5,
1.04E07,5.578E+5,
1.08E07,5.668E+5,
1.12E07,5.778E+5,
1.16E07,5.885E+5,
1.2E07,5.957E+5,
1.24E07,6.053E+5,
1.28E07,6.128E+5,
1.32E07,6.228E+5,
1.36E07,6.292E+5,
1.4E07,6.384E+5,
1.44E07,6.471E+5,
1.48E07,6.535E+5,
1.52E07,6.645E+5,
1.56E07,6.673E+5,
1.6E07,6.739E+5,
1.64E07,6.811E+5,
1.68E07,6.870E+5,
1.72E07,6.933E+5,
1.76E07,6.986E+5,
1.8E07,7.035E+5,
1.84E07,7.094E+5,
1.88E07,7.139E+5,
1.92E07,7.191E+5,
1.96E07,7.243E+5,
2E07,7.279E+5,
2.04E07,7.341E+5,
2.08E07,7.367E+5,
2.12E07,7.417E+5,
2.16E07,7.451E+5,
2.2E07,7.496E+5,
2.24E07,7.533E+5,
2.28E07,7.558E+5,
2.32E07,7.606E+5,
2.36E07,7.645E+5,
2.4E07,7.664E+5,
2.44E07,7.707E+5,
2.48E07,7.721E+5,
2.52E07,7.763E+5,
2.56E07,7.783E+5,
2.6E07,7.821E+5,
2.64E07,7.835E+5,
2.68E07,7.855E+5,
2.72E07,7.907E+5,
2.76E07,7.907E+5,
2.8E07,7.920E+5,
2.84E07,7.954E+5,
2.88E07,7.980E+5,
2.92E07,8.014E+5,
2.96E07,8.041E+5,
3E07,8.040E+5,
3.04E07,8.060E+5,
3.08E07,8.084E+5,
3.12E07,8.109E+5,
3.16E07,8.114E+5,
3.2E07,8.132E+5,
3.24E07,8.147E+5,
3.28E07,8.165E+5,
3.32E07,8.185E+5,
3.36E07,8.181E+5,
3.4E07,8.229E+5,
3.44E07,8.233E+5,
3.48E07,8.244E+5,
3.52E07,8.258E+5,
3.56E07,8.253E+5,
3.6E07,8.277E+5,
3.64E07,8.296E+5,
3.68E07,8.304E+5,
3.72E07,8.315E+5,
3.76E07,8.330E+5,
3.8E07,8.337E+5,
3.84E07,8.347E+5,
3.88E07,8.372E+5,
3.92E07,8.363E+5,
3.96E07,8.371E+5,
4E07,8.381E+5,
4.04E07,8.400E+5,
4.08E07,8.411E+5,
4.12E07,8.425E+5,
4.16E07,8.411E+5,
4.2E07,8.418E+5,
4.24E07,8.430E+5,
4.28E07,8.455E+5,
4.32E07,8.454E+5,
4.36E07,8.454E+5,
4.4E07,8.455E+5,
4.44E07,8.458E+5,
4.48E07,8.475E+5,
4.52E07,8.480E+5,
4.56E07,8.489E+5,
4.6E07,8.492E+5,
4.64E07,8.483E+5,
4.68E07,8.506E+5,
4.72E07,8.504E+5,
4.76E07,8.507E+5,
4.8E07,8.527E+5,
4.84E07,8.523E+5,
4.88E07,8.518E+5,
4.92E07,8.517E+5,
4.96E07,8.532E+5,
5E07,8.526E+5,
5.04E07,8.551E+5,
5.08E07,8.545E+5,
5.12E07,8.542E+5,
5.16E07,8.558E+5,
5.2E07,8.552E+5,
5.24E07,8.561E+5,
5.28E07,8.577E+5,
5.32E07,8.561E+5,
5.36E07,8.569E+5,
5.4E07,8.567E+5,
5.44E07,8.567E+5,
5.48E07,8.575E+5,
5.52E07,8.589E+5,
5.56E07,8.582E+5,
5.6E07,8.584E+5,
5.64E07,8.591E+5,
5.68E07,8.605E+5,
5.72E07,8.609E+5,
5.76E07,8.598E+5,
5.8E07,8.572E+5,
5.84E07,8.598E+5,
5.88E07,8.605E+5,
5.92E07,8.600E+5,
5.96E07,8.604E+5,
6E07,8.614E+5,
6.04E07,8.600E+5,
6.08E07,8.613E+5,
6.12E07,8.620E+5,
6.16E07,8.616E+5,
6.2E07,8.624E+5,
6.24E07,8.622E+5,
6.28E07,8.643E+5,
6.32E07,8.620E+5,
6.36E07,8.621E+5,
64000005.000000,8.618E+5,
64400005.000000,8.631E+5,
64800005.000000,8.609E+5,
65200005.000000,8.633E+5,
65600005.000000,8.629E+5,
66000005.000000,8.642E+5,
66400005.000000,8.637E+5,
66800005.000000,8.628E+5,
67200005.000000,8.620E+5,
67600005.000000,8.638E+5,
68000005.000000,8.636E+5,
68400005.000000,8.632E+5,
68800005.000000,8.641E+5,
69200005.000000,8.630E+5,
69600005.000000,8.636E+5,
70000005.000000,8.638E+5,
70400006.000000,8.656E+5,
70800006.000000,8.644E+5,
71200006.000000,8.661E+5,
71600006.000000,8.637E+5,
72000006.000000,8.648E+5,
72400006.000000,8.644E+5,
72800006.000000,8.662E+5,
73200006.000000,8.634E+5,
73600006.000000,8.648E+5,
74000006.000000,8.650E+5,
74400006.000000,8.638E+5,
74800006.000000,8.644E+5,
75200006.000000,8.647E+5,
75600006.000000,8.657E+5,
76000006.000000,8.649E+5,
76400006.000000,8.670E+5,
76800006.000000,8.650E+5,
77200006.000000,8.658E+5,
77600006.000000,8.668E+5,
78000006.000000,8.653E+5,
78400006.000000,8.661E+5,
78800006.000000,8.659E+5,
79200006.000000,8.663E+5,
79600006.000000,8.651E+5,
80000006.000000,8.661E+5,
80400006.000000,8.660E+5,
80800006.000000,8.659E+5,
81200006.000000,8.644E+5,
81600006.000000,8.668E+5,
82000006.000000,8.653E+5,
82400006.000000,8.656E+5,
82800006.000000,8.659E+5,
83200007.000000,8.667E+5,
83600007.000000,8.665E+5,
84000007.000000,8.662E+5,
84400007.000000,8.643E+5,
84800007.000000,8.657E+5,
85200007.000000,8.658E+5,
85600007.000000,8.669E+5,
86000007.000000,8.655E+5,
86400007.000000,8.676E+5,
86800007.000000,8.662E+5,
87200007.000000,8.666E+5,
87600007.000000,8.659E+5,
88000007.000000,8.650E+5,
88400007.000000,8.658E+5,
88800007.000000,8.660E+5,
89200007.000000,8.670E+5,
89600007.000000,8.665E+5,
90000007.000000,8.649E+5,
90400007.000000,8.666E+5,
90800007.000000,8.665E+5,
91200007.000000,8.648E+5,
91600007.000000,8.675E+5,
92000007.000000,8.658E+5,
92400007.000000,8.649E+5,
92800007.000000,8.657E+5,
93200007.000000,8.661E+5,
93600007.000000,8.652E+5,
94000007.000000,8.663E+5,
94400007.000000,8.657E+5,
94800007.000000,8.662E+5,
95200007.000000,8.656E+5,
95600007.000000,8.654E+5,
96000008.000000,8.668E+5,
96400008.000000,8.671E+5,
96800008.000000,8.665E+5,
97200008.000000,8.672E+5,
97600008.000000,8.664E+5,
98000008.000000,8.672E+5,
98400008.000000,8.678E+5,
98800008.000000,8.667E+5,
99200008.000000,8.665E+5,
99600008.000000,8.672E+5,
1E08,8.662E+5,
1.004E008,8.522E+5,
1.008E008,8.314E+5,
1.012E008,8.128E+5,
1.016E008,7.938E+5,
1.02E08,7.744E+5,
1.024E008,7.577E+5,
1.028E008,7.413E+5,
1.032E008,7.249E+5,
1.036E008,7.071E+5,
1.04E08,6.903E+5,
1.044E008,6.746E+5,
1.048E008,6.592E+5,
1.052E008,6.431E+5,
1.056E008,6.286E+5,
1.06E08,6.135E+5,
1.064E008,5.979E+5,
1.068E008,5.847E+5,
1.072E008,5.680E+5,
1.076E008,5.556E+5,
1.08E08,5.416E+5,
1.084E008,5.295E+5,
1.088E008,5.151E+5,
1.092E008,5.032E+5,
1.096E008,4.898E+5,
1.1E08,4.771E+5,
1.104E008,4.647E+5,
1.108E008,4.539E+5,
1.112E008,4.421E+5,
1.116E008,4.308E+5,
1.12E08,4.202E+5,
1.124E008,4.096E+5,
1.128E008,3.996E+5,
1.132E008,3.886E+5,
1.136E008,3.789E+5,
1.14E08,3.690E+5,
1.144E008,3.597E+5,
1.148E008,3.505E+5,
1.152E008,3.402E+5,
1.156E008,3.313E+5,
1.16E08,3.237E+5,
1.164E008,3.149E+5,
1.168E008,3.060E+5,
1.172E008,2.980E+5,
1.176E008,2.896E+5,
1.18E08,2.826E+5,
1.184E008,2.754E+5,
1.188E008,2.678E+5,
1.192E008,2.615E+5,
1.196E008,2.544E+5,
1.2E08,2.473E+5,
1.204E008,2.411E+5,
1.208E008,2.344E+5,
1.212E008,2.277E+5,
1.216E008,2.219E+5,
1.22E08,2.156E+5,
1.224E008,2.109E+5,
1.228E008,2.053E+5,
1.232E008,1.997E+5,
1.236E008,1.942E+5,
1.24E08,1.896E+5,
1.244E008,1.844E+5,
1.248E008,1.801E+5,
1.252E008,1.752E+5,
1.256E008,1.702E+5,
1.26E08,1.658E+5,
1.264E008,1.606E+5,
1.268E008,1.564E+5,
1.272E008,1.536E+5,
1.276E008,1.474E+5,
1.28E08,1.445E+5,
1.284E008,1.409E+5,
1.288E008,1.376E+5,
1.292E008,1.338E+5,
1.296E008,1.299E+5,
1.3E08,1.273E+5,
1.304E008,1.229E+5,
1.308E008,1.202E+5,
1.312E008,1.165E+5,
1.316E008,1.135E+5,
1.32E08,1.114E+5,
1.324E008,1.086E+5,
1.328E008,1.060E+5,
1.332E008,1.021E+5,
1.336E008,1.002E+5,
1.34E08,9.760E+4,
1.344E008,9.462E+4,
1.348E008,9.280E+4,
1.352E008,9.068E+4,
1.356E008,8.803E+4,
1.36E08,8.678E+4,
1.364E008,8.387E+4,
1.368E008,8.153E+4,
1.372E008,7.928E+4,
1.376E008,7.796E+4,
1.38E08,7.541E+4,
1.384E008,7.329E+4,
1.388E008,7.175E+4,
1.392E008,7.004E+4,
1.396E008,6.890E+4,
1.4E08,6.726E+4,
1.404E008,6.548E+4,
1.408E008,6.327E+4,
1.412E008,6.228E+4,
1.416E008,6.114E+4,
1.42E08,5.960E+4,
1.424E008,5.811E+4,
1.428E008,5.686E+4,
1.432E008,5.540E+4,
1.436E008,5.442E+4,
1.44E08,5.238E+4,
1.444E008,5.196E+4,
1.448E008,5.070E+4,
1.452E008,4.940E+4,
1.456E008,4.793E+4,
1.46E08,4.724E+4,
1.464E008,4.620E+4,
1.468E008,4.511E+4,
1.472E008,4.416E+4,
1.476E008,4.328E+4,
1.48E08,4.230E+4,
1.484E008,4.139E+4,
1.488E008,4.068E+4,
1.492E008,3.920E+4,
1.496E008,3.878E+4,
1.5E08,3.785E+4,
1.504E008,3.761E+4,
1.508E008,3.621E+4,
1.512E008,3.573E+4,
1.516E008,3.483E+4,
1.52E08,3.420E+4,
1.524E008,3.334E+4,
1.528E008,3.341E+4,
1.532E008,3.223E+4,
1.536E008,3.199E+4,
1.54E08,3.085E+4,
1.544E008,3.044E+4,
1.548E008,3.005E+4,
1.552E008,2.931E+4,
1.556E008,2.923E+4,
1.56E08,2.839E+4,
1.564E008,2.808E+4,
1.568E008,2.756E+4,
1.572E008,2.687E+4,
1.576E008,2.635E+4,
1.58E08,2.604E+4,
1.584E008,2.588E+4,
1.588E008,2.531E+4,
1.592E008,2.476E+4,
1.596E008,2.444E+4,
1.6E08,2.434E+4,
1.604E008,2.405E+4,
1.608E008,2.351E+4,
1.612E008,2.277E+4,
1.616E008,2.296E+4,
1.62E08,2.263E+4,
1.624E008,2.171E+4,
1.628E008,2.191E+4,
1.632E008,2.138E+4,
1.636E008,2.111E+4,
1.64E08,2.062E+4,
1.644E008,2.048E+4,
1.648E008,2.040E+4,
1.652E008,1.988E+4,
1.656E008,1.988E+4,
1.66E08,1.952E+4,
1.664E008,1.927E+4,
1.668E008,1.901E+4,
1.672E008,1.890E+4,
1.676E008,1.848E+4,
1.68E08,1.817E+4,
1.684E008,1.798E+4,
1.688E008,1.790E+4,
1.692E008,1.798E+4,
1.696E008,1.788E+4,
1.7E08,1.761E+4,
1.704E008,1.730E+4,
1.708E008,1.706E+4,
1.712E008,1.659E+4,
1.716E008,1.700E+4,
1.72E08,1.653E+4,
1.724E008,1.643E+4,
1.728E008,1.629E+4,
1.732E008,1.614E+4,
1.736E008,1.578E+4,
1.74E08,1.600E+4,
1.744E008,1.571E+4,
1.748E008,1.571E+4,
1.752E008,1.537E+4,
1.756E008,1.542E+4,
1.76E08,1.528E+4,
1.764E008,1.522E+4,
1.768E008,1.499E+4,
1.772E008,1.491E+4,
1.776E008,1.447E+4,
1.78E08,1.483E+4,
1.784E008,1.456E+4,
1.788E008,1.470E+4,
1.792E008,1.467E+4,
1.796E008,1.433E+4,
1.8E08,1.456E+4,
1.804E008,1.406E+4,
1.808E008,1.394E+4,
1.812E008,1.364E+4,
1.816E008,1.393E+4,
1.82E08,1.405E+4,
1.824E008,1.357E+4,
1.828E008,1.377E+4,
1.832E008,1.365E+4,
1.836E008,1.358E+4,
1.84E08,1.352E+4,
1.844E008,1.334E+4,
1.848E008,1.324E+4,
1.852E008,1.334E+4,
1.856E008,1.337E+4,
1.86E08,1.300E+4,
1.864E008,1.299E+4,
1.868E008,1.280E+4,
1.872E008,1.329E+4,
1.876E008,1.314E+4,
1.88E08,1.304E+4,
1.884E008,1.289E+4,
1.888E008,1.277E+4,
1.892E008,1.261E+4,
1.896E008,1.284E+4,
1.9E08,1.262E+4,
1.904E008,1.277E+4,
1.908E008,1.267E+4,
1.912E008,1.236E+4,
1.916E008,1.266E+4,
1.92E08,1.254E+4,
1.924E008,1.249E+4,
1.928E008,1.235E+4,
1.932E008,1.244E+4,
1.936E008,1.228E+4,
1.94E08,1.224E+4,
1.944E008,1.233E+4,
1.948E008,1.234E+4,
1.952E008,1.221E+4,
1.956E008,1.213E+4,
1.96E08,1.206E+4,
1.964E008,1.199E+4,
1.968E008,1.219E+4,
1.972E008,1.180E+4,
1.976E008,1.197E+4,
1.98E08,1.206E+4,
1.984E008,1.201E+4,
1.988E008,1.185E+4,
1.992E008,1.186E+4,
1.996E008,1.203E+4,
2E08,1.177E+4,
2.004E008,1.168E+4,
2.008E008,1.201E+4,
2.012E008,1.197E+4,
2.016E008,1.189E+4,
2.02E08,1.162E+4,
2.024E008,1.191E+4,
2.028E008,1.198E+4,
2.032E008,1.174E+4,
2.036E008,1.162E+4,
2.04E08,1.187E+4,
2.044E008,1.165E+4,
2.048E008,1.149E+4,
2.052E008,1.168E+4,
2.056E008,1.155E+4,
2.06E08,1.154E+4,
2.064E008,1.190E+4,
2.068E008,1.160E+4,
2.072E008,1.157E+4,
2.076E008,1.151E+4,
2.08E08,1.138E+4,
2.084E008,1.140E+4,
2.088E008,1.155E+4,
2.092E008,1.145E+4,
2.096E008,1.167E+4,
2.1E08,1.206E+4,
2.104E008,1.144E+4,
2.108E008,1.146E+4,
2.112E008,1.143E+4,
2.116E008,1.140E+4,
2.12E08,1.141E+4,
2.124E008,1.154E+4,
2.128E008,1.138E+4,
2.132E008,1.147E+4,
2.136E008,1.142E+4,
2.14E08,1.153E+4,
2.144E008,1.140E+4,
2.148E008,1.135E+4,
2.152E008,1.135E+4,
2.156E008,1.143E+4,
2.16E08,1.134E+4,
2.164E008,1.145E+4,
2.168E008,1.135E+4,
2.172E008,1.152E+4,
2.176E008,1.136E+4,
2.18E08,1.149E+4,
2.184E008,1.128E+4,
2.188E008,1.147E+4,
2.192E008,1.152E+4,
2.196E008,1.137E+4,
2.2E08,1.127E+4,
2.204E008,1.134E+4,
2.208E008,1.120E+4,
2.212E008,1.113E+4,
2.216E008,1.126E+4,
2.22E08,1.128E+4,
2.224E008,1.141E+4,
2.228E008,1.125E+4,
2.232E008,1.127E+4,
2.236E008,1.132E+4,
2.24E08,1.119E+4,
2.244E008,1.117E+4,
2.248E008,1.135E+4,
2.252E008,1.126E+4,
2.256E008,1.135E+4,
2.26E08,1.141E+4,
2.264E008,1.113E+4,
2.268E008,1.134E+4,
2.272E008,1.139E+4,
2.276E008,1.124E+4,
2.28E08,1.134E+4,
2.284E008,1.118E+4,
2.288E008,1.123E+4,
2.292E008,1.152E+4,
2.296E008,1.089E+4,
2.3E08,1.130E+4,
2.304E008,1.137E+4,
2.308E008,1.131E+4,
2.312E008,1.136E+4,
2.316E008,1.122E+4,
2.32E08,1.122E+4,
2.324E008,1.109E+4,
2.328E008,1.135E+4,
2.332E008,1.113E+4,
2.336E008,1.115E+4,
2.34E08,1.106E+4,
2.344E008,1.122E+4,
2.348E008,1.137E+4,
2.352E008,1.105E+4,
2.356E008,1.113E+4,
2.36E08,1.139E+4,
2.364E008,1.106E+4,
2.368E008,1.116E+4,
2.372E008,1.113E+4,
2.376E008,1.121E+4,
2.38E08,1.143E+4,
2.384E008,1.099E+4,
2.388E008,1.124E+4,
2.392E008,1.133E+4,
2.396E008,1.111E+4,
2.4E08,1.127E+4,
2.404E008,1.120E+4,
2.408E008,1.133E+4,
2.412E008,1.122E+4,
2.416E008,1.111E+4,
2.42E08,1.131E+4,
2.424E008,1.127E+4,
2.428E008,1.148E+4,
2.432E008,1.121E+4,
2.436E008,1.119E+4,
2.44E08,1.133E+4,
2.444E008,1.105E+4,
2.448E008,1.107E+4,
2.452E008,1.117E+4,
2.456E008,1.114E+4,
2.46E08,1.114E+4,
2.464E008,1.102E+4,
2.468E008,1.123E+4,
2.472E008,1.109E+4,
2.476E008,1.124E+4,
2.48E08,1.130E+4,
2.484E008,1.133E+4,
2.488E008,1.118E+4,
2.492E008,1.111E+4,
2.496E008,1.097E+4,
2.5E08,1.114E+4,
2.504E008,1.121E+4,
2.508E008,1.125E+4,
2.512E008,1.108E+4,
2.516E008,1.126E+4,
2.52E08,1.132E+4,
2.524E008,1.107E+4,
2.528E008,1.115E+4,
2.532E008,1.126E+4,
2.536E008,1.107E+4,
2.54E08,1.106E+4,
2.544E008,1.120E+4,
2.548E008,1.123E+4,
2.552E008,1.105E+4,
2.556E008,1.105E+4,
2.56E08,1.107E+4,
2.564E008,1.095E+4,
2.568E008,1.126E+4,
2.572E008,1.122E+4,
2.576E008,1.098E+4,
2.58E08,1.136E+4,
2.584E008,1.113E+4,
2.588E008,1.114E+4,
2.592E008,1.116E+4,
2.596E008,1.126E+4,
2.6E08,1.119E+4,
2.604E008,1.119E+4,
2.608E008,1.128E+4,
2.612E008,1.113E+4,
2.616E008,1.106E+4,
2.62E08,1.104E+4,
2.624E008,1.110E+4,
2.628E008,1.103E+4,
2.632E008,1.114E+4,
2.636E008,1.114E+4,
2.64E08,1.114E+4,
2.644E008,1.112E+4,
2.648E008,1.115E+4,
2.652E008,1.111E+4,
2.656E008,1.130E+4,
2.66E08,1.122E+4,
2.664E008,1.120E+4,
2.668E008,1.107E+4,
2.672E008,1.115E+4,
2.676E008,1.112E+4,
2.68E08,1.117E+4,
2.684E008,1.122E+4,
2.688E008,1.123E+4,
2.692E008,1.126E+4,
2.696E008,1.109E+4,
2.7E08,1.102E+4,
2.704E008,1.105E+4,
2.708E008,1.107E+4,
2.712E008,1.106E+4,
2.716E008,1.100E+4,
2.72E08,1.134E+4,
2.724E008,1.116E+4,
2.728E008,1.115E+4,
2.732E008,1.117E+4,
2.736E008,1.111E+4,
2.74E08,1.130E+4,
2.744E008,1.117E+4,
2.748E008,1.114E+4,
2.752E008,1.114E+4,
2.756E008,1.120E+4,
2.76E08,1.124E+4,
2.764E008,1.090E+4,
2.768E008,1.123E+4,
2.772E008,1.109E+4,
2.776E008,1.101E+4,
2.78E08,1.109E+4,
2.784E008,1.101E+4,
2.788E008,1.129E+4,
2.792E008,1.116E+4,
2.796E008,1.081E+4,
2.8E08,1.123E+4,
2.804E008,1.097E+4,
2.808E008,1.129E+4,
2.812E008,1.115E+4,
2.816E008,1.125E+4,
2.82E08,1.112E+4,
2.824E008,1.116E+4,
2.828E008,1.109E+4,
2.832E008,1.091E+4,
2.836E008,1.113E+4,
2.84E08,1.112E+4,
2.844E008,1.098E+4,
2.848E008,1.102E+4,
2.852E008,1.119E+4,
2.856E008,1.139E+4,
2.86E08,1.109E+4,
2.864E008,1.111E+4,
2.868E008,1.133E+4,
2.872E008,1.121E+4,
2.876E008,1.110E+4,
2.88E08,1.146E+4,
2.884E008,1.104E+4,
2.888E008,1.124E+4,
2.892E008,1.120E+4,
2.896E008,1.104E+4,
2.9E08,1.093E+4,
2.904E008,1.095E+4,
2.908E008,1.114E+4,
2.912E008,1.098E+4,
2.916E008,1.114E+4,
2.92E08,1.099E+4,
2.924E008,1.088E+4,
2.928E008,1.103E+4,
2.932E008,1.129E+4,
2.936E008,1.123E+4,
2.94E08,1.084E+4,
2.944E008,1.125E+4,
2.948E008,1.125E+4,
2.952E008,1.098E+4,
2.956E008,1.108E+4,
2.96E08,1.093E+4,
2.964E008,1.120E+4,
2.968E008,1.112E+4,
2.972E008,1.117E+4,
2.976E008,1.086E+4,
2.98E08,1.127E+4,
2.984E008,1.131E+4,
2.988E008,1.126E+4,
2.992E008,1.111E+4,
2.996E008,1.110E+4,
3E08,1.113E+4,
3.004E008,1.114E+4,
3.008E008,1.099E+4,
3.012E008,1.108E+4,
3.016E008,1.115E+4,
3.02E08,1.112E+4,
3.024E008,1.115E+4,
3.028E008,1.111E+4,
3.032E008,1.114E+4,
3.036E008,1.112E+4,
3.04E08,1.103E+4,
3.044E008,1.088E+4,
3.048E008,1.106E+4,
3.052E008,1.110E+4,
3.056E008,1.119E+4,
3.06E08,1.111E+4,
3.064E008,1.137E+4,
3.068E008,1.105E+4,
3.072E008,1.115E+4,
3.076E008,1.113E+4,
3.08E08,1.113E+4,
3.084E008,1.119E+4,
3.088E008,1.105E+4,
3.092E008,1.109E+4,
3.096E008,1.118E+4,
3.1E08,1.096E+4,
3.104E008,1.116E+4,
3.108E008,1.116E+4,
3.112E008,1.119E+4,
3.116E008,1.120E+4,
3.12E08,1.111E+4,
3.124E008,1.112E+4,
3.128E008,1.099E+4,
3.132E008,1.120E+4,
3.136E008,1.105E+4,
3.14E08,1.105E+4,
3.144E008,1.110E+4,
3.148E008,1.117E+4,
3.152E008,1.103E+4,
3.156E008,1.114E+4,
3.16E08,1.100E+4,
3.164E008,1.113E+4,
3.168E008,1.118E+4,
3.172E008,1.119E+4,
3.176E008,1.111E+4,
3.18E08,1.122E+4,
3.184E008,1.122E+4,
3.188E008,1.117E+4,
3.192E008,1.122E+4,
3.196E008,1.109E+4,
3.2E08,1.095E+4,
3.204E008,1.119E+4,
3.208E008,1.113E+4,
3.212E008,1.102E+4,
3.216E008,1.122E+4,
3.22E08,1.110E+4,
3.224E008,1.120E+4,
3.228E008,1.103E+4,
3.232E008,1.121E+4,
3.236E008,1.124E+4,
3.24E08,1.085E+4,
3.244E008,1.113E+4,
3.248E008,1.115E+4,
3.252E008,1.120E+4,
3.256E008,1.118E+4,
3.26E08,1.137E+4,
3.264E008,1.119E+4,
3.268E008,1.090E+4,
3.272E008,1.101E+4,
3.276E008,1.127E+4,
3.28E08,1.096E+4,
3.284E008,1.120E+4,
3.288E008,1.104E+4,
3.292E008,1.106E+4,
3.296E008,1.101E+4,
3.3E08,1.091E+4,
3.304E008,1.121E+4,
3.308E008,1.129E+4,
3.312E008,1.103E+4,
3.316E008,1.120E+4,
3.32E08,1.108E+4,
3.324E008,1.106E+4,
3.328E008,1.111E+4,
3.332E008,1.095E+4,
3.336E008,1.107E+4,
3.34E08,1.104E+4,
3.344E008,1.116E+4,
3.348E008,1.123E+4,
3.352E008,1.098E+4,
3.356E008,1.108E+4,
3.36E08,1.095E+4,
3.364E008,1.113E+4,
3.368E008,1.116E+4,
3.372E008,1.093E+4,
3.376E008,1.122E+4,
3.38E08,1.127E+4,
3.384E008,1.106E+4,
3.388E008,1.110E+4,
3.392E008,1.122E+4,
3.396E008,1.112E+4,
3.4E08,1.091E+4,
3.404E008,1.114E+4,
3.408E008,1.094E+4,
3.412E008,1.123E+4,
3.416E008,1.104E+4,
3.42E08,1.114E+4,
3.424E008,1.113E+4,
3.428E008,1.108E+4,
3.432E008,1.099E+4,
3.436E008,1.106E+4,
3.44E08,1.116E+4,
3.444E008,1.116E+4,
3.448E008,1.116E+4,
3.452E008,1.107E+4,
3.456E008,1.114E+4,
3.46E08,1.089E+4,
3.464E008,1.116E+4,
3.468E008,1.125E+4,
3.472E008,1.137E+4,
3.476E008,1.121E+4,
3.48E08,1.111E+4,
3.484E008,1.119E+4,
3.488E008,1.124E+4,
3.492E008,1.091E+4,
3.496E008,1.122E+4,
3.5E08,1.128E+4,
3.504E008,1.076E+4,
3.508E008,1.109E+4,
3.512E008,1.101E+4,
3.516E008,1.100E+4,
3.52E08,1.095E+4,
3.524E008,1.108E+4,
3.528E008,1.116E+4,
3.532E008,1.116E+4,
3.536E008,1.096E+4,
3.54E08,1.107E+4,
3.544E008,1.116E+4,
3.548E008,1.106E+4,
3.552E008,1.108E+4,
3.556E008,1.102E+4,
3.56E08,1.098E+4,
3.564E008,1.111E+4,
3.568E008,1.121E+4,
3.572E008,1.124E+4,
3.576E008,1.097E+4,
3.58E08,1.100E+4,
3.584E008,1.113E+4,
3.588E008,1.119E+4,
3.592E008,1.120E+4,
3.596E008,1.121E+4,
3.6E08,1.100E+4,
3.604E008,1.116E+4,
3.608E008,1.117E+4,
3.612E008,1.114E+4,
3.616E008,1.103E+4,
3.62E08,1.120E+4,
3.624E008,1.112E+4,
3.628E008,1.106E+4,
3.632E008,1.091E+4,
3.636E008,1.117E+4,
3.64E08,1.093E+4,
3.644E008,1.101E+4,
3.648E008,1.105E+4,
3.652E008,1.106E+4,
3.656E008,1.099E+4,
3.66E08,1.083E+4,
3.664E008,1.106E+4,
3.668E008,1.109E+4,
3.672E008,1.123E+4,
3.676E008,1.106E+4,
3.68E08,1.131E+4,
3.684E008,1.099E+4,
3.688E008,1.095E+4,
3.692E008,1.096E+4,
3.696E008,1.091E+4,
3.7E08,1.092E+4,
3.704E008,1.129E+4,
3.708E008,1.108E+4,
3.712E008,1.141E+4,
3.716E008,1.118E+4,
3.72E08,1.133E+4,
3.724E008,1.131E+4,
3.728E008,1.116E+4,
3.732E008,1.113E+4,
3.736E008,1.094E+4,
3.74E08,1.100E+4,
3.744E008,1.119E+4,
3.748E008,1.087E+4,
3.752E008,1.115E+4,
3.756E008,1.112E+4,
3.76E08,1.119E+4,
3.764E008,1.110E+4,
3.768E008,1.117E+4,
3.772E008,1.097E+4,
3.776E008,1.103E+4,
3.78E08,1.103E+4,
3.784E008,1.118E+4,
3.788E008,1.108E+4,
3.792E008,1.087E+4,
3.796E008,1.113E+4,
3.8E08,1.106E+4,
3.804E008,1.119E+4,
3.808E008,1.102E+4,
3.812E008,1.103E+4,
3.816E008,1.111E+4,
3.82E08,1.124E+4,
3.824E008,1.102E+4,
3.828E008,1.105E+4,
3.832E008,1.102E+4,
3.836E008,1.112E+4,
3.84E08,1.118E+4,
3.844E008,1.113E+4,
3.848E008,1.115E+4,
3.852E008,1.115E+4,
3.856E008,1.109E+4,
3.86E08,1.101E+4,
3.864E008,1.111E+4,
3.868E008,1.092E+4,
3.872E008,1.107E+4,
3.876E008,1.117E+4,
3.88E08,1.112E+4,
3.884E008,1.112E+4,
3.888E008,1.089E+4,
3.892E008,1.123E+4,
3.896E008,1.102E+4,
3.9E08,1.096E+4,
3.904E008,1.102E+4,
3.908E008,1.082E+4,
3.912E008,1.104E+4,
3.916E008,1.102E+4,
3.92E08,1.084E+4,
3.924E008,1.111E+4,
3.928E008,1.108E+4,
3.932E008,1.087E+4,
3.936E008,1.116E+4,
3.94E08,1.134E+4,
3.944E008,1.094E+4,
3.948E008,1.101E+4,
3.952E008,1.113E+4,
3.956E008,1.147E+4,
3.96E08,1.106E+4,
3.964E008,1.098E+4,
3.968E008,1.092E+4,
3.972E008,1.134E+4,
3.976E008,1.110E+4,
3.98E08,1.118E+4,
3.984E008,1.139E+4,
3.988E008,1.117E+4,
3.992E008,1.086E+4,
3.996E008,1.115E+4,
