Labels,T7,
Type,Time Scan,
Comment,,
Start,0.00,
Stop,1.998E008,
Step,2E05,
Fixed/Offset, ,
XAxis,Time,
YAxis,Counts,

0.00,2.268E+4,
2E05,1.022E+5,
4E05,1.040E+5,
6E05,1.022E+5,
800000.060000,1.004E+5,
1E06,9.837E+4,
1.2E06,9.665E+4,
1.4E06,9.488E+4,
1.6E06,9.385E+4,
1.8E06,9.137E+4,
2E06,8.977E+4,
2.2E06,8.857E+4,
2.4E06,8.729E+4,
2.6E06,8.580E+4,
2.8E06,8.464E+4,
3E06,8.334E+4,
3.2E06,8.151E+4,
3.4E06,8.049E+4,
3.6E06,7.917E+4,
3.8E06,7.838E+4,
4E06,7.627E+4,
4.2E06,7.567E+4,
4.4E06,7.396E+4,
4.6E06,7.334E+4,
4.8E06,7.174E+4,
5E06,7.099E+4,
5.2E06,6.924E+4,
5.4E06,6.807E+4,
5.6E06,6.778E+4,
5.8E06,6.642E+4,
6E06,6.482E+4,
6.2E06,6.444E+4,
6400000.500000,6.330E+4,
6600000.500000,6.274E+4,
6800000.500000,6.120E+4,
7000000.500000,6.043E+4,
7200000.600000,5.925E+4,
7400000.600000,5.866E+4,
7600000.600000,5.757E+4,
7800000.600000,5.632E+4,
8000000.600000,5.563E+4,
8200000.600000,5.548E+4,
8400000.700000,5.426E+4,
8600000.700000,5.321E+4,
8800000.700000,5.262E+4,
9000000.700000,5.150E+4,
9200000.700000,5.079E+4,
9400000.700000,5.004E+4,
9600000.800000,4.930E+4,
9800000.800000,4.884E+4,
1E07,4.805E+4,
1.02E07,4.705E+4,
1.04E07,4.684E+4,
1.06E07,4.583E+4,
1.08E07,4.532E+4,
1.1E07,4.479E+4,
1.12E07,4.349E+4,
1.14E07,4.315E+4,
1.16E07,4.275E+4,
1.18E07,4.158E+4,
1.2E07,4.100E+4,
1.22E07,4.042E+4,
1.24E07,3.971E+4,
1.26E07,3.972E+4,
1.28E07,3.902E+4,
1.3E07,3.803E+4,
1.32E07,3.791E+4,
1.34E07,3.720E+4,
1.36E07,3.714E+4,
1.38E07,3.646E+4,
1.4E07,3.574E+4,
1.42E07,3.504E+4,
1.44E07,3.506E+4,
1.46E07,3.386E+4,
1.48E07,3.384E+4,
1.5E07,3.352E+4,
1.52E07,3.292E+4,
1.54E07,3.228E+4,
1.56E07,3.180E+4,
1.58E07,3.154E+4,
1.6E07,3.135E+4,
1.62E07,3.042E+4,
1.64E07,3.033E+4,
1.66E07,2.977E+4,
1.68E07,2.967E+4,
1.7E07,2.935E+4,
1.72E07,2.875E+4,
1.74E07,2.838E+4,
1.76E07,2.806E+4,
1.78E07,2.776E+4,
1.8E07,2.751E+4,
1.82E07,2.728E+4,
1.84E07,2.652E+4,
1.86E07,2.632E+4,
1.88E07,2.629E+4,
1.9E07,2.569E+4,
1.92E07,2.522E+4,
1.94E07,2.532E+4,
1.96E07,2.451E+4,
1.98E07,2.478E+4,
2E07,2.433E+4,
2.02E07,2.411E+4,
2.04E07,2.345E+4,
2.06E07,2.341E+4,
2.08E07,2.294E+4,
2.1E07,2.277E+4,
2.12E07,2.288E+4,
2.14E07,2.258E+4,
2.16E07,2.237E+4,
2.18E07,2.186E+4,
2.2E07,2.125E+4,
2.22E07,2.127E+4,
2.24E07,2.115E+4,
2.26E07,2.125E+4,
2.28E07,2.083E+4,
2.3E07,2.057E+4,
2.32E07,2.024E+4,
2.34E07,2.032E+4,
2.36E07,1.991E+4,
2.38E07,1.993E+4,
2.4E07,1.929E+4,
2.42E07,1.894E+4,
2.44E07,1.912E+4,
2.46E07,1.875E+4,
2.48E07,1.865E+4,
2.5E07,1.868E+4,
2.52E07,1.816E+4,
2.54E07,1.799E+4,
2.56E07,1.812E+4,
2.58E07,1.778E+4,
2.6E07,1.744E+4,
2.62E07,1.725E+4,
2.64E07,1.738E+4,
2.66E07,1.707E+4,
2.68E07,1.714E+4,
2.7E07,1.679E+4,
2.72E07,1.661E+4,
2.74E07,1.666E+4,
2.76E07,1.651E+4,
2.78E07,1.646E+4,
2.8E07,1.639E+4,
2.82E07,1.581E+4,
2.84E07,1.595E+4,
2.86E07,1.560E+4,
2.88E07,1.555E+4,
2.9E07,1.525E+4,
2.92E07,1.520E+4,
2.94E07,1.532E+4,
2.96E07,1.497E+4,
2.98E07,1.498E+4,
3E07,1.491E+4,
3.02E07,1.483E+4,
3.04E07,1.476E+4,
3.06E07,1.458E+4,
3.08E07,1.435E+4,
3.1E07,1.422E+4,
3.12E07,1.416E+4,
3.14E07,1.413E+4,
3.16E07,1.387E+4,
3.18E07,1.390E+4,
3.2E07,1.386E+4,
3.22E07,1.373E+4,
3.24E07,1.355E+4,
3.26E07,1.356E+4,
3.28E07,1.366E+4,
3.3E07,1.332E+4,
3.32E07,1.339E+4,
3.34E07,1.312E+4,
3.36E07,1.300E+4,
3.38E07,1.309E+4,
3.4E07,1.310E+4,
3.42E07,1.285E+4,
3.44E07,1.289E+4,
3.46E07,1.253E+4,
3.48E07,1.259E+4,
3.5E07,1.251E+4,
3.52E07,1.238E+4,
3.54E07,1.236E+4,
3.56E07,1.218E+4,
3.58E07,1.220E+4,
3.6E07,1.231E+4,
3.62E07,1.227E+4,
3.64E07,1.191E+4,
3.66E07,1.202E+4,
3.68E07,1.207E+4,
3.7E07,1.176E+4,
3.72E07,1.184E+4,
3.74E07,1.164E+4,
3.76E07,1.170E+4,
3.78E07,1.169E+4,
3.8E07,1.162E+4,
3.82E07,1.156E+4,
3.84E07,1.152E+4,
3.86E07,1.115E+4,
3.88E07,1.136E+4,
3.9E07,1.128E+4,
3.92E07,1.132E+4,
3.94E07,1.145E+4,
3.96E07,1.149E+4,
3.98E07,1.128E+4,
4E07,1.118E+4,
4.02E07,1.104E+4,
4.04E07,1.110E+4,
4.06E07,1.110E+4,
4.08E07,1.109E+4,
4.1E07,1.088E+4,
4.12E07,1.067E+4,
4.14E07,1.073E+4,
4.16E07,1.074E+4,
4.18E07,1.066E+4,
4.2E07,1.073E+4,
4.22E07,1.051E+4,
4.24E07,1.047E+4,
4.26E07,1.051E+4,
4.28E07,1.038E+4,
4.3E07,1.067E+4,
4.32E07,1.046E+4,
4.34E07,1.039E+4,
4.36E07,1.043E+4,
4.38E07,1.030E+4,
4.4E07,1.033E+4,
4.42E07,1.043E+4,
4.44E07,1.050E+4,
4.46E07,1.042E+4,
4.48E07,1.027E+4,
4.5E07,1.002E+4,
4.52E07,1.015E+4,
4.54E07,9.865E+3,
4.56E07,1.000E+4,
4.58E07,1.008E+4,
4.6E07,1.005E+4,
4.62E07,1.001E+4,
4.64E07,1.008E+4,
4.66E07,9.920E+3,
4.68E07,9.978E+3,
4.7E07,9.888E+3,
4.72E07,9.825E+3,
4.74E07,9.796E+3,
4.76E07,9.684E+3,
4.78E07,9.828E+3,
4.8E07,9.721E+3,
4.82E07,9.787E+3,
4.84E07,9.735E+3,
4.86E07,9.700E+3,
4.88E07,9.593E+3,
4.9E07,9.676E+3,
4.92E07,9.768E+3,
4.94E07,9.659E+3,
4.96E07,9.554E+3,
4.98E07,9.698E+3,
5E07,9.633E+3,
5.02E07,9.473E+3,
5.04E07,9.543E+3,
5.06E07,9.719E+3,
5.08E07,9.696E+3,
5.1E07,9.553E+3,
5.12E07,9.388E+3,
5.14E07,9.559E+3,
5.16E07,9.565E+3,
5.18E07,9.557E+3,
5.2E07,9.576E+3,
5.22E07,9.430E+3,
5.24E07,9.321E+3,
5.26E07,9.448E+3,
5.28E07,9.393E+3,
5.3E07,9.463E+3,
5.32E07,9.291E+3,
5.34E07,9.411E+3,
5.36E07,9.205E+3,
5.38E07,9.389E+3,
5.4E07,9.203E+3,
5.42E07,9.184E+3,
5.44E07,9.260E+3,
5.46E07,9.374E+3,
5.48E07,9.295E+3,
5.5E07,9.192E+3,
5.52E07,9.347E+3,
5.54E07,9.191E+3,
5.56E07,9.235E+3,
5.58E07,9.145E+3,
5.6E07,9.109E+3,
5.62E07,9.105E+3,
5.64E07,9.140E+3,
5.66E07,9.162E+3,
5.68E07,9.267E+3,
5.7E07,9.380E+3,
5.72E07,9.281E+3,
5.74E07,9.224E+3,
5.76E07,9.134E+3,
5.78E07,9.199E+3,
5.8E07,9.200E+3,
5.82E07,9.302E+3,
5.84E07,9.226E+3,
5.86E07,9.138E+3,
5.88E07,8.979E+3,
5.9E07,8.989E+3,
5.92E07,9.083E+3,
5.94E07,9.071E+3,
5.96E07,9.052E+3,
5.98E07,9.016E+3,
6E07,8.976E+3,
6.02E07,8.888E+3,
6.04E07,9.159E+3,
6.06E07,8.965E+3,
6.08E07,8.897E+3,
6.1E07,9.123E+3,
6.12E07,8.881E+3,
6.14E07,8.846E+3,
6.16E07,8.984E+3,
6.18E07,9.071E+3,
6.2E07,9.110E+3,
6.22E07,8.762E+3,
6.24E07,8.966E+3,
6.26E07,8.977E+3,
6.28E07,9.005E+3,
6.3E07,8.942E+3,
6.32E07,8.921E+3,
6.34E07,9.060E+3,
6.36E07,8.838E+3,
6.38E07,9.032E+3,
64000005.000000,9.083E+3,
64200005.000000,8.848E+3,
64400005.000000,8.917E+3,
64600005.000000,8.961E+3,
64800005.000000,8.959E+3,
65000005.000000,8.891E+3,
65200005.000000,8.738E+3,
65400005.000000,8.795E+3,
65600005.000000,8.885E+3,
65800005.000000,8.863E+3,
66000005.000000,9.060E+3,
66200005.000000,8.802E+3,
66400005.000000,8.854E+3,
66600005.000000,8.737E+3,
66800005.000000,8.750E+3,
67000005.000000,8.692E+3,
67200005.000000,8.850E+3,
67400005.000000,8.705E+3,
67600005.000000,8.959E+3,
67800005.000000,8.861E+3,
68000005.000000,8.772E+3,
68200005.000000,8.990E+3,
68400005.000000,8.753E+3,
68600005.000000,8.881E+3,
68800005.000000,8.828E+3,
69000005.000000,8.778E+3,
69200005.000000,8.754E+3,
69400005.000000,8.846E+3,
69600005.000000,8.803E+3,
69800005.000000,8.868E+3,
70000005.000000,9.003E+3,
70200005.000000,8.839E+3,
70400006.000000,9.118E+3,
70600006.000000,8.934E+3,
70800006.000000,8.734E+3,
71000006.000000,8.792E+3,
71200006.000000,8.747E+3,
71400006.000000,8.758E+3,
71600006.000000,8.734E+3,
71800006.000000,8.663E+3,
72000006.000000,8.766E+3,
72200006.000000,8.756E+3,
72400006.000000,8.698E+3,
72600006.000000,8.802E+3,
72800006.000000,8.789E+3,
73000006.000000,8.995E+3,
73200006.000000,8.674E+3,
73400006.000000,8.715E+3,
73600006.000000,8.725E+3,
73800006.000000,8.953E+3,
74000006.000000,8.925E+3,
74200006.000000,8.867E+3,
74400006.000000,8.793E+3,
74600006.000000,8.877E+3,
74800006.000000,8.853E+3,
75000006.000000,8.448E+3,
75200006.000000,8.735E+3,
75400006.000000,8.688E+3,
75600006.000000,8.643E+3,
75800006.000000,8.669E+3,
76000006.000000,8.639E+3,
76200006.000000,8.641E+3,
76400006.000000,8.934E+3,
76600006.000000,8.730E+3,
76800006.000000,8.675E+3,
77000006.000000,8.581E+3,
77200006.000000,8.663E+3,
77400006.000000,8.727E+3,
77600006.000000,8.832E+3,
77800006.000000,8.719E+3,
78000006.000000,8.639E+3,
78200006.000000,8.813E+3,
78400006.000000,8.972E+3,
78600006.000000,8.663E+3,
78800006.000000,8.671E+3,
79000006.000000,8.757E+3,
79200006.000000,8.757E+3,
79400006.000000,8.711E+3,
79600006.000000,8.816E+3,
79800006.000000,8.698E+3,
80000006.000000,8.587E+3,
80200006.000000,8.688E+3,
80400006.000000,8.836E+3,
80600006.000000,8.766E+3,
80800006.000000,8.842E+3,
81000006.000000,8.665E+3,
81200006.000000,8.850E+3,
81400006.000000,8.716E+3,
81600006.000000,8.790E+3,
81800006.000000,8.637E+3,
82000006.000000,8.749E+3,
82200006.000000,8.833E+3,
82400006.000000,8.847E+3,
82600006.000000,8.663E+3,
82800006.000000,8.556E+3,
83000006.000000,8.600E+3,
83200007.000000,8.642E+3,
83400007.000000,8.575E+3,
83600007.000000,8.728E+3,
83800007.000000,8.739E+3,
84000007.000000,8.736E+3,
84200007.000000,8.474E+3,
84400007.000000,8.840E+3,
84600007.000000,8.695E+3,
84800007.000000,8.637E+3,
85000007.000000,8.806E+3,
85200007.000000,8.853E+3,
85400007.000000,8.843E+3,
85600007.000000,8.794E+3,
85800007.000000,8.971E+3,
86000007.000000,8.672E+3,
86200007.000000,8.692E+3,
86400007.000000,8.925E+3,
86600007.000000,8.712E+3,
86800007.000000,8.786E+3,
87000007.000000,8.600E+3,
87200007.000000,8.607E+3,
87400007.000000,8.484E+3,
87600007.000000,8.767E+3,
87800007.000000,8.706E+3,
88000007.000000,8.791E+3,
88200007.000000,8.564E+3,
88400007.000000,8.765E+3,
88600007.000000,8.629E+3,
88800007.000000,8.737E+3,
89000007.000000,8.717E+3,
89200007.000000,8.611E+3,
89400007.000000,8.551E+3,
89600007.000000,8.782E+3,
89800007.000000,8.723E+3,
90000007.000000,8.538E+3,
90200007.000000,8.620E+3,
90400007.000000,8.634E+3,
90600007.000000,8.621E+3,
90800007.000000,8.615E+3,
91000007.000000,8.662E+3,
91200007.000000,8.625E+3,
91400007.000000,8.560E+3,
91600007.000000,8.778E+3,
91800007.000000,8.664E+3,
92000007.000000,8.844E+3,
92200007.000000,8.532E+3,
92400007.000000,8.520E+3,
92600007.000000,8.640E+3,
92800007.000000,8.689E+3,
93000007.000000,8.512E+3,
93200007.000000,8.621E+3,
93400007.000000,8.620E+3,
93600007.000000,8.905E+3,
93800007.000000,8.635E+3,
94000007.000000,8.657E+3,
94200007.000000,8.638E+3,
94400007.000000,8.557E+3,
94600007.000000,8.465E+3,
94800007.000000,8.517E+3,
95000007.000000,8.768E+3,
95200007.000000,8.719E+3,
95400007.000000,8.576E+3,
95600007.000000,8.696E+3,
95800007.000000,8.533E+3,
96000008.000000,8.680E+3,
96200008.000000,8.715E+3,
96400008.000000,8.455E+3,
96600008.000000,8.670E+3,
96800008.000000,8.586E+3,
97000008.000000,8.312E+3,
97200008.000000,8.602E+3,
97400008.000000,8.490E+3,
97600008.000000,8.700E+3,
97800008.000000,8.558E+3,
98000008.000000,8.713E+3,
98200008.000000,8.545E+3,
98400008.000000,8.899E+3,
98600008.000000,8.643E+3,
98800008.000000,8.629E+3,
99000008.000000,8.541E+3,
99200008.000000,8.783E+3,
99400008.000000,8.525E+3,
99600008.000000,8.495E+3,
99800008.000000,8.700E+3,
1E08,8.596E+3,
1.002E008,8.597E+3,
1.004E008,8.834E+3,
1.006E008,8.628E+3,
1.008E008,8.591E+3,
1.01E08,8.584E+3,
1.012E008,8.730E+3,
1.014E008,8.525E+3,
1.016E008,8.697E+3,
1.018E008,8.679E+3,
1.02E08,8.709E+3,
1.022E008,8.596E+3,
1.024E008,8.686E+3,
1.026E008,8.688E+3,
1.028E008,8.626E+3,
1.03E08,8.430E+3,
1.032E008,8.742E+3,
1.034E008,8.829E+3,
1.036E008,8.702E+3,
1.038E008,8.629E+3,
1.04E08,8.660E+3,
1.042E008,8.541E+3,
1.044E008,8.392E+3,
1.046E008,8.553E+3,
1.048E008,8.504E+3,
1.05E08,8.709E+3,
1.052E008,8.596E+3,
1.054E008,8.535E+3,
1.056E008,8.690E+3,
1.058E008,8.539E+3,
1.06E08,8.532E+3,
1.062E008,8.380E+3,
1.064E008,8.725E+3,
1.066E008,8.855E+3,
1.068E008,8.640E+3,
1.07E08,8.631E+3,
1.072E008,8.634E+3,
1.074E008,8.672E+3,
1.076E008,8.533E+3,
1.078E008,8.779E+3,
1.08E08,8.562E+3,
1.082E008,8.780E+3,
1.084E008,8.770E+3,
1.086E008,8.602E+3,
1.088E008,8.619E+3,
1.09E08,8.569E+3,
1.092E008,8.643E+3,
1.094E008,8.526E+3,
1.096E008,8.570E+3,
1.098E008,8.560E+3,
1.1E08,8.686E+3,
1.102E008,8.815E+3,
1.104E008,8.646E+3,
1.106E008,8.857E+3,
1.108E008,8.535E+3,
1.11E08,8.685E+3,
1.112E008,8.817E+3,
1.114E008,8.736E+3,
1.116E008,8.896E+3,
1.118E008,8.780E+3,
1.12E08,8.609E+3,
1.122E008,8.660E+3,
1.124E008,8.585E+3,
1.126E008,8.653E+3,
1.128E008,8.735E+3,
1.13E08,8.662E+3,
1.132E008,8.518E+3,
1.134E008,8.586E+3,
1.136E008,8.512E+3,
1.138E008,8.725E+3,
1.14E08,8.681E+3,
1.142E008,8.549E+3,
1.144E008,8.629E+3,
1.146E008,8.669E+3,
1.148E008,8.663E+3,
1.15E08,8.619E+3,
1.152E008,8.634E+3,
1.154E008,8.513E+3,
1.156E008,8.534E+3,
1.158E008,8.675E+3,
1.16E08,8.623E+3,
1.162E008,8.607E+3,
1.164E008,8.596E+3,
1.166E008,8.526E+3,
1.168E008,8.487E+3,
1.17E08,8.562E+3,
1.172E008,8.559E+3,
1.174E008,8.553E+3,
1.176E008,8.717E+3,
1.178E008,8.859E+3,
1.18E08,8.668E+3,
1.182E008,8.738E+3,
1.184E008,8.605E+3,
1.186E008,8.622E+3,
1.188E008,8.641E+3,
1.19E08,8.552E+3,
1.192E008,8.603E+3,
1.194E008,8.819E+3,
1.196E008,8.821E+3,
1.198E008,8.479E+3,
1.2E08,8.716E+3,
1.202E008,8.463E+3,
1.204E008,8.548E+3,
1.206E008,8.635E+3,
1.208E008,8.706E+3,
1.21E08,8.581E+3,
1.212E008,8.661E+3,
1.214E008,8.613E+3,
1.216E008,8.635E+3,
1.218E008,8.584E+3,
1.22E08,8.824E+3,
1.222E008,8.377E+3,
1.224E008,8.597E+3,
1.226E008,8.473E+3,
1.228E008,8.503E+3,
1.23E08,8.759E+3,
1.232E008,8.596E+3,
1.234E008,8.550E+3,
1.236E008,8.533E+3,
1.238E008,8.668E+3,
1.24E08,8.548E+3,
1.242E008,8.593E+3,
1.244E008,8.673E+3,
1.246E008,8.639E+3,
1.248E008,8.500E+3,
1.25E08,8.623E+3,
1.252E008,8.538E+3,
1.254E008,8.726E+3,
1.256E008,8.726E+3,
1.258E008,8.831E+3,
1.26E08,8.772E+3,
1.262E008,8.406E+3,
1.264E008,8.574E+3,
1.266E008,8.581E+3,
1.268E008,8.696E+3,
1.27E08,8.805E+3,
1.272E008,8.652E+3,
1.274E008,8.684E+3,
1.276E008,8.713E+3,
1.278E008,8.628E+3,
1.28E08,8.591E+3,
1.282E008,8.548E+3,
1.284E008,8.705E+3,
1.286E008,8.538E+3,
1.288E008,8.579E+3,
1.29E08,8.784E+3,
1.292E008,8.521E+3,
1.294E008,8.562E+3,
1.296E008,8.705E+3,
1.298E008,8.739E+3,
1.3E08,8.690E+3,
1.302E008,8.883E+3,
1.304E008,8.755E+3,
1.306E008,8.568E+3,
1.308E008,8.597E+3,
1.31E08,8.475E+3,
1.312E008,8.408E+3,
1.314E008,8.611E+3,
1.316E008,8.565E+3,
1.318E008,8.621E+3,
1.32E08,8.634E+3,
1.322E008,8.837E+3,
1.324E008,8.721E+3,
1.326E008,8.678E+3,
1.328E008,8.595E+3,
1.33E08,8.604E+3,
1.332E008,8.747E+3,
1.334E008,8.586E+3,
1.336E008,8.656E+3,
1.338E008,8.885E+3,
1.34E08,8.693E+3,
1.342E008,8.481E+3,
1.344E008,8.615E+3,
1.346E008,8.825E+3,
1.348E008,8.768E+3,
1.35E08,8.726E+3,
1.352E008,8.810E+3,
1.354E008,8.593E+3,
1.356E008,8.685E+3,
1.358E008,8.569E+3,
1.36E08,8.773E+3,
1.362E008,8.432E+3,
1.364E008,8.557E+3,
1.366E008,8.516E+3,
1.368E008,8.700E+3,
1.37E08,8.750E+3,
1.372E008,8.284E+3,
1.374E008,8.637E+3,
1.376E008,8.498E+3,
1.378E008,8.575E+3,
1.38E08,8.762E+3,
1.382E008,8.622E+3,
1.384E008,8.585E+3,
1.386E008,8.600E+3,
1.388E008,8.627E+3,
1.39E08,8.528E+3,
1.392E008,8.684E+3,
1.394E008,8.780E+3,
1.396E008,8.636E+3,
1.398E008,8.629E+3,
1.4E08,8.517E+3,
1.402E008,8.473E+3,
1.404E008,8.694E+3,
1.406E008,8.597E+3,
1.408E008,8.859E+3,
1.41E08,8.717E+3,
1.412E008,8.560E+3,
1.414E008,8.598E+3,
1.416E008,8.615E+3,
1.418E008,8.606E+3,
1.42E08,8.665E+3,
1.422E008,8.721E+3,
1.424E008,8.496E+3,
1.426E008,8.553E+3,
1.428E008,8.474E+3,
1.43E08,8.730E+3,
1.432E008,8.597E+3,
1.434E008,8.677E+3,
1.436E008,8.540E+3,
1.438E008,8.698E+3,
1.44E08,8.471E+3,
1.442E008,8.691E+3,
1.444E008,8.463E+3,
1.446E008,8.691E+3,
1.448E008,8.695E+3,
1.45E08,8.525E+3,
1.452E008,8.752E+3,
1.454E008,8.873E+3,
1.456E008,8.574E+3,
1.458E008,8.733E+3,
1.46E08,8.629E+3,
1.462E008,8.592E+3,
1.464E008,8.679E+3,
1.466E008,8.882E+3,
1.468E008,8.522E+3,
1.47E08,8.490E+3,
1.472E008,8.696E+3,
1.474E008,8.541E+3,
1.476E008,8.776E+3,
1.478E008,8.635E+3,
1.48E08,8.520E+3,
1.482E008,8.520E+3,
1.484E008,8.711E+3,
1.486E008,8.533E+3,
1.488E008,8.767E+3,
1.49E08,8.436E+3,
1.492E008,8.623E+3,
1.494E008,8.510E+3,
1.496E008,8.653E+3,
1.498E008,8.675E+3,
1.5E08,8.839E+3,
1.502E008,8.657E+3,
1.504E008,8.718E+3,
1.506E008,8.721E+3,
1.508E008,8.459E+3,
1.51E08,8.648E+3,
1.512E008,8.609E+3,
1.514E008,8.657E+3,
1.516E008,8.679E+3,
1.518E008,8.685E+3,
1.52E08,8.685E+3,
1.522E008,8.549E+3,
1.524E008,8.753E+3,
1.526E008,8.625E+3,
1.528E008,8.497E+3,
1.53E08,8.571E+3,
1.532E008,8.496E+3,
1.534E008,8.522E+3,
1.536E008,8.650E+3,
1.538E008,8.660E+3,
1.54E08,8.688E+3,
1.542E008,8.640E+3,
1.544E008,8.659E+3,
1.546E008,8.756E+3,
1.548E008,8.616E+3,
1.55E08,8.557E+3,
1.552E008,8.805E+3,
1.554E008,8.649E+3,
1.556E008,8.824E+3,
1.558E008,8.529E+3,
1.56E08,8.590E+3,
1.562E008,8.528E+3,
1.564E008,8.615E+3,
1.566E008,8.793E+3,
1.568E008,8.652E+3,
1.57E08,8.499E+3,
1.572E008,8.806E+3,
1.574E008,8.742E+3,
1.576E008,8.541E+3,
1.578E008,8.840E+3,
1.58E08,8.582E+3,
1.582E008,8.549E+3,
1.584E008,8.719E+3,
1.586E008,8.812E+3,
1.588E008,8.617E+3,
1.59E08,8.602E+3,
1.592E008,8.539E+3,
1.594E008,8.795E+3,
1.596E008,8.611E+3,
1.598E008,8.646E+3,
1.6E08,8.570E+3,
1.602E008,8.889E+3,
1.604E008,8.669E+3,
1.606E008,8.825E+3,
1.608E008,8.783E+3,
1.61E08,8.617E+3,
1.612E008,8.718E+3,
1.614E008,8.733E+3,
1.616E008,8.541E+3,
1.618E008,8.633E+3,
1.62E08,8.659E+3,
1.622E008,8.651E+3,
1.624E008,8.613E+3,
1.626E008,8.752E+3,
1.628E008,8.522E+3,
1.63E08,8.617E+3,
1.632E008,8.545E+3,
1.634E008,8.482E+3,
1.636E008,8.571E+3,
1.638E008,8.606E+3,
1.64E08,8.627E+3,
1.642E008,8.583E+3,
1.644E008,8.618E+3,
1.646E008,8.683E+3,
1.648E008,8.698E+3,
1.65E08,8.808E+3,
1.652E008,8.613E+3,
1.654E008,8.711E+3,
1.656E008,8.694E+3,
1.658E008,8.541E+3,
1.66E08,8.532E+3,
1.662E008,8.737E+3,
1.664E008,8.602E+3,
1.666E008,8.575E+3,
1.668E008,8.707E+3,
1.67E08,8.511E+3,
1.672E008,8.611E+3,
1.674E008,8.656E+3,
1.676E008,8.464E+3,
1.678E008,8.399E+3,
1.68E08,8.577E+3,
1.682E008,8.649E+3,
1.684E008,8.652E+3,
1.686E008,8.688E+3,
1.688E008,8.501E+3,
1.69E08,8.692E+3,
1.692E008,8.403E+3,
1.694E008,8.622E+3,
1.696E008,8.690E+3,
1.698E008,8.697E+3,
1.7E08,8.498E+3,
1.702E008,8.787E+3,
1.704E008,8.818E+3,
1.706E008,8.860E+3,
1.708E008,8.629E+3,
1.71E08,8.536E+3,
1.712E008,8.663E+3,
1.714E008,8.597E+3,
1.716E008,8.562E+3,
1.718E008,8.638E+3,
1.72E08,8.613E+3,
1.722E008,8.606E+3,
1.724E008,8.584E+3,
1.726E008,8.715E+3,
1.728E008,8.783E+3,
1.73E08,8.659E+3,
1.732E008,8.735E+3,
1.734E008,8.689E+3,
1.736E008,8.687E+3,
1.738E008,8.660E+3,
1.74E08,8.668E+3,
1.742E008,8.767E+3,
1.744E008,8.619E+3,
1.746E008,8.692E+3,
1.748E008,8.618E+3,
1.75E08,8.518E+3,
1.752E008,8.563E+3,
1.754E008,8.531E+3,
1.756E008,8.754E+3,
1.758E008,8.672E+3,
1.76E08,8.675E+3,
1.762E008,8.861E+3,
1.764E008,8.586E+3,
1.766E008,8.586E+3,
1.768E008,8.592E+3,
1.77E08,8.752E+3,
1.772E008,8.773E+3,
1.774E008,8.554E+3,
1.776E008,8.740E+3,
1.778E008,8.719E+3,
1.78E08,8.562E+3,
1.782E008,8.758E+3,
1.784E008,8.737E+3,
1.786E008,8.653E+3,
1.788E008,8.617E+3,
1.79E08,8.713E+3,
1.792E008,8.598E+3,
1.794E008,8.753E+3,
1.796E008,8.721E+3,
1.798E008,8.571E+3,
1.8E08,8.781E+3,
1.802E008,8.746E+3,
1.804E008,8.667E+3,
1.806E008,8.702E+3,
1.808E008,8.665E+3,
1.81E08,8.670E+3,
1.812E008,8.762E+3,
1.814E008,8.632E+3,
1.816E008,8.598E+3,
1.818E008,8.664E+3,
1.82E08,8.650E+3,
1.822E008,8.431E+3,
1.824E008,8.687E+3,
1.826E008,8.972E+3,
1.828E008,8.739E+3,
1.83E08,8.514E+3,
1.832E008,8.927E+3,
1.834E008,8.661E+3,
1.836E008,8.722E+3,
1.838E008,8.703E+3,
1.84E08,8.623E+3,
1.842E008,8.737E+3,
1.844E008,8.752E+3,
1.846E008,8.661E+3,
1.848E008,8.651E+3,
1.85E08,8.775E+3,
1.852E008,8.771E+3,
1.854E008,8.625E+3,
1.856E008,8.815E+3,
1.858E008,8.732E+3,
1.86E08,8.588E+3,
1.862E008,8.690E+3,
1.864E008,8.484E+3,
1.866E008,8.697E+3,
1.868E008,8.478E+3,
1.87E08,8.608E+3,
1.872E008,8.684E+3,
1.874E008,8.569E+3,
1.876E008,8.509E+3,
1.878E008,8.839E+3,
1.88E08,8.798E+3,
1.882E008,8.704E+3,
1.884E008,8.691E+3,
1.886E008,8.795E+3,
1.888E008,8.631E+3,
1.89E08,8.716E+3,
1.892E008,8.768E+3,
1.894E008,8.657E+3,
1.896E008,8.666E+3,
1.898E008,8.530E+3,
1.9E08,8.520E+3,
1.902E008,8.863E+3,
1.904E008,8.672E+3,
1.906E008,8.685E+3,
1.908E008,8.735E+3,
1.91E08,8.673E+3,
1.912E008,8.760E+3,
1.914E008,8.558E+3,
1.916E008,8.532E+3,
1.918E008,8.567E+3,
1.92E08,8.851E+3,
1.922E008,8.526E+3,
1.924E008,8.619E+3,
1.926E008,8.537E+3,
1.928E008,8.444E+3,
1.93E08,8.623E+3,
1.932E008,8.804E+3,
1.934E008,8.548E+3,
1.936E008,8.620E+3,
1.938E008,8.567E+3,
1.94E08,8.668E+3,
1.942E008,8.710E+3,
1.944E008,8.663E+3,
1.946E008,8.562E+3,
1.948E008,8.531E+3,
1.95E08,8.637E+3,
1.952E008,8.843E+3,
1.954E008,8.669E+3,
1.956E008,8.628E+3,
1.958E008,8.750E+3,
1.96E08,8.647E+3,
1.962E008,8.700E+3,
1.964E008,8.784E+3,
1.966E008,8.461E+3,
1.968E008,8.780E+3,
1.97E08,8.600E+3,
1.972E008,8.610E+3,
1.974E008,8.710E+3,
1.976E008,8.619E+3,
1.978E008,8.602E+3,
1.98E08,8.577E+3,
1.982E008,8.702E+3,
1.984E008,8.720E+3,
1.986E008,8.645E+3,
1.988E008,8.710E+3,
1.99E08,8.754E+3,
1.992E008,8.702E+3,
1.994E008,8.675E+3,
1.996E008,8.470E+3,
1.998E008,8.593E+3,
