Labels,T7_2ms,
Type,Time Scan,
Comment,,
Start,0.00,
Stop,1.998E008,
Step,2E05,
Fixed/Offset, ,
XAxis,Time,
YAxis,Counts,

0.00,1.929E+4,
2E05,1.473E+5,
4E05,2.819E+5,
6E05,3.880E+5,
800000.060000,4.774E+5,
1E06,5.533E+5,
1.2E06,6.189E+5,
1.4E06,6.788E+5,
1.6E06,7.248E+5,
1.8E06,7.653E+5,
2E06,7.981E+5,
2.2E06,8.011E+5,
2.4E06,7.908E+5,
2.6E06,7.824E+5,
2.8E06,7.750E+5,
3E06,7.684E+5,
3.2E06,7.601E+5,
3.4E06,7.529E+5,
3.6E06,7.440E+5,
3.8E06,7.367E+5,
4E06,7.295E+5,
4.2E06,7.204E+5,
4.4E06,7.120E+5,
4.6E06,7.049E+5,
4.8E06,6.970E+5,
5E06,6.889E+5,
5.2E06,6.799E+5,
5.4E06,6.726E+5,
5.6E06,6.640E+5,
5.8E06,6.570E+5,
6E06,6.492E+5,
6.2E06,6.409E+5,
6400000.500000,6.335E+5,
6600000.500000,6.245E+5,
6800000.500000,6.178E+5,
7000000.500000,6.094E+5,
7200000.600000,6.021E+5,
7400000.600000,5.946E+5,
7600000.600000,5.882E+5,
7800000.600000,5.816E+5,
8000000.600000,5.728E+5,
8200000.600000,5.647E+5,
8400000.700000,5.581E+5,
8600000.700000,5.521E+5,
8800000.700000,5.442E+5,
9000000.700000,5.369E+5,
9200000.700000,5.298E+5,
9400000.700000,5.233E+5,
9600000.800000,5.164E+5,
9800000.800000,5.090E+5,
1E07,5.034E+5,
1.02E07,4.953E+5,
1.04E07,4.891E+5,
1.06E07,4.829E+5,
1.08E07,4.762E+5,
1.1E07,4.698E+5,
1.12E07,4.635E+5,
1.14E07,4.566E+5,
1.16E07,4.514E+5,
1.18E07,4.448E+5,
1.2E07,4.385E+5,
1.22E07,4.327E+5,
1.24E07,4.266E+5,
1.26E07,4.211E+5,
1.28E07,4.146E+5,
1.3E07,4.090E+5,
1.32E07,4.020E+5,
1.34E07,3.953E+5,
1.36E07,3.906E+5,
1.38E07,3.854E+5,
1.4E07,3.805E+5,
1.42E07,3.759E+5,
1.44E07,3.705E+5,
1.46E07,3.646E+5,
1.48E07,3.599E+5,
1.5E07,3.539E+5,
1.52E07,3.495E+5,
1.54E07,3.454E+5,
1.56E07,3.387E+5,
1.58E07,3.351E+5,
1.6E07,3.299E+5,
1.62E07,3.249E+5,
1.64E07,3.206E+5,
1.66E07,3.159E+5,
1.68E07,3.115E+5,
1.7E07,3.064E+5,
1.72E07,3.008E+5,
1.74E07,2.971E+5,
1.76E07,2.931E+5,
1.78E07,2.886E+5,
1.8E07,2.843E+5,
1.82E07,2.799E+5,
1.84E07,2.756E+5,
1.86E07,2.719E+5,
1.88E07,2.681E+5,
1.9E07,2.640E+5,
1.92E07,2.594E+5,
1.94E07,2.563E+5,
1.96E07,2.518E+5,
1.98E07,2.479E+5,
2E07,2.448E+5,
2.02E07,2.405E+5,
2.04E07,2.371E+5,
2.06E07,2.327E+5,
2.08E07,2.292E+5,
2.1E07,2.257E+5,
2.12E07,2.228E+5,
2.14E07,2.196E+5,
2.16E07,2.147E+5,
2.18E07,2.114E+5,
2.2E07,2.099E+5,
2.22E07,2.066E+5,
2.24E07,2.020E+5,
2.26E07,1.994E+5,
2.28E07,1.958E+5,
2.3E07,1.931E+5,
2.32E07,1.904E+5,
2.34E07,1.869E+5,
2.36E07,1.837E+5,
2.38E07,1.817E+5,
2.4E07,1.786E+5,
2.42E07,1.756E+5,
2.44E07,1.731E+5,
2.46E07,1.706E+5,
2.48E07,1.673E+5,
2.5E07,1.658E+5,
2.52E07,1.630E+5,
2.54E07,1.589E+5,
2.56E07,1.571E+5,
2.58E07,1.545E+5,
2.6E07,1.521E+5,
2.62E07,1.495E+5,
2.64E07,1.477E+5,
2.66E07,1.452E+5,
2.68E07,1.427E+5,
2.7E07,1.408E+5,
2.72E07,1.382E+5,
2.74E07,1.360E+5,
2.76E07,1.338E+5,
2.78E07,1.314E+5,
2.8E07,1.295E+5,
2.82E07,1.275E+5,
2.84E07,1.253E+5,
2.86E07,1.239E+5,
2.88E07,1.213E+5,
2.9E07,1.193E+5,
2.92E07,1.174E+5,
2.94E07,1.160E+5,
2.96E07,1.140E+5,
2.98E07,1.124E+5,
3E07,1.109E+5,
3.02E07,1.086E+5,
3.04E07,1.068E+5,
3.06E07,1.043E+5,
3.08E07,1.031E+5,
3.1E07,1.010E+5,
3.12E07,9.979E+4,
3.14E07,9.849E+4,
3.16E07,9.698E+4,
3.18E07,9.561E+4,
3.2E07,9.364E+4,
3.22E07,9.247E+4,
3.24E07,9.072E+4,
3.26E07,8.934E+4,
3.28E07,8.789E+4,
3.3E07,8.619E+4,
3.32E07,8.546E+4,
3.34E07,8.428E+4,
3.36E07,8.210E+4,
3.38E07,8.131E+4,
3.4E07,8.005E+4,
3.42E07,7.821E+4,
3.44E07,7.750E+4,
3.46E07,7.620E+4,
3.48E07,7.488E+4,
3.5E07,7.394E+4,
3.52E07,7.284E+4,
3.54E07,7.106E+4,
3.56E07,6.964E+4,
3.58E07,6.906E+4,
3.6E07,6.851E+4,
3.62E07,6.739E+4,
3.64E07,6.615E+4,
3.66E07,6.516E+4,
3.68E07,6.431E+4,
3.7E07,6.334E+4,
3.72E07,6.191E+4,
3.74E07,6.079E+4,
3.76E07,6.052E+4,
3.78E07,5.894E+4,
3.8E07,5.825E+4,
3.82E07,5.768E+4,
3.84E07,5.685E+4,
3.86E07,5.581E+4,
3.88E07,5.481E+4,
3.9E07,5.366E+4,
3.92E07,5.296E+4,
3.94E07,5.213E+4,
3.96E07,5.186E+4,
3.98E07,5.069E+4,
4E07,5.004E+4,
4.02E07,4.911E+4,
4.04E07,4.848E+4,
4.06E07,4.776E+4,
4.08E07,4.750E+4,
4.1E07,4.614E+4,
4.12E07,4.566E+4,
4.14E07,4.524E+4,
4.16E07,4.409E+4,
4.18E07,4.335E+4,
4.2E07,4.323E+4,
4.22E07,4.253E+4,
4.24E07,4.160E+4,
4.26E07,4.123E+4,
4.28E07,4.062E+4,
4.3E07,4.018E+4,
4.32E07,3.970E+4,
4.34E07,3.896E+4,
4.36E07,3.809E+4,
4.38E07,3.780E+4,
4.4E07,3.757E+4,
4.42E07,3.639E+4,
4.44E07,3.606E+4,
4.46E07,3.575E+4,
4.48E07,3.535E+4,
4.5E07,3.438E+4,
4.52E07,3.398E+4,
4.54E07,3.371E+4,
4.56E07,3.357E+4,
4.58E07,3.258E+4,
4.6E07,3.224E+4,
4.62E07,3.196E+4,
4.64E07,3.170E+4,
4.66E07,3.124E+4,
4.68E07,3.070E+4,
4.7E07,3.003E+4,
4.72E07,2.985E+4,
4.74E07,2.952E+4,
4.76E07,2.929E+4,
4.78E07,2.885E+4,
4.8E07,2.790E+4,
4.82E07,2.800E+4,
4.84E07,2.784E+4,
4.86E07,2.730E+4,
4.88E07,2.694E+4,
4.9E07,2.639E+4,
4.92E07,2.651E+4,
4.94E07,2.557E+4,
4.96E07,2.518E+4,
4.98E07,2.471E+4,
5E07,2.501E+4,
5.02E07,2.458E+4,
5.04E07,2.408E+4,
5.06E07,2.366E+4,
5.08E07,2.364E+4,
5.1E07,2.338E+4,
5.12E07,2.303E+4,
5.14E07,2.323E+4,
5.16E07,2.241E+4,
5.18E07,2.220E+4,
5.2E07,2.170E+4,
5.22E07,2.177E+4,
5.24E07,2.140E+4,
5.26E07,2.133E+4,
5.28E07,2.077E+4,
5.3E07,2.084E+4,
5.32E07,2.028E+4,
5.34E07,2.017E+4,
5.36E07,1.985E+4,
5.38E07,1.995E+4,
5.4E07,1.979E+4,
5.42E07,1.952E+4,
5.44E07,1.924E+4,
5.46E07,1.875E+4,
5.48E07,1.863E+4,
5.5E07,1.830E+4,
5.52E07,1.815E+4,
5.54E07,1.822E+4,
5.56E07,1.807E+4,
5.58E07,1.768E+4,
5.6E07,1.752E+4,
5.62E07,1.771E+4,
5.64E07,1.705E+4,
5.66E07,1.691E+4,
5.68E07,1.698E+4,
5.7E07,1.664E+4,
5.72E07,1.637E+4,
5.74E07,1.636E+4,
5.76E07,1.620E+4,
5.78E07,1.631E+4,
5.8E07,1.598E+4,
5.82E07,1.596E+4,
5.84E07,1.563E+4,
5.86E07,1.551E+4,
5.88E07,1.524E+4,
5.9E07,1.512E+4,
5.92E07,1.542E+4,
5.94E07,1.491E+4,
5.96E07,1.487E+4,
5.98E07,1.456E+4,
6E07,1.438E+4,
6.02E07,1.455E+4,
6.04E07,1.414E+4,
6.06E07,1.432E+4,
6.08E07,1.410E+4,
6.1E07,1.382E+4,
6.12E07,1.388E+4,
6.14E07,1.371E+4,
6.16E07,1.383E+4,
6.18E07,1.338E+4,
6.2E07,1.325E+4,
6.22E07,1.341E+4,
6.24E07,1.328E+4,
6.26E07,1.293E+4,
6.28E07,1.270E+4,
6.3E07,1.297E+4,
6.32E07,1.292E+4,
6.34E07,1.277E+4,
6.36E07,1.265E+4,
6.38E07,1.230E+4,
64000005.000000,1.260E+4,
64200005.000000,1.230E+4,
64400005.000000,1.227E+4,
64600005.000000,1.202E+4,
64800005.000000,1.201E+4,
65000005.000000,1.195E+4,
65200005.000000,1.178E+4,
65400005.000000,1.182E+4,
65600005.000000,1.179E+4,
65800005.000000,1.190E+4,
66000005.000000,1.156E+4,
66200005.000000,1.164E+4,
66400005.000000,1.141E+4,
66600005.000000,1.153E+4,
66800005.000000,1.123E+4,
67000005.000000,1.109E+4,
67200005.000000,1.111E+4,
67400005.000000,1.103E+4,
67600005.000000,1.098E+4,
67800005.000000,1.103E+4,
68000005.000000,1.088E+4,
68200005.000000,1.071E+4,
68400005.000000,1.083E+4,
68600005.000000,1.074E+4,
68800005.000000,1.071E+4,
69000005.000000,1.054E+4,
69200005.000000,1.071E+4,
69400005.000000,1.045E+4,
69600005.000000,1.042E+4,
69800005.000000,1.048E+4,
70000005.000000,1.028E+4,
70200005.000000,1.017E+4,
70400006.000000,1.023E+4,
70600006.000000,1.004E+4,
70800006.000000,1.023E+4,
71000006.000000,1.008E+4,
71200006.000000,1.010E+4,
71400006.000000,1.008E+4,
71600006.000000,9.862E+3,
71800006.000000,9.860E+3,
72000006.000000,1.004E+4,
72200006.000000,9.787E+3,
72400006.000000,9.726E+3,
72600006.000000,9.765E+3,
72800006.000000,9.873E+3,
73000006.000000,9.640E+3,
73200006.000000,9.754E+3,
73400006.000000,9.621E+3,
73600006.000000,9.571E+3,
73800006.000000,9.641E+3,
74000006.000000,9.411E+3,
74200006.000000,9.647E+3,
74400006.000000,9.460E+3,
74600006.000000,9.498E+3,
74800006.000000,9.311E+3,
75000006.000000,9.325E+3,
75200006.000000,9.448E+3,
75400006.000000,9.364E+3,
75600006.000000,9.098E+3,
75800006.000000,9.059E+3,
76000006.000000,9.125E+3,
76200006.000000,9.203E+3,
76400006.000000,9.068E+3,
76600006.000000,9.097E+3,
76800006.000000,9.184E+3,
77000006.000000,8.953E+3,
77200006.000000,8.989E+3,
77400006.000000,9.019E+3,
77600006.000000,8.837E+3,
77800006.000000,9.065E+3,
78000006.000000,8.825E+3,
78200006.000000,8.811E+3,
78400006.000000,8.936E+3,
78600006.000000,8.839E+3,
78800006.000000,8.952E+3,
79000006.000000,8.832E+3,
79200006.000000,8.774E+3,
79400006.000000,8.782E+3,
79600006.000000,8.766E+3,
79800006.000000,8.753E+3,
80000006.000000,8.599E+3,
80200006.000000,8.390E+3,
80400006.000000,8.573E+3,
80600006.000000,8.609E+3,
80800006.000000,8.610E+3,
81000006.000000,8.555E+3,
81200006.000000,8.506E+3,
81400006.000000,8.542E+3,
81600006.000000,8.484E+3,
81800006.000000,8.459E+3,
82000006.000000,8.455E+3,
82200006.000000,8.636E+3,
82400006.000000,8.486E+3,
82600006.000000,8.388E+3,
82800006.000000,8.455E+3,
83000006.000000,8.260E+3,
83200007.000000,8.374E+3,
83400007.000000,8.382E+3,
83600007.000000,8.564E+3,
83800007.000000,8.327E+3,
84000007.000000,8.369E+3,
84200007.000000,8.388E+3,
84400007.000000,8.347E+3,
84600007.000000,8.348E+3,
84800007.000000,8.189E+3,
85000007.000000,8.348E+3,
85200007.000000,8.191E+3,
85400007.000000,8.205E+3,
85600007.000000,8.321E+3,
85800007.000000,8.298E+3,
86000007.000000,8.208E+3,
86200007.000000,8.024E+3,
86400007.000000,8.285E+3,
86600007.000000,8.200E+3,
86800007.000000,8.151E+3,
87000007.000000,8.056E+3,
87200007.000000,8.027E+3,
87400007.000000,8.029E+3,
87600007.000000,8.085E+3,
87800007.000000,8.167E+3,
88000007.000000,8.018E+3,
88200007.000000,8.113E+3,
88400007.000000,8.172E+3,
88600007.000000,8.032E+3,
88800007.000000,7.863E+3,
89000007.000000,7.964E+3,
89200007.000000,8.028E+3,
89400007.000000,7.819E+3,
89600007.000000,7.948E+3,
89800007.000000,8.149E+3,
90000007.000000,7.945E+3,
90200007.000000,8.063E+3,
90400007.000000,7.816E+3,
90600007.000000,7.956E+3,
90800007.000000,7.793E+3,
91000007.000000,8.016E+3,
91200007.000000,7.847E+3,
91400007.000000,7.948E+3,
91600007.000000,7.776E+3,
91800007.000000,7.937E+3,
92000007.000000,7.770E+3,
92200007.000000,7.961E+3,
92400007.000000,7.835E+3,
92600007.000000,7.855E+3,
92800007.000000,7.740E+3,
93000007.000000,7.976E+3,
93200007.000000,7.970E+3,
93400007.000000,7.955E+3,
93600007.000000,7.911E+3,
93800007.000000,7.621E+3,
94000007.000000,7.848E+3,
94200007.000000,7.764E+3,
94400007.000000,7.799E+3,
94600007.000000,7.994E+3,
94800007.000000,7.809E+3,
95000007.000000,7.954E+3,
95200007.000000,7.761E+3,
95400007.000000,7.734E+3,
95600007.000000,7.924E+3,
95800007.000000,7.728E+3,
96000008.000000,7.775E+3,
96200008.000000,7.789E+3,
96400008.000000,7.667E+3,
96600008.000000,7.883E+3,
96800008.000000,7.712E+3,
97000008.000000,7.531E+3,
97200008.000000,7.724E+3,
97400008.000000,7.651E+3,
97600008.000000,7.763E+3,
97800008.000000,7.712E+3,
98000008.000000,7.635E+3,
98200008.000000,7.605E+3,
98400008.000000,7.646E+3,
98600008.000000,7.671E+3,
98800008.000000,7.585E+3,
99000008.000000,7.687E+3,
99200008.000000,7.780E+3,
99400008.000000,7.605E+3,
99600008.000000,7.762E+3,
99800008.000000,7.886E+3,
1E08,7.837E+3,
1.002E008,7.722E+3,
1.004E008,7.765E+3,
1.006E008,7.801E+3,
1.008E008,7.507E+3,
1.01E08,7.716E+3,
1.012E008,7.671E+3,
1.014E008,7.733E+3,
1.016E008,7.685E+3,
1.018E008,7.720E+3,
1.02E08,7.694E+3,
1.022E008,7.699E+3,
1.024E008,7.792E+3,
1.026E008,7.611E+3,
1.028E008,7.750E+3,
1.03E08,7.673E+3,
1.032E008,7.709E+3,
1.034E008,7.652E+3,
1.036E008,7.799E+3,
1.038E008,7.699E+3,
1.04E08,7.529E+3,
1.042E008,7.627E+3,
1.044E008,7.593E+3,
1.046E008,7.579E+3,
1.048E008,7.656E+3,
1.05E08,7.583E+3,
1.052E008,7.837E+3,
1.054E008,7.757E+3,
1.056E008,7.536E+3,
1.058E008,7.659E+3,
1.06E08,7.505E+3,
1.062E008,7.838E+3,
1.064E008,7.601E+3,
1.066E008,7.791E+3,
1.068E008,7.594E+3,
1.07E08,7.480E+3,
1.072E008,7.737E+3,
1.074E008,7.705E+3,
1.076E008,7.583E+3,
1.078E008,7.457E+3,
1.08E08,7.519E+3,
1.082E008,7.730E+3,
1.084E008,7.552E+3,
1.086E008,7.603E+3,
1.088E008,7.601E+3,
1.09E08,7.478E+3,
1.092E008,7.683E+3,
1.094E008,7.649E+3,
1.096E008,7.475E+3,
1.098E008,7.584E+3,
1.1E08,7.509E+3,
1.102E008,7.469E+3,
1.104E008,7.535E+3,
1.106E008,7.575E+3,
1.108E008,7.497E+3,
1.11E08,7.555E+3,
1.112E008,7.562E+3,
1.114E008,7.476E+3,
1.116E008,7.690E+3,
1.118E008,7.603E+3,
1.12E08,7.584E+3,
1.122E008,7.686E+3,
1.124E008,7.534E+3,
1.126E008,7.679E+3,
1.128E008,7.549E+3,
1.13E08,7.443E+3,
1.132E008,7.552E+3,
1.134E008,7.737E+3,
1.136E008,7.459E+3,
1.138E008,7.505E+3,
1.14E08,7.583E+3,
1.142E008,7.424E+3,
1.144E008,7.421E+3,
1.146E008,7.483E+3,
1.148E008,7.563E+3,
1.15E08,7.611E+3,
1.152E008,7.607E+3,
1.154E008,7.605E+3,
1.156E008,7.537E+3,
1.158E008,7.568E+3,
1.16E08,7.670E+3,
1.162E008,7.310E+3,
1.164E008,7.753E+3,
1.166E008,7.431E+3,
1.168E008,7.515E+3,
1.17E08,7.584E+3,
1.172E008,7.470E+3,
1.174E008,7.443E+3,
1.176E008,7.440E+3,
1.178E008,7.570E+3,
1.18E08,7.651E+3,
1.182E008,7.613E+3,
1.184E008,7.578E+3,
1.186E008,7.460E+3,
1.188E008,7.450E+3,
1.19E08,7.573E+3,
1.192E008,7.642E+3,
1.194E008,7.519E+3,
1.196E008,7.520E+3,
1.198E008,7.570E+3,
1.2E08,7.390E+3,
1.202E008,7.494E+3,
1.204E008,7.540E+3,
1.206E008,7.484E+3,
1.208E008,7.514E+3,
1.21E08,7.568E+3,
1.212E008,7.484E+3,
1.214E008,7.455E+3,
1.216E008,7.494E+3,
1.218E008,7.507E+3,
1.22E08,7.480E+3,
1.222E008,7.631E+3,
1.224E008,7.525E+3,
1.226E008,7.595E+3,
1.228E008,7.471E+3,
1.23E08,7.548E+3,
1.232E008,7.515E+3,
1.234E008,7.528E+3,
1.236E008,7.540E+3,
1.238E008,7.483E+3,
1.24E08,7.524E+3,
1.242E008,7.614E+3,
1.244E008,7.507E+3,
1.246E008,7.529E+3,
1.248E008,7.557E+3,
1.25E08,7.483E+3,
1.252E008,7.505E+3,
1.254E008,7.470E+3,
1.256E008,7.522E+3,
1.258E008,7.457E+3,
1.26E08,7.555E+3,
1.262E008,7.452E+3,
1.264E008,7.715E+3,
1.266E008,7.484E+3,
1.268E008,7.416E+3,
1.27E08,7.560E+3,
1.272E008,7.626E+3,
1.274E008,7.450E+3,
1.276E008,7.548E+3,
1.278E008,7.517E+3,
1.28E08,7.562E+3,
1.282E008,7.558E+3,
1.284E008,7.546E+3,
1.286E008,7.267E+3,
1.288E008,7.649E+3,
1.29E08,7.575E+3,
1.292E008,7.566E+3,
1.294E008,7.505E+3,
1.296E008,7.466E+3,
1.298E008,7.335E+3,
1.3E08,7.453E+3,
1.302E008,7.433E+3,
1.304E008,7.459E+3,
1.306E008,7.665E+3,
1.308E008,7.558E+3,
1.31E08,7.607E+3,
1.312E008,7.571E+3,
1.314E008,7.398E+3,
1.316E008,7.502E+3,
1.318E008,7.660E+3,
1.32E08,7.639E+3,
1.322E008,7.639E+3,
1.324E008,7.682E+3,
1.326E008,7.590E+3,
1.328E008,7.604E+3,
1.33E08,7.505E+3,
1.332E008,7.600E+3,
1.334E008,7.679E+3,
1.336E008,7.552E+3,
1.338E008,7.517E+3,
1.34E08,7.509E+3,
1.342E008,7.471E+3,
1.344E008,7.477E+3,
1.346E008,7.357E+3,
1.348E008,7.622E+3,
1.35E08,7.384E+3,
1.352E008,7.440E+3,
1.354E008,7.477E+3,
1.356E008,7.417E+3,
1.358E008,7.514E+3,
1.36E08,7.574E+3,
1.362E008,7.460E+3,
1.364E008,7.743E+3,
1.366E008,7.301E+3,
1.368E008,7.395E+3,
1.37E08,7.592E+3,
1.372E008,7.493E+3,
1.374E008,7.411E+3,
1.376E008,7.440E+3,
1.378E008,7.321E+3,
1.38E08,7.408E+3,
1.382E008,7.526E+3,
1.384E008,7.518E+3,
1.386E008,7.621E+3,
1.388E008,7.397E+3,
1.39E08,7.360E+3,
1.392E008,7.476E+3,
1.394E008,7.433E+3,
1.396E008,7.491E+3,
1.398E008,7.492E+3,
1.4E08,7.500E+3,
1.402E008,7.582E+3,
1.404E008,7.543E+3,
1.406E008,7.598E+3,
1.408E008,7.493E+3,
1.41E08,7.447E+3,
1.412E008,7.465E+3,
1.414E008,7.448E+3,
1.416E008,7.217E+3,
1.418E008,7.612E+3,
1.42E08,7.530E+3,
1.422E008,7.503E+3,
1.424E008,7.376E+3,
1.426E008,7.421E+3,
1.428E008,7.487E+3,
1.43E08,7.618E+3,
1.432E008,7.562E+3,
1.434E008,7.384E+3,
1.436E008,7.450E+3,
1.438E008,7.393E+3,
1.44E08,7.577E+3,
1.442E008,7.539E+3,
1.444E008,7.577E+3,
1.446E008,7.609E+3,
1.448E008,7.523E+3,
1.45E08,7.580E+3,
1.452E008,7.482E+3,
1.454E008,7.491E+3,
1.456E008,7.511E+3,
1.458E008,7.578E+3,
1.46E08,7.459E+3,
1.462E008,7.419E+3,
1.464E008,7.449E+3,
1.466E008,7.501E+3,
1.468E008,7.430E+3,
1.47E08,7.469E+3,
1.472E008,7.544E+3,
1.474E008,7.379E+3,
1.476E008,7.471E+3,
1.478E008,7.419E+3,
1.48E08,7.591E+3,
1.482E008,7.645E+3,
1.484E008,7.520E+3,
1.486E008,7.342E+3,
1.488E008,7.381E+3,
1.49E08,7.359E+3,
1.492E008,7.457E+3,
1.494E008,7.483E+3,
1.496E008,7.448E+3,
1.498E008,7.570E+3,
1.5E08,7.417E+3,
1.502E008,7.492E+3,
1.504E008,7.507E+3,
1.506E008,7.534E+3,
1.508E008,7.510E+3,
1.51E08,7.514E+3,
1.512E008,7.476E+3,
1.514E008,7.378E+3,
1.516E008,7.420E+3,
1.518E008,7.578E+3,
1.52E08,7.545E+3,
1.522E008,7.522E+3,
1.524E008,7.493E+3,
1.526E008,7.448E+3,
1.528E008,7.476E+3,
1.53E08,7.420E+3,
1.532E008,7.562E+3,
1.534E008,7.470E+3,
1.536E008,7.438E+3,
1.538E008,7.666E+3,
1.54E08,7.309E+3,
1.542E008,7.407E+3,
1.544E008,7.523E+3,
1.546E008,7.581E+3,
1.548E008,7.364E+3,
1.55E08,7.256E+3,
1.552E008,7.614E+3,
1.554E008,7.306E+3,
1.556E008,7.359E+3,
1.558E008,7.466E+3,
1.56E08,7.599E+3,
1.562E008,7.526E+3,
1.564E008,7.437E+3,
1.566E008,7.367E+3,
1.568E008,7.548E+3,
1.57E08,7.392E+3,
1.572E008,7.428E+3,
1.574E008,7.376E+3,
1.576E008,7.436E+3,
1.578E008,7.448E+3,
1.58E08,7.551E+3,
1.582E008,7.644E+3,
1.584E008,7.436E+3,
1.586E008,7.553E+3,
1.588E008,7.421E+3,
1.59E08,7.463E+3,
1.592E008,7.488E+3,
1.594E008,7.449E+3,
1.596E008,7.496E+3,
1.598E008,7.480E+3,
1.6E08,7.503E+3,
1.602E008,7.538E+3,
1.604E008,7.587E+3,
1.606E008,7.524E+3,
1.608E008,7.431E+3,
1.61E08,7.494E+3,
1.612E008,7.673E+3,
1.614E008,7.223E+3,
1.616E008,7.609E+3,
1.618E008,7.291E+3,
1.62E08,7.517E+3,
1.622E008,7.396E+3,
1.624E008,7.467E+3,
1.626E008,7.475E+3,
1.628E008,7.455E+3,
1.63E08,7.432E+3,
1.632E008,7.374E+3,
1.634E008,7.594E+3,
1.636E008,7.449E+3,
1.638E008,7.426E+3,
1.64E08,7.508E+3,
1.642E008,7.410E+3,
1.644E008,7.647E+3,
1.646E008,7.621E+3,
1.648E008,7.350E+3,
1.65E08,7.592E+3,
1.652E008,7.527E+3,
1.654E008,7.411E+3,
1.656E008,7.590E+3,
1.658E008,7.327E+3,
1.66E08,7.436E+3,
1.662E008,7.427E+3,
1.664E008,7.430E+3,
1.666E008,7.441E+3,
1.668E008,7.465E+3,
1.67E08,7.365E+3,
1.672E008,7.443E+3,
1.674E008,7.464E+3,
1.676E008,7.411E+3,
1.678E008,7.346E+3,
1.68E08,7.518E+3,
1.682E008,7.500E+3,
1.684E008,7.411E+3,
1.686E008,7.493E+3,
1.688E008,7.523E+3,
1.69E08,7.541E+3,
1.692E008,7.497E+3,
1.694E008,7.482E+3,
1.696E008,7.489E+3,
1.698E008,7.432E+3,
1.7E08,7.463E+3,
1.702E008,7.434E+3,
1.704E008,7.594E+3,
1.706E008,7.719E+3,
1.708E008,7.534E+3,
1.71E08,7.480E+3,
1.712E008,7.617E+3,
1.714E008,7.435E+3,
1.716E008,7.396E+3,
1.718E008,7.464E+3,
1.72E08,7.536E+3,
1.722E008,7.629E+3,
1.724E008,7.374E+3,
1.726E008,7.423E+3,
1.728E008,7.466E+3,
1.73E08,7.515E+3,
1.732E008,7.681E+3,
1.734E008,7.506E+3,
1.736E008,7.394E+3,
1.738E008,7.428E+3,
1.74E08,7.309E+3,
1.742E008,7.462E+3,
1.744E008,7.450E+3,
1.746E008,7.323E+3,
1.748E008,7.478E+3,
1.75E08,7.291E+3,
1.752E008,7.416E+3,
1.754E008,7.463E+3,
1.756E008,7.492E+3,
1.758E008,7.621E+3,
1.76E08,7.456E+3,
1.762E008,7.438E+3,
1.764E008,7.319E+3,
1.766E008,7.626E+3,
1.768E008,7.532E+3,
1.77E08,7.452E+3,
1.772E008,7.517E+3,
1.774E008,7.446E+3,
1.776E008,7.446E+3,
1.778E008,7.499E+3,
1.78E08,7.535E+3,
1.782E008,7.418E+3,
1.784E008,7.531E+3,
1.786E008,7.332E+3,
1.788E008,7.394E+3,
1.79E08,7.573E+3,
1.792E008,7.470E+3,
1.794E008,7.372E+3,
1.796E008,7.316E+3,
1.798E008,7.709E+3,
1.8E08,7.471E+3,
1.802E008,7.332E+3,
1.804E008,7.474E+3,
1.806E008,7.641E+3,
1.808E008,7.554E+3,
1.81E08,7.475E+3,
1.812E008,7.583E+3,
1.814E008,7.552E+3,
1.816E008,7.491E+3,
1.818E008,7.727E+3,
1.82E08,7.385E+3,
1.822E008,7.535E+3,
1.824E008,7.387E+3,
1.826E008,7.469E+3,
1.828E008,7.557E+3,
1.83E08,7.257E+3,
1.832E008,7.434E+3,
1.834E008,7.565E+3,
1.836E008,7.355E+3,
1.838E008,7.428E+3,
1.84E08,7.423E+3,
1.842E008,7.378E+3,
1.844E008,7.358E+3,
1.846E008,7.383E+3,
1.848E008,7.475E+3,
1.85E08,7.595E+3,
1.852E008,7.512E+3,
1.854E008,7.507E+3,
1.856E008,7.386E+3,
1.858E008,7.506E+3,
1.86E08,7.459E+3,
1.862E008,7.608E+3,
1.864E008,7.547E+3,
1.866E008,7.457E+3,
1.868E008,7.476E+3,
1.87E08,7.617E+3,
1.872E008,7.382E+3,
1.874E008,7.582E+3,
1.876E008,7.535E+3,
1.878E008,7.443E+3,
1.88E08,7.630E+3,
1.882E008,7.556E+3,
1.884E008,7.525E+3,
1.886E008,7.675E+3,
1.888E008,7.275E+3,
1.89E08,7.321E+3,
1.892E008,7.476E+3,
1.894E008,7.515E+3,
1.896E008,7.398E+3,
1.898E008,7.473E+3,
1.9E08,7.352E+3,
1.902E008,7.458E+3,
1.904E008,7.594E+3,
1.906E008,7.447E+3,
1.908E008,7.558E+3,
1.91E08,7.452E+3,
1.912E008,7.390E+3,
1.914E008,7.547E+3,
1.916E008,7.522E+3,
1.918E008,7.379E+3,
1.92E08,7.486E+3,
1.922E008,7.335E+3,
1.924E008,7.429E+3,
1.926E008,7.432E+3,
1.928E008,7.412E+3,
1.93E08,7.500E+3,
1.932E008,7.359E+3,
1.934E008,7.523E+3,
1.936E008,7.499E+3,
1.938E008,7.475E+3,
1.94E08,7.401E+3,
1.942E008,7.559E+3,
1.944E008,7.519E+3,
1.946E008,7.374E+3,
1.948E008,7.451E+3,
1.95E08,7.506E+3,
1.952E008,7.466E+3,
1.954E008,7.365E+3,
1.956E008,7.604E+3,
1.958E008,7.342E+3,
1.96E08,7.627E+3,
1.962E008,7.364E+3,
1.964E008,7.573E+3,
1.966E008,7.463E+3,
1.968E008,7.566E+3,
1.97E08,7.489E+3,
1.972E008,7.613E+3,
1.974E008,7.481E+3,
1.976E008,7.404E+3,
1.978E008,7.512E+3,
1.98E08,7.545E+3,
1.982E008,7.558E+3,
1.984E008,7.535E+3,
1.986E008,7.656E+3,
1.988E008,7.310E+3,
1.99E08,7.598E+3,
1.992E008,7.437E+3,
1.994E008,7.575E+3,
1.996E008,7.606E+3,
1.998E008,7.362E+3,
