Labels,T2_decay_canolaOil,
Type,Time Scan,
Comment,,
Start,0.00,
Stop,99975008.000000,
Step,2.5E04,
Fixed/Offset, ,
XAxis,Time,
YAxis,Counts,

0.00,7.420E+2,
2.5E04,7.590E+2,
5E04,7.540E+2,
75000.006000,7.410E+2,
1E05,8.860E+2,
1.25E05,1.449E+3,
1.5E05,2.153E+3,
1.75E05,2.967E+3,
2E05,3.758E+3,
2.25E05,4.325E+3,
2.5E05,5.170E+3,
2.75E05,5.939E+3,
3E05,6.687E+3,
3.25E05,7.373E+3,
3.5E05,8.246E+3,
3.75E05,8.824E+3,
4E05,9.421E+3,
4.25E05,1.012E+4,
4.5E05,1.091E+4,
4.75E05,1.153E+4,
5E05,1.236E+4,
5.25E05,1.301E+4,
5.5E05,1.358E+4,
5.75E05,1.402E+4,
6E05,1.480E+4,
6.25E05,1.542E+4,
650000.050000,1.634E+4,
675000.050000,1.696E+4,
700000.050000,1.771E+4,
725000.060000,1.788E+4,
750000.060000,1.879E+4,
775000.060000,1.928E+4,
800000.060000,1.997E+4,
825000.060000,2.074E+4,
850000.070000,2.109E+4,
875000.070000,2.188E+4,
900000.070000,2.260E+4,
925000.070000,2.311E+4,
950000.070000,2.363E+4,
975000.080000,2.428E+4,
1E06,2.509E+4,
1.025E006,2.571E+4,
1.05E06,2.601E+4,
1.075E006,2.636E+4,
1.1E06,2.707E+4,
1.125E006,2.738E+4,
1.15E06,2.699E+4,
1.175E006,2.682E+4,
1.2E06,2.667E+4,
1.225E006,2.694E+4,
1.25E06,2.671E+4,
1.275E006,2.657E+4,
1.3E06,2.646E+4,
1.325E006,2.635E+4,
1.35E06,2.679E+4,
1.375E006,2.640E+4,
1.4E06,2.640E+4,
1.425E006,2.645E+4,
1.45E06,2.581E+4,
1.475E006,2.613E+4,
1.5E06,2.591E+4,
1.525E006,2.627E+4,
1.55E06,2.594E+4,
1.575E006,2.558E+4,
1.6E06,2.587E+4,
1.625E006,2.560E+4,
1.65E06,2.554E+4,
1.675E006,2.576E+4,
1.7E06,2.569E+4,
1.725E006,2.579E+4,
1.75E06,2.550E+4,
1.775E006,2.557E+4,
1.8E06,2.537E+4,
1.825E006,2.556E+4,
1.85E06,2.514E+4,
1.875E006,2.535E+4,
1.9E06,2.511E+4,
1.925E006,2.513E+4,
1.95E06,2.490E+4,
1.975E006,2.476E+4,
2E06,2.522E+4,
2.025E006,2.466E+4,
2.05E06,2.453E+4,
2.075E006,2.484E+4,
2.1E06,2.463E+4,
2.125E006,2.470E+4,
2.15E06,2.463E+4,
2.175E006,2.463E+4,
2.2E06,2.470E+4,
2.225E006,2.444E+4,
2.25E06,2.464E+4,
2.275E006,2.448E+4,
2.3E06,2.428E+4,
2.325E006,2.410E+4,
2.35E06,2.413E+4,
2.375E006,2.455E+4,
2.4E06,2.434E+4,
2.425E006,2.404E+4,
2.45E06,2.390E+4,
2.475E006,2.365E+4,
2.5E06,2.384E+4,
2.525E006,2.376E+4,
2.55E06,2.379E+4,
2.575E006,2.384E+4,
2.6E06,2.362E+4,
2.625E006,2.390E+4,
2.65E06,2.381E+4,
2.675E006,2.369E+4,
2.7E06,2.363E+4,
2.725E006,2.371E+4,
2.75E06,2.348E+4,
2.775E006,2.346E+4,
2.8E06,2.352E+4,
2.825E006,2.346E+4,
2.85E06,2.312E+4,
2.875E006,2.315E+4,
2.9E06,2.339E+4,
2.925E006,2.328E+4,
2.95E06,2.319E+4,
2.975E006,2.317E+4,
3E06,2.286E+4,
3.025E006,2.277E+4,
3.05E06,2.296E+4,
3.075E006,2.302E+4,
3.1E06,2.270E+4,
3.125E006,2.273E+4,
3.15E06,2.264E+4,
3.175E006,2.304E+4,
3.2E06,2.265E+4,
3.225E006,2.229E+4,
3.25E06,2.271E+4,
3.275E006,2.230E+4,
3.3E06,2.256E+4,
3.325E006,2.248E+4,
3.35E06,2.259E+4,
3.375E006,2.212E+4,
3.4E06,2.220E+4,
3.425E006,2.224E+4,
3.45E06,2.227E+4,
3.475E006,2.206E+4,
3.5E06,2.226E+4,
3.525E006,2.218E+4,
3.55E06,2.211E+4,
3.575E006,2.228E+4,
3.6E06,2.192E+4,
3.625E006,2.207E+4,
3.65E06,2.175E+4,
3.675E006,2.157E+4,
3.7E06,2.201E+4,
3.725E006,2.189E+4,
3.75E06,2.186E+4,
3.775E006,2.144E+4,
3.8E06,2.187E+4,
3.825E006,2.163E+4,
3.85E06,2.173E+4,
3.875E006,2.142E+4,
3.9E06,2.162E+4,
3.925E006,2.126E+4,
3.95E06,2.134E+4,
3.975E006,2.141E+4,
4E06,2.111E+4,
4.025E006,2.106E+4,
4.05E06,2.125E+4,
4.075E006,2.093E+4,
4.1E06,2.099E+4,
4.125E006,2.092E+4,
4.15E06,2.094E+4,
4.175E006,2.089E+4,
4.2E06,2.088E+4,
4.225E006,2.102E+4,
4.25E06,2.103E+4,
4.275E006,2.066E+4,
4.3E06,2.061E+4,
4.325E006,2.093E+4,
4.35E06,2.051E+4,
4.375E006,2.064E+4,
4.4E06,2.062E+4,
4.425E006,2.064E+4,
4.45E06,2.029E+4,
4.475E006,2.047E+4,
4.5E06,2.034E+4,
4.525E006,2.065E+4,
4.55E06,2.069E+4,
4.575E006,2.026E+4,
4.6E06,2.027E+4,
4.625E006,2.012E+4,
4.65E06,2.012E+4,
4.675E006,2.030E+4,
4.7E06,2.015E+4,
4.725E006,1.995E+4,
4.75E06,1.999E+4,
4.775E006,2.004E+4,
4.8E06,1.979E+4,
4.825E006,2.013E+4,
4.85E06,1.992E+4,
4.875E006,1.971E+4,
4.9E06,1.995E+4,
4.925E006,2.007E+4,
4.95E06,1.952E+4,
4.975E006,1.972E+4,
5E06,1.963E+4,
5.025E006,1.963E+4,
5.05E06,1.971E+4,
5.075E006,1.979E+4,
5.1E06,1.937E+4,
5.125E006,1.951E+4,
5.15E06,1.933E+4,
5.175E006,1.930E+4,
5.2E06,1.937E+4,
5.225E006,1.938E+4,
5.25E06,1.930E+4,
5.275E006,1.915E+4,
5.3E06,1.913E+4,
5.325E006,1.927E+4,
5.35E06,1.890E+4,
5.375E006,1.919E+4,
5.4E06,1.891E+4,
5.425E006,1.889E+4,
5.45E06,1.894E+4,
5.475E006,1.909E+4,
5.5E06,1.884E+4,
5.525E006,1.883E+4,
5.55E06,1.880E+4,
5.575E006,1.887E+4,
5.6E06,1.884E+4,
5.625E006,1.876E+4,
5.65E06,1.842E+4,
5.675E006,1.873E+4,
5.7E06,1.868E+4,
5.725E006,1.867E+4,
5.75E06,1.880E+4,
5.775E006,1.836E+4,
5.8E06,1.863E+4,
5.825E006,1.833E+4,
5.85E06,1.851E+4,
5.875E006,1.840E+4,
5.9E06,1.832E+4,
5.925E006,1.834E+4,
5.95E06,1.829E+4,
5.975E006,1.823E+4,
6E06,1.834E+4,
6.025E006,1.803E+4,
6.05E06,1.796E+4,
6.075E006,1.785E+4,
6.1E06,1.809E+4,
6.125E006,1.795E+4,
6.15E06,1.809E+4,
6.175E006,1.803E+4,
6.2E06,1.793E+4,
6.225E006,1.750E+4,
6.25E06,1.794E+4,
6.275E006,1.751E+4,
6.3E06,1.779E+4,
6.325E006,1.777E+4,
6.35E06,1.753E+4,
6.375E006,1.765E+4,
6400000.500000,1.756E+4,
6425000.500000,1.762E+4,
6450000.500000,1.768E+4,
6475000.500000,1.777E+4,
6500000.500000,1.746E+4,
6525000.500000,1.746E+4,
6550000.500000,1.733E+4,
6575000.500000,1.741E+4,
6600000.500000,1.730E+4,
6625000.500000,1.751E+4,
6650000.500000,1.736E+4,
6675000.500000,1.744E+4,
6700000.500000,1.724E+4,
6725000.500000,1.708E+4,
6750000.500000,1.717E+4,
6775000.500000,1.713E+4,
6800000.500000,1.682E+4,
6825000.500000,1.714E+4,
6850000.500000,1.717E+4,
6875000.500000,1.711E+4,
6900000.500000,1.704E+4,
6925000.500000,1.673E+4,
6950000.500000,1.693E+4,
6975000.500000,1.672E+4,
7000000.500000,1.673E+4,
7025000.500000,1.659E+4,
7050000.600000,1.675E+4,
7075000.600000,1.673E+4,
7100000.600000,1.650E+4,
7125000.600000,1.642E+4,
7150000.600000,1.655E+4,
7175000.600000,1.679E+4,
7200000.600000,1.659E+4,
7225000.600000,1.651E+4,
7250000.600000,1.646E+4,
7275000.600000,1.639E+4,
7300000.600000,1.639E+4,
7325000.600000,1.641E+4,
7350000.600000,1.618E+4,
7375000.600000,1.623E+4,
7400000.600000,1.634E+4,
7425000.600000,1.626E+4,
7450000.600000,1.623E+4,
7475000.600000,1.645E+4,
7500000.600000,1.596E+4,
7525000.600000,1.604E+4,
7550000.600000,1.619E+4,
7575000.600000,1.610E+4,
7600000.600000,1.589E+4,
7625000.600000,1.599E+4,
7650000.600000,1.597E+4,
7675000.600000,1.608E+4,
7700000.600000,1.619E+4,
7725000.600000,1.566E+4,
7750000.600000,1.591E+4,
7775000.600000,1.601E+4,
7800000.600000,1.572E+4,
7825000.600000,1.588E+4,
7850000.600000,1.583E+4,
7875000.600000,1.553E+4,
7900000.600000,1.540E+4,
7925000.600000,1.555E+4,
7950000.600000,1.526E+4,
7975000.600000,1.566E+4,
8000000.600000,1.542E+4,
8025000.600000,1.551E+4,
8050000.600000,1.562E+4,
8075000.600000,1.555E+4,
8100000.600000,1.538E+4,
8125000.600000,1.537E+4,
8150000.600000,1.524E+4,
8175000.600000,1.521E+4,
8200000.600000,1.547E+4,
8225000.600000,1.518E+4,
8250000.600000,1.535E+4,
8275000.600000,1.510E+4,
8300000.600000,1.508E+4,
8325000.700000,1.502E+4,
8350000.700000,1.532E+4,
8375000.700000,1.522E+4,
8400000.700000,1.516E+4,
8425000.700000,1.502E+4,
8450000.700000,1.506E+4,
8475000.700000,1.488E+4,
8500000.700000,1.501E+4,
8525000.700000,1.479E+4,
8550000.700000,1.476E+4,
8575000.700000,1.501E+4,
8600000.700000,1.482E+4,
8625000.700000,1.475E+4,
8650000.700000,1.477E+4,
8675000.700000,1.490E+4,
8700000.700000,1.494E+4,
8725000.700000,1.478E+4,
8750000.700000,1.466E+4,
8775000.700000,1.437E+4,
8800000.700000,1.464E+4,
8825000.700000,1.462E+4,
8850000.700000,1.457E+4,
8875000.700000,1.473E+4,
8900000.700000,1.434E+4,
8925000.700000,1.454E+4,
8950000.700000,1.449E+4,
8975000.700000,1.439E+4,
9000000.700000,1.436E+4,
9025000.700000,1.444E+4,
9050000.700000,1.424E+4,
9075000.700000,1.423E+4,
9100000.700000,1.428E+4,
9125000.700000,1.443E+4,
9150000.700000,1.414E+4,
9175000.700000,1.410E+4,
9200000.700000,1.420E+4,
9225000.700000,1.421E+4,
9250000.700000,1.414E+4,
9275000.700000,1.416E+4,
9300000.700000,1.400E+4,
9325000.700000,1.409E+4,
9350000.700000,1.405E+4,
9375000.700000,1.375E+4,
9400000.700000,1.392E+4,
9425000.700000,1.398E+4,
9450000.700000,1.392E+4,
9475000.700000,1.381E+4,
9500000.700000,1.382E+4,
9525000.700000,1.370E+4,
9550000.700000,1.361E+4,
9575000.700000,1.359E+4,
9600000.800000,1.381E+4,
9625000.800000,1.362E+4,
9650000.800000,1.380E+4,
9675000.800000,1.352E+4,
9700000.800000,1.344E+4,
9725000.800000,1.341E+4,
9750000.800000,1.349E+4,
9775000.800000,1.343E+4,
9800000.800000,1.363E+4,
9825000.800000,1.354E+4,
9850000.800000,1.360E+4,
9875000.800000,1.338E+4,
9900000.800000,1.341E+4,
9925000.800000,1.343E+4,
9950000.800000,1.326E+4,
9975000.800000,1.333E+4,
1E07,1.335E+4,
1.0025E0007,1.326E+4,
1.005E007,1.333E+4,
1.0075E0007,1.311E+4,
1.01E07,1.307E+4,
1.0125E0007,1.321E+4,
1.015E007,1.310E+4,
1.0175E0007,1.312E+4,
1.02E07,1.337E+4,
1.0225E0007,1.315E+4,
1.025E007,1.302E+4,
1.0275E0007,1.318E+4,
1.03E07,1.309E+4,
1.0325E0007,1.291E+4,
1.035E007,1.312E+4,
1.0375E0007,1.278E+4,
1.04E07,1.281E+4,
1.0425E0007,1.286E+4,
1.045E007,1.287E+4,
1.0475E0007,1.291E+4,
1.05E07,1.280E+4,
1.0525E0007,1.266E+4,
1.055E007,1.277E+4,
1.0575E0007,1.297E+4,
1.06E07,1.273E+4,
1.0625E0007,1.264E+4,
1.065E007,1.273E+4,
1.0675E0007,1.272E+4,
1.07E07,1.265E+4,
1.0725E0007,1.271E+4,
1.075E007,1.241E+4,
1.0775E0007,1.256E+4,
1.08E07,1.243E+4,
1.0825E0007,1.252E+4,
1.085E007,1.242E+4,
1.0875E0007,1.256E+4,
1.09E07,1.235E+4,
1.0925E0007,1.224E+4,
1.095E007,1.251E+4,
1.0975E0007,1.218E+4,
1.1E07,1.220E+4,
1.1025E0007,1.248E+4,
1.105E007,1.242E+4,
1.1075E0007,1.221E+4,
1.11E07,1.224E+4,
1.1125E0007,1.226E+4,
1.115E007,1.223E+4,
1.1175E0007,1.224E+4,
1.12E07,1.222E+4,
1.1225E0007,1.193E+4,
1.125E007,1.202E+4,
1.1275E0007,1.216E+4,
1.13E07,1.182E+4,
1.1325E0007,1.213E+4,
1.135E007,1.192E+4,
1.1375E0007,1.203E+4,
1.14E07,1.183E+4,
1.1425E0007,1.212E+4,
1.145E007,1.206E+4,
1.1475E0007,1.200E+4,
1.15E07,1.197E+4,
1.1525E0007,1.185E+4,
1.155E007,1.198E+4,
1.1575E0007,1.172E+4,
1.16E07,1.194E+4,
1.1625E0007,1.165E+4,
1.165E007,1.180E+4,
1.1675E0007,1.175E+4,
1.17E07,1.186E+4,
1.1725E0007,1.166E+4,
1.175E007,1.166E+4,
1.1775E0007,1.157E+4,
1.18E07,1.171E+4,
1.1825E0007,1.155E+4,
1.185E007,1.143E+4,
1.1875E0007,1.148E+4,
1.19E07,1.148E+4,
1.1925E0007,1.162E+4,
1.195E007,1.167E+4,
1.1975E0007,1.122E+4,
1.2E07,1.160E+4,
1.2025E0007,1.151E+4,
1.205E007,1.135E+4,
1.2075E0007,1.135E+4,
1.21E07,1.139E+4,
1.2125E0007,1.145E+4,
1.215E007,1.126E+4,
1.2175E0007,1.117E+4,
1.22E07,1.116E+4,
1.2225E0007,1.126E+4,
1.225E007,1.109E+4,
1.2275E0007,1.114E+4,
1.23E07,1.113E+4,
1.2325E0007,1.134E+4,
1.235E007,1.123E+4,
1.2375E0007,1.101E+4,
1.24E07,1.099E+4,
1.2425E0007,1.111E+4,
1.245E007,1.105E+4,
1.2475E0007,1.107E+4,
1.25E07,1.106E+4,
1.2525E0007,1.120E+4,
1.255E007,1.109E+4,
1.2575E0007,1.093E+4,
1.26E07,1.074E+4,
1.2625E0007,1.088E+4,
1.265E007,1.087E+4,
1.2675E0007,1.061E+4,
1.27E07,1.082E+4,
1.2725E0007,1.083E+4,
1.275E007,1.095E+4,
1.2775E0007,1.083E+4,
1.28E07,1.080E+4,
1.2825E0007,1.065E+4,
1.285E007,1.070E+4,
1.2875E0007,1.062E+4,
1.29E07,1.066E+4,
1.2925E0007,1.073E+4,
1.295E007,1.066E+4,
1.2975E0007,1.060E+4,
1.3E07,1.058E+4,
1.3025E0007,1.066E+4,
1.305E007,1.063E+4,
1.3075E0007,1.034E+4,
1.31E07,1.086E+4,
1.3125E0007,1.047E+4,
1.315E007,1.051E+4,
1.3175E0007,1.037E+4,
1.32E07,1.043E+4,
1.3225E0007,1.052E+4,
1.325E007,1.040E+4,
1.3275E0007,1.018E+4,
1.33E07,1.010E+4,
1.3325E0007,1.031E+4,
1.335E007,1.019E+4,
1.3375E0007,1.021E+4,
1.34E07,1.032E+4,
1.3425E0007,1.036E+4,
1.345E007,1.031E+4,
1.3475E0007,1.005E+4,
1.35E07,1.015E+4,
1.3525E0007,1.018E+4,
1.355E007,9.985E+3,
1.3575E0007,1.017E+4,
1.36E07,1.020E+4,
1.3625E0007,1.025E+4,
1.365E007,1.016E+4,
1.3675E0007,9.891E+3,
1.37E07,1.023E+4,
1.3725E0007,1.010E+4,
1.375E007,9.982E+3,
1.3775E0007,1.007E+4,
1.38E07,9.956E+3,
1.3825E0007,9.874E+3,
1.385E007,9.903E+3,
1.3875E0007,1.005E+4,
1.39E07,1.004E+4,
1.3925E0007,9.901E+3,
1.395E007,9.881E+3,
1.3975E0007,9.813E+3,
1.4E07,9.787E+3,
1.4025E0007,9.779E+3,
1.405E007,9.693E+3,
1.4075E0007,9.593E+3,
1.41E07,9.826E+3,
1.4125E0007,9.728E+3,
1.415E007,9.660E+3,
1.4175E0007,9.613E+3,
1.42E07,9.693E+3,
1.4225E0007,9.492E+3,
1.425E007,9.757E+3,
1.4275E0007,9.729E+3,
1.43E07,9.557E+3,
1.4325E0007,9.653E+3,
1.435E007,9.623E+3,
1.4375E0007,9.562E+3,
1.44E07,9.489E+3,
1.4425E0007,9.565E+3,
1.445E007,9.450E+3,
1.4475E0007,9.379E+3,
1.45E07,9.416E+3,
1.4525E0007,9.395E+3,
1.455E007,9.393E+3,
1.4575E0007,9.399E+3,
1.46E07,9.328E+3,
1.4625E0007,9.459E+3,
1.465E007,9.214E+3,
1.4675E0007,9.334E+3,
1.47E07,9.189E+3,
1.4725E0007,9.267E+3,
1.475E007,9.170E+3,
1.4775E0007,9.182E+3,
1.48E07,9.237E+3,
1.4825E0007,9.302E+3,
1.485E007,9.250E+3,
1.4875E0007,9.325E+3,
1.49E07,9.041E+3,
1.4925E0007,9.283E+3,
1.495E007,9.298E+3,
1.4975E0007,9.039E+3,
1.5E07,9.240E+3,
1.5025E0007,9.153E+3,
1.505E007,8.890E+3,
1.5075E0007,9.019E+3,
1.51E07,9.093E+3,
1.5125E0007,8.989E+3,
1.515E007,9.055E+3,
1.5175E0007,8.759E+3,
1.52E07,8.851E+3,
1.5225E0007,8.873E+3,
1.525E007,9.051E+3,
1.5275E0007,9.001E+3,
1.53E07,8.890E+3,
1.5325E0007,8.814E+3,
1.535E007,8.721E+3,
1.5375E0007,8.884E+3,
1.54E07,8.749E+3,
1.5425E0007,8.849E+3,
1.545E007,8.733E+3,
1.5475E0007,8.768E+3,
1.55E07,8.697E+3,
1.5525E0007,8.814E+3,
1.555E007,8.739E+3,
1.5575E0007,8.737E+3,
1.56E07,8.638E+3,
1.5625E0007,8.720E+3,
1.565E007,8.591E+3,
1.5675E0007,8.619E+3,
1.57E07,8.580E+3,
1.5725E0007,8.563E+3,
1.575E007,8.650E+3,
1.5775E0007,8.565E+3,
1.58E07,8.584E+3,
1.5825E0007,8.506E+3,
1.585E007,8.646E+3,
1.5875E0007,8.648E+3,
1.59E07,8.383E+3,
1.5925E0007,8.493E+3,
1.595E007,8.416E+3,
1.5975E0007,8.502E+3,
1.6E07,8.467E+3,
1.6025E0007,8.486E+3,
1.605E007,8.268E+3,
1.6075E0007,8.458E+3,
1.61E07,8.434E+3,
1.6125E0007,8.445E+3,
1.615E007,8.307E+3,
1.6175E0007,8.266E+3,
1.62E07,8.496E+3,
1.6225E0007,8.566E+3,
1.625E007,8.430E+3,
1.6275E0007,8.306E+3,
1.63E07,8.231E+3,
1.6325E0007,8.324E+3,
1.635E007,8.218E+3,
1.6375E0007,8.182E+3,
1.64E07,8.172E+3,
1.6425E0007,8.245E+3,
1.645E007,8.242E+3,
1.6475E0007,8.243E+3,
1.65E07,8.267E+3,
1.6525E0007,8.061E+3,
1.655E007,8.185E+3,
1.6575E0007,8.074E+3,
1.66E07,8.079E+3,
1.6625E0007,8.133E+3,
1.665E007,8.142E+3,
1.6675E0007,7.833E+3,
1.67E07,8.128E+3,
1.6725E0007,7.998E+3,
1.675E007,7.984E+3,
1.6775E0007,8.028E+3,
1.68E07,7.905E+3,
1.6825E0007,8.111E+3,
1.685E007,8.026E+3,
1.6875E0007,7.996E+3,
1.69E07,7.936E+3,
1.6925E0007,7.876E+3,
1.695E007,7.945E+3,
1.6975E0007,7.900E+3,
1.7E07,7.907E+3,
1.7025E0007,7.893E+3,
1.705E007,7.823E+3,
1.7075E0007,7.918E+3,
1.71E07,7.733E+3,
1.7125E0007,7.894E+3,
1.715E007,7.605E+3,
1.7175E0007,7.783E+3,
1.72E07,7.787E+3,
1.7225E0007,7.958E+3,
1.725E007,7.803E+3,
1.7275E0007,7.583E+3,
1.73E07,7.867E+3,
1.7325E0007,7.582E+3,
1.735E007,7.483E+3,
1.7375E0007,7.617E+3,
1.74E07,7.551E+3,
1.7425E0007,7.584E+3,
1.745E007,7.659E+3,
1.7475E0007,7.557E+3,
1.75E07,7.589E+3,
1.7525E0007,7.421E+3,
1.755E007,7.494E+3,
1.7575E0007,7.440E+3,
1.76E07,7.518E+3,
1.7625E0007,7.633E+3,
1.765E007,7.441E+3,
1.7675E0007,7.602E+3,
1.77E07,7.434E+3,
1.7725E0007,7.615E+3,
1.775E007,7.503E+3,
1.7775E0007,7.441E+3,
1.78E07,7.413E+3,
1.7825E0007,7.289E+3,
1.785E007,7.369E+3,
1.7875E0007,7.347E+3,
1.79E07,7.397E+3,
1.7925E0007,7.335E+3,
1.795E007,7.370E+3,
1.7975E0007,7.287E+3,
1.8E07,7.359E+3,
1.8025E0007,7.414E+3,
1.805E007,7.137E+3,
1.8075E0007,7.170E+3,
1.81E07,7.253E+3,
1.8125E0007,7.271E+3,
1.815E007,7.175E+3,
1.8175E0007,7.079E+3,
1.82E07,7.070E+3,
1.8225E0007,7.125E+3,
1.825E007,7.103E+3,
1.8275E0007,7.193E+3,
1.83E07,7.132E+3,
1.8325E0007,7.091E+3,
1.835E007,7.126E+3,
1.8375E0007,6.978E+3,
1.84E07,7.062E+3,
1.8425E0007,7.131E+3,
1.845E007,7.104E+3,
1.8475E0007,7.163E+3,
1.85E07,7.104E+3,
1.8525E0007,7.092E+3,
1.855E007,7.038E+3,
1.8575E0007,6.942E+3,
1.86E07,6.945E+3,
1.8625E0007,7.016E+3,
1.865E007,6.920E+3,
1.8675E0007,6.979E+3,
1.87E07,6.853E+3,
1.8725E0007,6.933E+3,
1.875E007,7.066E+3,
1.8775E0007,6.906E+3,
1.88E07,6.867E+3,
1.8825E0007,6.947E+3,
1.885E007,6.640E+3,
1.8875E0007,6.761E+3,
1.89E07,6.818E+3,
1.8925E0007,6.861E+3,
1.895E007,6.971E+3,
1.8975E0007,6.720E+3,
1.9E07,6.736E+3,
1.9025E0007,6.687E+3,
1.905E007,6.665E+3,
1.9075E0007,6.748E+3,
1.91E07,6.752E+3,
1.9125E0007,6.761E+3,
1.915E007,6.692E+3,
1.9175E0007,6.681E+3,
1.92E07,6.573E+3,
1.9225E0007,6.615E+3,
1.925E007,6.641E+3,
1.9275E0007,6.717E+3,
1.93E07,6.556E+3,
1.9325E0007,6.657E+3,
1.935E007,6.711E+3,
1.9375E0007,6.465E+3,
1.94E07,6.596E+3,
1.9425E0007,6.518E+3,
1.945E007,6.593E+3,
1.9475E0007,6.485E+3,
1.95E07,6.485E+3,
1.9525E0007,6.567E+3,
1.955E007,6.401E+3,
1.9575E0007,6.464E+3,
1.96E07,6.444E+3,
1.9625E0007,6.383E+3,
1.965E007,6.530E+3,
1.9675E0007,6.358E+3,
1.97E07,6.623E+3,
1.9725E0007,6.368E+3,
1.975E007,6.410E+3,
1.9775E0007,6.416E+3,
1.98E07,6.306E+3,
1.9825E0007,6.300E+3,
1.985E007,6.337E+3,
1.9875E0007,6.306E+3,
1.99E07,6.251E+3,
1.9925E0007,6.329E+3,
1.995E007,6.189E+3,
1.9975E0007,6.144E+3,
2E07,6.336E+3,
2.0025E0007,6.162E+3,
2.005E007,6.320E+3,
2.0075E0007,6.256E+3,
2.01E07,6.165E+3,
2.0125E0007,6.173E+3,
2.015E007,6.263E+3,
2.0175E0007,6.282E+3,
2.02E07,6.258E+3,
2.0225E0007,6.174E+3,
2.025E007,6.178E+3,
2.0275E0007,6.194E+3,
2.03E07,6.095E+3,
2.0325E0007,6.294E+3,
2.035E007,6.158E+3,
2.0375E0007,6.169E+3,
2.04E07,6.017E+3,
2.0425E0007,6.220E+3,
2.045E007,6.089E+3,
2.0475E0007,6.024E+3,
2.05E07,6.036E+3,
2.0525E0007,5.994E+3,
2.055E007,6.031E+3,
2.0575E0007,5.925E+3,
2.06E07,5.963E+3,
2.0625E0007,5.909E+3,
2.065E007,6.039E+3,
2.0675E0007,6.033E+3,
2.07E07,6.025E+3,
2.0725E0007,6.010E+3,
2.075E007,6.068E+3,
2.0775E0007,5.959E+3,
2.08E07,5.873E+3,
2.0825E0007,5.908E+3,
2.085E007,5.914E+3,
2.0875E0007,5.921E+3,
2.09E07,5.768E+3,
2.0925E0007,5.892E+3,
2.095E007,5.809E+3,
2.0975E0007,5.736E+3,
2.1E07,5.810E+3,
2.1025E0007,5.937E+3,
2.105E007,5.818E+3,
2.1075E0007,5.767E+3,
2.11E07,5.876E+3,
2.1125E0007,5.795E+3,
2.115E007,5.819E+3,
2.1175E0007,5.768E+3,
2.12E07,5.730E+3,
2.1225E0007,5.873E+3,
2.125E007,5.685E+3,
2.1275E0007,5.787E+3,
2.13E07,5.766E+3,
2.1325E0007,5.785E+3,
2.135E007,5.736E+3,
2.1375E0007,5.672E+3,
2.14E07,5.743E+3,
2.1425E0007,5.777E+3,
2.145E007,5.695E+3,
2.1475E0007,5.801E+3,
2.15E07,5.650E+3,
2.1525E0007,5.678E+3,
2.155E007,5.536E+3,
2.1575E0007,5.711E+3,
2.16E07,5.402E+3,
2.1625E0007,5.777E+3,
2.165E007,5.654E+3,
2.1675E0007,5.481E+3,
2.17E07,5.547E+3,
2.1725E0007,5.667E+3,
2.175E007,5.628E+3,
2.1775E0007,5.422E+3,
2.18E07,5.598E+3,
2.1825E0007,5.644E+3,
2.185E007,5.501E+3,
2.1875E0007,5.464E+3,
2.19E07,5.597E+3,
2.1925E0007,5.461E+3,
2.195E007,5.639E+3,
2.1975E0007,5.516E+3,
2.2E07,5.539E+3,
2.2025E0007,5.468E+3,
2.205E007,5.505E+3,
2.2075E0007,5.609E+3,
2.21E07,5.436E+3,
2.2125E0007,5.462E+3,
2.215E007,5.349E+3,
2.2175E0007,5.391E+3,
2.22E07,5.417E+3,
2.2225E0007,5.333E+3,
2.225E007,5.440E+3,
2.2275E0007,5.410E+3,
2.23E07,5.450E+3,
2.2325E0007,5.401E+3,
2.235E007,5.245E+3,
2.2375E0007,5.353E+3,
2.24E07,5.272E+3,
2.2425E0007,5.172E+3,
2.245E007,5.199E+3,
2.2475E0007,5.207E+3,
2.25E07,5.278E+3,
2.2525E0007,5.206E+3,
2.255E007,5.270E+3,
2.2575E0007,5.285E+3,
2.26E07,5.352E+3,
2.2625E0007,5.152E+3,
2.265E007,5.251E+3,
2.2675E0007,5.184E+3,
2.27E07,5.161E+3,
2.2725E0007,5.138E+3,
2.275E007,5.092E+3,
2.2775E0007,5.318E+3,
2.28E07,5.172E+3,
2.2825E0007,5.119E+3,
2.285E007,5.098E+3,
2.2875E0007,5.139E+3,
2.29E07,5.026E+3,
2.2925E0007,5.127E+3,
2.295E007,5.123E+3,
2.2975E0007,5.042E+3,
2.3E07,4.939E+3,
2.3025E0007,5.122E+3,
2.305E007,5.006E+3,
2.3075E0007,5.099E+3,
2.31E07,5.099E+3,
2.3125E0007,4.955E+3,
2.315E007,5.046E+3,
2.3175E0007,5.041E+3,
2.32E07,5.096E+3,
2.3225E0007,5.035E+3,
2.325E007,5.112E+3,
2.3275E0007,5.017E+3,
2.33E07,4.911E+3,
2.3325E0007,4.925E+3,
2.335E007,4.881E+3,
2.3375E0007,5.022E+3,
2.34E07,4.996E+3,
2.3425E0007,4.969E+3,
2.345E007,4.873E+3,
2.3475E0007,4.944E+3,
2.35E07,4.856E+3,
2.3525E0007,4.970E+3,
2.355E007,4.918E+3,
2.3575E0007,4.954E+3,
2.36E07,4.846E+3,
2.3625E0007,4.851E+3,
2.365E007,4.949E+3,
2.3675E0007,4.895E+3,
2.37E07,4.806E+3,
2.3725E0007,4.726E+3,
2.375E007,4.780E+3,
2.3775E0007,4.743E+3,
2.38E07,4.837E+3,
2.3825E0007,4.882E+3,
2.385E007,4.740E+3,
2.3875E0007,4.850E+3,
2.39E07,4.736E+3,
2.3925E0007,4.706E+3,
2.395E007,4.716E+3,
2.3975E0007,4.827E+3,
2.4E07,4.733E+3,
2.4025E0007,4.691E+3,
2.405E007,4.809E+3,
2.4075E0007,4.824E+3,
2.41E07,4.717E+3,
2.4125E0007,4.734E+3,
2.415E007,4.727E+3,
2.4175E0007,4.718E+3,
2.42E07,4.695E+3,
2.4225E0007,4.612E+3,
2.425E007,4.631E+3,
2.4275E0007,4.659E+3,
2.43E07,4.528E+3,
2.4325E0007,4.687E+3,
2.435E007,4.679E+3,
2.4375E0007,4.641E+3,
2.44E07,4.632E+3,
2.4425E0007,4.639E+3,
2.445E007,4.596E+3,
2.4475E0007,4.439E+3,
2.45E07,4.518E+3,
2.4525E0007,4.676E+3,
2.455E007,4.572E+3,
2.4575E0007,4.527E+3,
2.46E07,4.642E+3,
2.4625E0007,4.585E+3,
2.465E007,4.470E+3,
2.4675E0007,4.475E+3,
2.47E07,4.386E+3,
2.4725E0007,4.536E+3,
2.475E007,4.523E+3,
2.4775E0007,4.570E+3,
2.48E07,4.519E+3,
2.4825E0007,4.534E+3,
2.485E007,4.685E+3,
2.4875E0007,4.581E+3,
2.49E07,4.364E+3,
2.4925E0007,4.443E+3,
2.495E007,4.429E+3,
2.4975E0007,4.382E+3,
2.5E07,4.385E+3,
2.5025E0007,4.471E+3,
2.505E007,4.438E+3,
2.5075E0007,4.371E+3,
2.51E07,4.453E+3,
2.5125E0007,4.242E+3,
2.515E007,4.422E+3,
2.5175E0007,4.439E+3,
2.52E07,4.289E+3,
2.5225E0007,4.425E+3,
2.525E007,4.335E+3,
2.5275E0007,4.403E+3,
2.53E07,4.398E+3,
2.5325E0007,4.379E+3,
2.535E007,4.425E+3,
2.5375E0007,4.393E+3,
2.54E07,4.331E+3,
2.5425E0007,4.312E+3,
2.545E007,4.269E+3,
2.5475E0007,4.321E+3,
2.55E07,4.305E+3,
2.5525E0007,4.362E+3,
2.555E007,4.293E+3,
2.5575E0007,4.231E+3,
2.56E07,4.215E+3,
2.5625E0007,4.281E+3,
2.565E007,4.091E+3,
2.5675E0007,4.358E+3,
2.57E07,4.155E+3,
2.5725E0007,4.188E+3,
2.575E007,4.125E+3,
2.5775E0007,4.247E+3,
2.58E07,4.257E+3,
2.5825E0007,4.214E+3,
2.585E007,4.087E+3,
2.5875E0007,4.054E+3,
2.59E07,4.162E+3,
2.5925E0007,4.135E+3,
2.595E007,4.105E+3,
2.5975E0007,4.133E+3,
2.6E07,4.183E+3,
2.6025E0007,4.074E+3,
2.605E007,4.094E+3,
2.6075E0007,4.041E+3,
2.61E07,4.128E+3,
2.6125E0007,4.179E+3,
2.615E007,3.941E+3,
2.6175E0007,4.094E+3,
2.62E07,4.007E+3,
2.6225E0007,3.979E+3,
2.625E007,4.037E+3,
2.6275E0007,4.054E+3,
2.63E07,4.110E+3,
2.6325E0007,4.085E+3,
2.635E007,4.033E+3,
2.6375E0007,4.033E+3,
2.64E07,4.111E+3,
2.6425E0007,4.012E+3,
2.645E007,4.073E+3,
2.6475E0007,4.081E+3,
2.65E07,3.948E+3,
2.6525E0007,3.927E+3,
2.655E007,3.993E+3,
2.6575E0007,3.995E+3,
2.66E07,3.983E+3,
2.6625E0007,4.041E+3,
2.665E007,3.983E+3,
2.6675E0007,3.933E+3,
2.67E07,3.858E+3,
2.6725E0007,3.959E+3,
2.675E007,3.824E+3,
2.6775E0007,3.890E+3,
2.68E07,3.884E+3,
2.6825E0007,3.883E+3,
2.685E007,3.816E+3,
2.6875E0007,3.928E+3,
2.69E07,4.057E+3,
2.6925E0007,3.882E+3,
2.695E007,3.864E+3,
2.6975E0007,3.904E+3,
2.7E07,3.922E+3,
2.7025E0007,3.851E+3,
2.705E007,3.839E+3,
2.7075E0007,3.830E+3,
2.71E07,3.950E+3,
2.7125E0007,3.886E+3,
2.715E007,3.785E+3,
2.7175E0007,3.700E+3,
2.72E07,3.740E+3,
2.7225E0007,3.842E+3,
2.725E007,3.752E+3,
2.7275E0007,3.689E+3,
2.73E07,3.848E+3,
2.7325E0007,3.772E+3,
2.735E007,3.836E+3,
2.7375E0007,3.848E+3,
2.74E07,3.763E+3,
2.7425E0007,3.753E+3,
2.745E007,3.713E+3,
2.7475E0007,3.806E+3,
2.75E07,3.844E+3,
2.7525E0007,3.832E+3,
2.755E007,3.669E+3,
2.7575E0007,3.877E+3,
2.76E07,3.619E+3,
2.7625E0007,3.787E+3,
2.765E007,3.685E+3,
2.7675E0007,3.689E+3,
2.77E07,3.698E+3,
2.7725E0007,3.682E+3,
2.775E007,3.712E+3,
2.7775E0007,3.634E+3,
2.78E07,3.667E+3,
2.7825E0007,3.678E+3,
2.785E007,3.542E+3,
2.7875E0007,3.624E+3,
2.79E07,3.635E+3,
2.7925E0007,3.651E+3,
2.795E007,3.606E+3,
2.7975E0007,3.638E+3,
2.8E07,3.611E+3,
2.8025E0007,3.548E+3,
2.805E007,3.537E+3,
2.8075E0007,3.670E+3,
2.81E07,3.621E+3,
2.8125E0007,3.582E+3,
2.815E007,3.608E+3,
2.8175E0007,3.559E+3,
2.82E07,3.520E+3,
2.8225E0007,3.604E+3,
2.825E007,3.574E+3,
2.8275E0007,3.608E+3,
2.83E07,3.528E+3,
2.8325E0007,3.468E+3,
2.835E007,3.487E+3,
2.8375E0007,3.495E+3,
2.84E07,3.607E+3,
2.8425E0007,3.426E+3,
2.845E007,3.606E+3,
2.8475E0007,3.533E+3,
2.85E07,3.618E+3,
2.8525E0007,3.495E+3,
2.855E007,3.474E+3,
2.8575E0007,3.422E+3,
2.86E07,3.494E+3,
2.8625E0007,3.394E+3,
2.865E007,3.422E+3,
2.8675E0007,3.539E+3,
2.87E07,3.376E+3,
2.8725E0007,3.471E+3,
2.875E007,3.454E+3,
2.8775E0007,3.410E+3,
2.88E07,3.393E+3,
2.8825E0007,3.513E+3,
2.885E007,3.423E+3,
2.8875E0007,3.388E+3,
2.89E07,3.297E+3,
2.8925E0007,3.378E+3,
2.895E007,3.499E+3,
2.8975E0007,3.449E+3,
2.9E07,3.380E+3,
2.9025E0007,3.420E+3,
2.905E007,3.355E+3,
2.9075E0007,3.377E+3,
2.91E07,3.424E+3,
2.9125E0007,3.448E+3,
2.915E007,3.391E+3,
2.9175E0007,3.364E+3,
2.92E07,3.289E+3,
2.9225E0007,3.273E+3,
2.925E007,3.372E+3,
2.9275E0007,3.212E+3,
2.93E07,3.398E+3,
2.9325E0007,3.322E+3,
2.935E007,3.329E+3,
2.9375E0007,3.210E+3,
2.94E07,3.367E+3,
2.9425E0007,3.272E+3,
2.945E007,3.384E+3,
2.9475E0007,3.356E+3,
2.95E07,3.219E+3,
2.9525E0007,3.316E+3,
2.955E007,3.281E+3,
2.9575E0007,3.272E+3,
2.96E07,3.314E+3,
2.9625E0007,3.222E+3,
2.965E007,3.293E+3,
2.9675E0007,3.308E+3,
2.97E07,3.290E+3,
2.9725E0007,3.242E+3,
2.975E007,3.244E+3,
2.9775E0007,3.221E+3,
2.98E07,3.241E+3,
2.9825E0007,3.234E+3,
2.985E007,3.247E+3,
2.9875E0007,3.112E+3,
2.99E07,3.121E+3,
2.9925E0007,3.179E+3,
2.995E007,3.334E+3,
2.9975E0007,3.199E+3,
3E07,3.250E+3,
3.0025E0007,3.103E+3,
3.005E007,3.246E+3,
3.0075E0007,3.183E+3,
3.01E07,3.147E+3,
3.0125E0007,3.163E+3,
3.015E007,3.088E+3,
3.0175E0007,3.113E+3,
3.02E07,3.137E+3,
3.0225E0007,3.211E+3,
3.025E007,3.089E+3,
3.0275E0007,3.128E+3,
3.03E07,3.139E+3,
3.0325E0007,3.169E+3,
3.035E007,3.083E+3,
3.0375E0007,3.144E+3,
3.04E07,3.061E+3,
3.0425E0007,3.064E+3,
3.045E007,3.093E+3,
3.0475E0007,3.197E+3,
3.05E07,2.991E+3,
3.0525E0007,3.022E+3,
3.055E007,3.094E+3,
3.0575E0007,3.085E+3,
3.06E07,3.113E+3,
3.0625E0007,3.047E+3,
3.065E007,3.090E+3,
3.0675E0007,3.108E+3,
3.07E07,2.996E+3,
3.0725E0007,3.048E+3,
3.075E007,2.990E+3,
3.0775E0007,3.084E+3,
3.08E07,3.040E+3,
3.0825E0007,2.931E+3,
3.085E007,3.018E+3,
3.0875E0007,3.050E+3,
3.09E07,3.027E+3,
3.0925E0007,3.027E+3,
3.095E007,3.052E+3,
3.0975E0007,3.040E+3,
3.1E07,3.041E+3,
3.1025E0007,2.986E+3,
3.105E007,2.968E+3,
3.1075E0007,3.025E+3,
3.11E07,2.901E+3,
3.1125E0007,3.026E+3,
3.115E007,2.862E+3,
3.1175E0007,3.017E+3,
3.12E07,2.925E+3,
3.1225E0007,2.960E+3,
3.125E007,3.004E+3,
3.1275E0007,2.925E+3,
3.13E07,3.014E+3,
3.1325E0007,2.905E+3,
3.135E007,2.972E+3,
3.1375E0007,2.957E+3,
3.14E07,3.033E+3,
3.1425E0007,2.901E+3,
3.145E007,2.885E+3,
3.1475E0007,2.899E+3,
3.15E07,2.871E+3,
3.1525E0007,2.878E+3,
3.155E007,2.881E+3,
3.1575E0007,2.956E+3,
3.16E07,2.898E+3,
3.1625E0007,2.824E+3,
3.165E007,2.828E+3,
3.1675E0007,2.851E+3,
3.17E07,2.865E+3,
3.1725E0007,2.827E+3,
3.175E007,2.773E+3,
3.1775E0007,2.839E+3,
3.18E07,2.824E+3,
3.1825E0007,2.837E+3,
3.185E007,2.921E+3,
3.1875E0007,2.771E+3,
3.19E07,2.823E+3,
3.1925E0007,2.850E+3,
3.195E007,2.897E+3,
3.1975E0007,2.795E+3,
3.2E07,2.794E+3,
3.2025E0007,2.882E+3,
3.205E007,2.740E+3,
3.2075E0007,2.809E+3,
3.21E07,2.819E+3,
3.2125E0007,2.861E+3,
3.215E007,2.876E+3,
3.2175E0007,2.868E+3,
3.22E07,2.796E+3,
3.2225E0007,2.773E+3,
3.225E007,2.776E+3,
3.2275E0007,2.810E+3,
3.23E07,2.693E+3,
3.2325E0007,2.798E+3,
3.235E007,2.754E+3,
3.2375E0007,2.649E+3,
3.24E07,2.763E+3,
3.2425E0007,2.837E+3,
3.245E007,2.766E+3,
3.2475E0007,2.754E+3,
3.25E07,2.702E+3,
3.2525E0007,2.749E+3,
3.255E007,2.739E+3,
3.2575E0007,2.687E+3,
3.26E07,2.794E+3,
3.2625E0007,2.617E+3,
3.265E007,2.729E+3,
3.2675E0007,2.696E+3,
3.27E07,2.714E+3,
3.2725E0007,2.650E+3,
3.275E007,2.680E+3,
3.2775E0007,2.704E+3,
3.28E07,2.676E+3,
3.2825E0007,2.689E+3,
3.285E007,2.591E+3,
3.2875E0007,2.665E+3,
3.29E07,2.681E+3,
3.2925E0007,2.628E+3,
3.295E007,2.610E+3,
3.2975E0007,2.617E+3,
3.3E07,2.633E+3,
3.3025E0007,2.631E+3,
3.305E007,2.661E+3,
3.3075E0007,2.622E+3,
3.31E07,2.690E+3,
3.3125E0007,2.636E+3,
3.315E007,2.637E+3,
3.3175E0007,2.554E+3,
3.32E07,2.681E+3,
3.3225E0007,2.712E+3,
3.325E007,2.638E+3,
3.3275E0007,2.514E+3,
3.33E07,2.601E+3,
3.3325E0007,2.579E+3,
3.335E007,2.646E+3,
3.3375E0007,2.583E+3,
3.34E07,2.569E+3,
3.3425E0007,2.519E+3,
3.345E007,2.586E+3,
3.3475E0007,2.584E+3,
3.35E07,2.668E+3,
3.3525E0007,2.602E+3,
3.355E007,2.629E+3,
3.3575E0007,2.497E+3,
3.36E07,2.552E+3,
3.3625E0007,2.661E+3,
3.365E007,2.520E+3,
3.3675E0007,2.567E+3,
3.37E07,2.471E+3,
3.3725E0007,2.557E+3,
3.375E007,2.635E+3,
3.3775E0007,2.508E+3,
3.38E07,2.564E+3,
3.3825E0007,2.464E+3,
3.385E007,2.561E+3,
3.3875E0007,2.544E+3,
3.39E07,2.563E+3,
3.3925E0007,2.572E+3,
3.395E007,2.536E+3,
3.3975E0007,2.494E+3,
3.4E07,2.524E+3,
3.4025E0007,2.512E+3,
3.405E007,2.462E+3,
3.4075E0007,2.495E+3,
3.41E07,2.461E+3,
3.4125E0007,2.499E+3,
3.415E007,2.451E+3,
3.4175E0007,2.596E+3,
3.42E07,2.492E+3,
3.4225E0007,2.453E+3,
3.425E007,2.481E+3,
3.4275E0007,2.502E+3,
3.43E07,2.421E+3,
3.4325E0007,2.404E+3,
3.435E007,2.561E+3,
3.4375E0007,2.464E+3,
3.44E07,2.423E+3,
3.4425E0007,2.422E+3,
3.445E007,2.447E+3,
3.4475E0007,2.446E+3,
3.45E07,2.434E+3,
3.4525E0007,2.459E+3,
3.455E007,2.490E+3,
3.4575E0007,2.421E+3,
3.46E07,2.413E+3,
3.4625E0007,2.329E+3,
3.465E007,2.495E+3,
3.4675E0007,2.348E+3,
3.47E07,2.391E+3,
3.4725E0007,2.331E+3,
3.475E007,2.417E+3,
3.4775E0007,2.389E+3,
3.48E07,2.392E+3,
3.4825E0007,2.386E+3,
3.485E007,2.330E+3,
3.4875E0007,2.369E+3,
3.49E07,2.338E+3,
3.4925E0007,2.429E+3,
3.495E007,2.419E+3,
3.4975E0007,2.351E+3,
3.5E07,2.442E+3,
3.5025E0007,2.365E+3,
3.505E007,2.356E+3,
3.5075E0007,2.370E+3,
3.51E07,2.410E+3,
3.5125E0007,2.346E+3,
3.515E007,2.400E+3,
3.5175E0007,2.295E+3,
3.52E07,2.318E+3,
3.5225E0007,2.350E+3,
3.525E007,2.248E+3,
3.5275E0007,2.393E+3,
3.53E07,2.306E+3,
3.5325E0007,2.297E+3,
3.535E007,2.213E+3,
3.5375E0007,2.335E+3,
3.54E07,2.356E+3,
3.5425E0007,2.339E+3,
3.545E007,2.345E+3,
3.5475E0007,2.231E+3,
3.55E07,2.259E+3,
3.5525E0007,2.347E+3,
3.555E007,2.276E+3,
3.5575E0007,2.283E+3,
3.56E07,2.248E+3,
3.5625E0007,2.345E+3,
3.565E007,2.282E+3,
3.5675E0007,2.287E+3,
3.57E07,2.271E+3,
3.5725E0007,2.285E+3,
3.575E007,2.233E+3,
3.5775E0007,2.234E+3,
3.58E07,2.371E+3,
3.5825E0007,2.203E+3,
3.585E007,2.244E+3,
3.5875E0007,2.268E+3,
3.59E07,2.219E+3,
3.5925E0007,2.257E+3,
3.595E007,2.247E+3,
3.5975E0007,2.221E+3,
3.6E07,2.192E+3,
3.6025E0007,2.248E+3,
3.605E007,2.265E+3,
3.6075E0007,2.177E+3,
3.61E07,2.149E+3,
3.6125E0007,2.261E+3,
3.615E007,2.217E+3,
3.6175E0007,2.202E+3,
3.62E07,2.185E+3,
3.6225E0007,2.198E+3,
3.625E007,2.228E+3,
3.6275E0007,2.251E+3,
3.63E07,2.235E+3,
3.6325E0007,2.233E+3,
3.635E007,2.148E+3,
3.6375E0007,2.129E+3,
3.64E07,2.223E+3,
3.6425E0007,2.178E+3,
3.645E007,2.125E+3,
3.6475E0007,2.087E+3,
3.65E07,2.159E+3,
3.6525E0007,2.087E+3,
3.655E007,2.218E+3,
3.6575E0007,2.075E+3,
3.66E07,2.194E+3,
3.6625E0007,2.155E+3,
3.665E007,2.173E+3,
3.6675E0007,2.098E+3,
3.67E07,2.140E+3,
3.6725E0007,2.136E+3,
3.675E007,2.200E+3,
3.6775E0007,2.179E+3,
3.68E07,2.178E+3,
3.6825E0007,2.163E+3,
3.685E007,2.117E+3,
3.6875E0007,2.170E+3,
3.69E07,2.101E+3,
3.6925E0007,2.155E+3,
3.695E007,2.098E+3,
3.6975E0007,2.150E+3,
3.7E07,2.003E+3,
3.7025E0007,2.141E+3,
3.705E007,2.083E+3,
3.7075E0007,2.071E+3,
3.71E07,2.105E+3,
3.7125E0007,2.182E+3,
3.715E007,2.115E+3,
3.7175E0007,2.026E+3,
3.72E07,2.028E+3,
3.7225E0007,1.996E+3,
3.725E007,2.208E+3,
3.7275E0007,2.091E+3,
3.73E07,2.046E+3,
3.7325E0007,2.098E+3,
3.735E007,2.020E+3,
3.7375E0007,2.011E+3,
3.74E07,2.032E+3,
3.7425E0007,1.994E+3,
3.745E007,1.992E+3,
3.7475E0007,2.123E+3,
3.75E07,2.105E+3,
3.7525E0007,2.086E+3,
3.755E007,1.993E+3,
3.7575E0007,2.107E+3,
3.76E07,2.080E+3,
3.7625E0007,2.073E+3,
3.765E007,2.053E+3,
3.7675E0007,2.045E+3,
3.77E07,2.139E+3,
3.7725E0007,2.021E+3,
3.775E007,2.001E+3,
3.7775E0007,1.971E+3,
3.78E07,2.071E+3,
3.7825E0007,1.987E+3,
3.785E007,1.988E+3,
3.7875E0007,1.977E+3,
3.79E07,1.972E+3,
3.7925E0007,1.955E+3,
3.795E007,2.045E+3,
3.7975E0007,2.013E+3,
3.8E07,2.000E+3,
3.8025E0007,2.008E+3,
3.805E007,1.996E+3,
3.8075E0007,1.980E+3,
3.81E07,2.061E+3,
3.8125E0007,2.051E+3,
3.815E007,2.000E+3,
3.8175E0007,2.026E+3,
3.82E07,1.987E+3,
3.8225E0007,2.021E+3,
3.825E007,1.987E+3,
3.8275E0007,1.899E+3,
3.83E07,1.969E+3,
3.8325E0007,1.954E+3,
3.835E007,1.955E+3,
3.8375E0007,1.936E+3,
3.84E07,2.039E+3,
3.8425E0007,1.966E+3,
3.845E007,2.038E+3,
3.8475E0007,1.982E+3,
3.85E07,1.999E+3,
3.8525E0007,1.932E+3,
3.855E007,1.937E+3,
3.8575E0007,1.908E+3,
3.86E07,2.003E+3,
3.8625E0007,1.939E+3,
3.865E007,1.863E+3,
3.8675E0007,1.988E+3,
3.87E07,1.860E+3,
3.8725E0007,1.983E+3,
3.875E007,1.985E+3,
3.8775E0007,1.894E+3,
3.88E07,1.877E+3,
3.8825E0007,1.916E+3,
3.885E007,1.949E+3,
3.8875E0007,1.963E+3,
3.89E07,1.928E+3,
3.8925E0007,1.837E+3,
3.895E007,1.871E+3,
3.8975E0007,1.938E+3,
3.9E07,1.884E+3,
3.9025E0007,1.937E+3,
3.905E007,1.886E+3,
3.9075E0007,1.885E+3,
3.91E07,1.925E+3,
3.9125E0007,1.912E+3,
3.915E007,1.952E+3,
3.9175E0007,1.867E+3,
3.92E07,1.839E+3,
3.9225E0007,1.939E+3,
3.925E007,1.811E+3,
3.9275E0007,1.916E+3,
3.93E07,1.869E+3,
3.9325E0007,1.882E+3,
3.935E007,1.870E+3,
3.9375E0007,1.894E+3,
3.94E07,1.828E+3,
3.9425E0007,1.824E+3,
3.945E007,1.855E+3,
3.9475E0007,1.905E+3,
3.95E07,1.879E+3,
3.9525E0007,1.851E+3,
3.955E007,1.825E+3,
3.9575E0007,1.880E+3,
3.96E07,1.819E+3,
3.9625E0007,1.822E+3,
3.965E007,1.879E+3,
3.9675E0007,1.821E+3,
3.97E07,1.839E+3,
3.9725E0007,1.771E+3,
3.975E007,1.840E+3,
3.9775E0007,1.846E+3,
3.98E07,1.825E+3,
3.9825E0007,1.790E+3,
3.985E007,1.817E+3,
3.9875E0007,1.855E+3,
3.99E07,1.857E+3,
3.9925E0007,1.764E+3,
3.995E007,1.842E+3,
3.9975E0007,1.834E+3,
4E07,1.764E+3,
4.0025E0007,1.778E+3,
4.005E007,1.749E+3,
4.0075E0007,1.773E+3,
4.01E07,1.818E+3,
4.0125E0007,1.799E+3,
4.015E007,1.787E+3,
4.0175E0007,1.807E+3,
4.02E07,1.784E+3,
4.0225E0007,1.802E+3,
4.025E007,1.779E+3,
4.0275E0007,1.801E+3,
4.03E07,1.758E+3,
4.0325E0007,1.788E+3,
4.035E007,1.738E+3,
4.0375E0007,1.689E+3,
4.04E07,1.803E+3,
4.0425E0007,1.689E+3,
4.045E007,1.751E+3,
4.0475E0007,1.774E+3,
4.05E07,1.682E+3,
4.0525E0007,1.754E+3,
4.055E007,1.747E+3,
4.0575E0007,1.770E+3,
4.06E07,1.804E+3,
4.0625E0007,1.772E+3,
4.065E007,1.827E+3,
4.0675E0007,1.672E+3,
4.07E07,1.793E+3,
4.0725E0007,1.708E+3,
4.075E007,1.765E+3,
4.0775E0007,1.723E+3,
4.08E07,1.711E+3,
4.0825E0007,1.774E+3,
4.085E007,1.669E+3,
4.0875E0007,1.751E+3,
4.09E07,1.721E+3,
4.0925E0007,1.725E+3,
4.095E007,1.699E+3,
4.0975E0007,1.677E+3,
4.1E07,1.752E+3,
4.1025E0007,1.779E+3,
4.105E007,1.709E+3,
4.1075E0007,1.742E+3,
4.11E07,1.710E+3,
4.1125E0007,1.787E+3,
4.115E007,1.740E+3,
4.1175E0007,1.732E+3,
4.12E07,1.688E+3,
4.1225E0007,1.694E+3,
4.125E007,1.661E+3,
4.1275E0007,1.656E+3,
4.13E07,1.763E+3,
4.1325E0007,1.743E+3,
4.135E007,1.654E+3,
4.1375E0007,1.734E+3,
4.14E07,1.724E+3,
4.1425E0007,1.669E+3,
4.145E007,1.685E+3,
4.1475E0007,1.751E+3,
4.15E07,1.606E+3,
4.1525E0007,1.712E+3,
4.155E007,1.669E+3,
4.1575E0007,1.718E+3,
4.16E07,1.644E+3,
4.1625E0007,1.684E+3,
4.165E007,1.677E+3,
4.1675E0007,1.663E+3,
4.17E07,1.744E+3,
4.1725E0007,1.655E+3,
4.175E007,1.617E+3,
4.1775E0007,1.675E+3,
4.18E07,1.594E+3,
4.1825E0007,1.657E+3,
4.185E007,1.602E+3,
4.1875E0007,1.633E+3,
4.19E07,1.688E+3,
4.1925E0007,1.675E+3,
4.195E007,1.643E+3,
4.1975E0007,1.662E+3,
4.2E07,1.701E+3,
4.2025E0007,1.595E+3,
4.205E007,1.538E+3,
4.2075E0007,1.661E+3,
4.21E07,1.662E+3,
4.2125E0007,1.693E+3,
4.215E007,1.592E+3,
4.2175E0007,1.676E+3,
4.22E07,1.614E+3,
4.2225E0007,1.650E+3,
4.225E007,1.665E+3,
4.2275E0007,1.644E+3,
4.23E07,1.651E+3,
4.2325E0007,1.709E+3,
4.235E007,1.637E+3,
4.2375E0007,1.613E+3,
4.24E07,1.575E+3,
4.2425E0007,1.581E+3,
4.245E007,1.532E+3,
4.2475E0007,1.654E+3,
4.25E07,1.632E+3,
4.2525E0007,1.665E+3,
4.255E007,1.672E+3,
4.2575E0007,1.650E+3,
4.26E07,1.559E+3,
4.2625E0007,1.574E+3,
4.265E007,1.647E+3,
4.2675E0007,1.599E+3,
4.27E07,1.538E+3,
4.2725E0007,1.586E+3,
4.275E007,1.563E+3,
4.2775E0007,1.631E+3,
4.28E07,1.664E+3,
4.2825E0007,1.594E+3,
4.285E007,1.574E+3,
4.2875E0007,1.633E+3,
4.29E07,1.531E+3,
4.2925E0007,1.593E+3,
4.295E007,1.562E+3,
4.2975E0007,1.690E+3,
4.3E07,1.576E+3,
4.3025E0007,1.566E+3,
4.305E007,1.572E+3,
4.3075E0007,1.521E+3,
4.31E07,1.532E+3,
4.3125E0007,1.486E+3,
4.315E007,1.580E+3,
4.3175E0007,1.623E+3,
4.32E07,1.538E+3,
4.3225E0007,1.619E+3,
4.325E007,1.595E+3,
4.3275E0007,1.567E+3,
4.33E07,1.480E+3,
4.3325E0007,1.527E+3,
4.335E007,1.594E+3,
4.3375E0007,1.519E+3,
4.34E07,1.611E+3,
4.3425E0007,1.555E+3,
4.345E007,1.539E+3,
4.3475E0007,1.571E+3,
4.35E07,1.526E+3,
4.3525E0007,1.646E+3,
4.355E007,1.504E+3,
4.3575E0007,1.488E+3,
4.36E07,1.534E+3,
4.3625E0007,1.480E+3,
4.365E007,1.566E+3,
4.3675E0007,1.606E+3,
4.37E07,1.552E+3,
4.3725E0007,1.455E+3,
4.375E007,1.545E+3,
4.3775E0007,1.543E+3,
4.38E07,1.457E+3,
4.3825E0007,1.551E+3,
4.385E007,1.517E+3,
4.3875E0007,1.539E+3,
4.39E07,1.592E+3,
4.3925E0007,1.533E+3,
4.395E007,1.522E+3,
4.3975E0007,1.513E+3,
4.4E07,1.444E+3,
4.4025E0007,1.577E+3,
4.405E007,1.526E+3,
4.4075E0007,1.438E+3,
4.41E07,1.572E+3,
4.4125E0007,1.488E+3,
4.415E007,1.530E+3,
4.4175E0007,1.464E+3,
4.42E07,1.485E+3,
4.4225E0007,1.496E+3,
4.425E007,1.480E+3,
4.4275E0007,1.527E+3,
4.43E07,1.515E+3,
4.4325E0007,1.495E+3,
4.435E007,1.513E+3,
4.4375E0007,1.452E+3,
4.44E07,1.417E+3,
4.4425E0007,1.487E+3,
4.445E007,1.493E+3,
4.4475E0007,1.455E+3,
4.45E07,1.476E+3,
4.4525E0007,1.465E+3,
4.455E007,1.459E+3,
4.4575E0007,1.490E+3,
4.46E07,1.485E+3,
4.4625E0007,1.486E+3,
4.465E007,1.443E+3,
4.4675E0007,1.474E+3,
4.47E07,1.445E+3,
4.4725E0007,1.438E+3,
4.475E007,1.457E+3,
4.4775E0007,1.480E+3,
4.48E07,1.464E+3,
4.4825E0007,1.431E+3,
4.485E007,1.445E+3,
4.4875E0007,1.500E+3,
4.49E07,1.437E+3,
4.4925E0007,1.424E+3,
4.495E007,1.444E+3,
4.4975E0007,1.456E+3,
4.5E07,1.382E+3,
4.5025E0007,1.427E+3,
4.505E007,1.426E+3,
4.5075E0007,1.450E+3,
4.51E07,1.431E+3,
4.5125E0007,1.406E+3,
4.515E007,1.484E+3,
4.5175E0007,1.441E+3,
4.52E07,1.456E+3,
4.5225E0007,1.455E+3,
4.525E007,1.435E+3,
4.5275E0007,1.401E+3,
4.53E07,1.403E+3,
4.5325E0007,1.419E+3,
4.535E007,1.433E+3,
4.5375E0007,1.485E+3,
4.54E07,1.443E+3,
4.5425E0007,1.465E+3,
4.545E007,1.422E+3,
4.5475E0007,1.412E+3,
4.55E07,1.450E+3,
4.5525E0007,1.417E+3,
4.555E007,1.421E+3,
4.5575E0007,1.380E+3,
4.56E07,1.383E+3,
4.5625E0007,1.415E+3,
4.565E007,1.428E+3,
4.5675E0007,1.458E+3,
4.57E07,1.387E+3,
4.5725E0007,1.338E+3,
4.575E007,1.441E+3,
4.5775E0007,1.481E+3,
4.58E07,1.435E+3,
4.5825E0007,1.457E+3,
4.585E007,1.448E+3,
4.5875E0007,1.474E+3,
4.59E07,1.392E+3,
4.5925E0007,1.374E+3,
4.595E007,1.360E+3,
4.5975E0007,1.456E+3,
4.6E07,1.401E+3,
4.6025E0007,1.334E+3,
4.605E007,1.371E+3,
4.6075E0007,1.461E+3,
4.61E07,1.345E+3,
4.6125E0007,1.428E+3,
4.615E007,1.415E+3,
4.6175E0007,1.376E+3,
4.62E07,1.356E+3,
4.6225E0007,1.368E+3,
4.625E007,1.370E+3,
4.6275E0007,1.381E+3,
4.63E07,1.361E+3,
4.6325E0007,1.423E+3,
4.635E007,1.364E+3,
4.6375E0007,1.370E+3,
4.64E07,1.335E+3,
4.6425E0007,1.418E+3,
4.645E007,1.391E+3,
4.6475E0007,1.356E+3,
4.65E07,1.357E+3,
4.6525E0007,1.367E+3,
4.655E007,1.368E+3,
4.6575E0007,1.338E+3,
4.66E07,1.343E+3,
4.6625E0007,1.295E+3,
4.665E007,1.321E+3,
4.6675E0007,1.392E+3,
4.67E07,1.345E+3,
4.6725E0007,1.440E+3,
4.675E007,1.357E+3,
4.6775E0007,1.279E+3,
4.68E07,1.333E+3,
4.6825E0007,1.375E+3,
4.685E007,1.390E+3,
4.6875E0007,1.355E+3,
4.69E07,1.354E+3,
4.6925E0007,1.331E+3,
4.695E007,1.344E+3,
4.6975E0007,1.358E+3,
4.7E07,1.329E+3,
4.7025E0007,1.337E+3,
4.705E007,1.332E+3,
4.7075E0007,1.314E+3,
4.71E07,1.350E+3,
4.7125E0007,1.330E+3,
4.715E007,1.402E+3,
4.7175E0007,1.334E+3,
4.72E07,1.301E+3,
4.7225E0007,1.323E+3,
4.725E007,1.339E+3,
4.7275E0007,1.292E+3,
4.73E07,1.287E+3,
4.7325E0007,1.275E+3,
4.735E007,1.350E+3,
4.7375E0007,1.292E+3,
4.74E07,1.366E+3,
4.7425E0007,1.312E+3,
4.745E007,1.348E+3,
4.7475E0007,1.425E+3,
4.75E07,1.287E+3,
4.7525E0007,1.379E+3,
4.755E007,1.337E+3,
4.7575E0007,1.312E+3,
4.76E07,1.328E+3,
4.7625E0007,1.266E+3,
4.765E007,1.346E+3,
4.7675E0007,1.324E+3,
4.77E07,1.208E+3,
4.7725E0007,1.325E+3,
4.775E007,1.291E+3,
4.7775E0007,1.304E+3,
4.78E07,1.293E+3,
4.7825E0007,1.340E+3,
4.785E007,1.297E+3,
4.7875E0007,1.237E+3,
4.79E07,1.291E+3,
4.7925E0007,1.325E+3,
4.795E007,1.308E+3,
4.7975E0007,1.287E+3,
4.8E07,1.304E+3,
4.8025E0007,1.244E+3,
4.805E007,1.277E+3,
4.8075E0007,1.296E+3,
4.81E07,1.203E+3,
4.8125E0007,1.332E+3,
4.815E007,1.302E+3,
4.8175E0007,1.257E+3,
4.82E07,1.309E+3,
4.8225E0007,1.257E+3,
4.825E007,1.326E+3,
4.8275E0007,1.218E+3,
4.83E07,1.264E+3,
4.8325E0007,1.300E+3,
4.835E007,1.281E+3,
4.8375E0007,1.247E+3,
4.84E07,1.262E+3,
4.8425E0007,1.335E+3,
4.845E007,1.240E+3,
4.8475E0007,1.242E+3,
4.85E07,1.227E+3,
4.8525E0007,1.253E+3,
4.855E007,1.278E+3,
4.8575E0007,1.314E+3,
4.86E07,1.337E+3,
4.8625E0007,1.186E+3,
4.865E007,1.305E+3,
4.8675E0007,1.298E+3,
4.87E07,1.241E+3,
4.8725E0007,1.314E+3,
4.875E007,1.262E+3,
4.8775E0007,1.242E+3,
4.88E07,1.273E+3,
4.8825E0007,1.270E+3,
4.885E007,1.256E+3,
4.8875E0007,1.275E+3,
4.89E07,1.227E+3,
4.8925E0007,1.274E+3,
4.895E007,1.315E+3,
4.8975E0007,1.205E+3,
4.9E07,1.233E+3,
4.9025E0007,1.303E+3,
4.905E007,1.278E+3,
4.9075E0007,1.229E+3,
4.91E07,1.211E+3,
4.9125E0007,1.226E+3,
4.915E007,1.249E+3,
4.9175E0007,1.307E+3,
4.92E07,1.229E+3,
4.9225E0007,1.260E+3,
4.925E007,1.293E+3,
4.9275E0007,1.202E+3,
4.93E07,1.191E+3,
4.9325E0007,1.172E+3,
4.935E007,1.211E+3,
4.9375E0007,1.245E+3,
4.94E07,1.273E+3,
4.9425E0007,1.210E+3,
4.945E007,1.202E+3,
4.9475E0007,1.208E+3,
4.95E07,1.289E+3,
4.9525E0007,1.225E+3,
4.955E007,1.223E+3,
4.9575E0007,1.207E+3,
4.96E07,1.215E+3,
4.9625E0007,1.175E+3,
4.965E007,1.265E+3,
4.9675E0007,1.241E+3,
4.97E07,1.247E+3,
4.9725E0007,1.259E+3,
4.975E007,1.209E+3,
4.9775E0007,1.199E+3,
4.98E07,1.257E+3,
4.9825E0007,1.178E+3,
4.985E007,1.192E+3,
4.9875E0007,1.228E+3,
4.99E07,1.265E+3,
4.9925E0007,1.224E+3,
4.995E007,1.202E+3,
4.9975E0007,1.182E+3,
5E07,1.276E+3,
5.0025E0007,1.181E+3,
5.005E007,1.224E+3,
5.0075E0007,1.204E+3,
5.01E07,1.215E+3,
5.0125E0007,1.205E+3,
5.015E007,1.226E+3,
5.0175E0007,1.207E+3,
5.02E07,1.182E+3,
5.0225E0007,1.198E+3,
5.025E007,1.270E+3,
5.0275E0007,1.151E+3,
5.03E07,1.242E+3,
5.0325E0007,1.239E+3,
5.035E007,1.249E+3,
5.0375E0007,1.142E+3,
5.04E07,1.249E+3,
5.0425E0007,1.147E+3,
5.045E007,1.218E+3,
5.0475E0007,1.174E+3,
5.05E07,1.172E+3,
5.0525E0007,1.144E+3,
5.055E007,1.154E+3,
5.0575E0007,1.212E+3,
5.06E07,1.220E+3,
5.0625E0007,1.162E+3,
5.065E007,1.164E+3,
5.0675E0007,1.213E+3,
5.07E07,1.151E+3,
5.0725E0007,1.174E+3,
5.075E007,1.145E+3,
5.0775E0007,1.219E+3,
5.08E07,1.146E+3,
5.0825E0007,1.149E+3,
5.085E007,1.176E+3,
5.0875E0007,1.208E+3,
5.09E07,1.152E+3,
5.0925E0007,1.154E+3,
5.095E007,1.192E+3,
5.0975E0007,1.210E+3,
5.1E07,1.143E+3,
5.1025E0007,1.162E+3,
5.105E007,1.228E+3,
5.1075E0007,1.173E+3,
5.11E07,1.156E+3,
5.1125E0007,1.200E+3,
5.115E007,1.152E+3,
5.1175E0007,1.177E+3,
5.12E07,1.245E+3,
5.1225E0007,1.149E+3,
5.125E007,1.186E+3,
5.1275E0007,1.116E+3,
5.13E07,1.099E+3,
5.1325E0007,1.140E+3,
5.135E007,1.099E+3,
5.1375E0007,1.172E+3,
5.14E07,1.096E+3,
5.1425E0007,1.155E+3,
5.145E007,1.162E+3,
5.1475E0007,1.147E+3,
5.15E07,1.189E+3,
5.1525E0007,1.157E+3,
5.155E007,1.114E+3,
5.1575E0007,1.171E+3,
5.16E07,1.128E+3,
5.1625E0007,1.127E+3,
5.165E007,1.126E+3,
5.1675E0007,1.126E+3,
5.17E07,1.119E+3,
5.1725E0007,1.203E+3,
5.175E007,1.134E+3,
5.1775E0007,1.188E+3,
5.18E07,1.169E+3,
5.1825E0007,1.167E+3,
5.185E007,1.157E+3,
5.1875E0007,1.256E+3,
5.19E07,1.146E+3,
5.1925E0007,1.093E+3,
5.195E007,1.129E+3,
5.1975E0007,1.159E+3,
5.2E07,1.147E+3,
5.2025E0007,1.171E+3,
5.205E007,1.099E+3,
5.2075E0007,1.153E+3,
5.21E07,1.106E+3,
5.2125E0007,1.068E+3,
5.215E007,1.171E+3,
5.2175E0007,1.142E+3,
5.22E07,1.142E+3,
5.2225E0007,1.137E+3,
5.225E007,1.179E+3,
5.2275E0007,1.127E+3,
5.23E07,1.140E+3,
5.2325E0007,1.130E+3,
5.235E007,1.110E+3,
5.2375E0007,1.145E+3,
5.24E07,1.175E+3,
5.2425E0007,1.112E+3,
5.245E007,1.048E+3,
5.2475E0007,1.099E+3,
5.25E07,1.064E+3,
5.2525E0007,1.097E+3,
5.255E007,1.129E+3,
5.2575E0007,1.080E+3,
5.26E07,1.133E+3,
5.2625E0007,1.144E+3,
5.265E007,1.125E+3,
5.2675E0007,1.143E+3,
5.27E07,1.151E+3,
5.2725E0007,1.104E+3,
5.275E007,1.181E+3,
5.2775E0007,1.160E+3,
5.28E07,1.111E+3,
5.2825E0007,1.105E+3,
5.285E007,1.048E+3,
5.2875E0007,1.062E+3,
5.29E07,1.075E+3,
5.2925E0007,1.125E+3,
5.295E007,1.080E+3,
5.2975E0007,1.067E+3,
5.3E07,1.144E+3,
5.3025E0007,1.132E+3,
5.305E007,1.098E+3,
5.3075E0007,1.084E+3,
5.31E07,1.113E+3,
5.3125E0007,1.133E+3,
5.315E007,1.136E+3,
5.3175E0007,1.091E+3,
5.32E07,1.060E+3,
5.3225E0007,1.127E+3,
5.325E007,1.113E+3,
5.3275E0007,1.072E+3,
5.33E07,1.093E+3,
5.3325E0007,1.082E+3,
5.335E007,1.127E+3,
5.3375E0007,1.121E+3,
5.34E07,1.083E+3,
5.3425E0007,1.051E+3,
5.345E007,1.089E+3,
5.3475E0007,1.125E+3,
5.35E07,1.096E+3,
5.3525E0007,1.127E+3,
5.355E007,1.076E+3,
5.3575E0007,1.106E+3,
5.36E07,1.099E+3,
5.3625E0007,1.075E+3,
5.365E007,1.105E+3,
5.3675E0007,1.109E+3,
5.37E07,1.148E+3,
5.3725E0007,1.036E+3,
5.375E007,1.119E+3,
5.3775E0007,1.090E+3,
5.38E07,1.098E+3,
5.3825E0007,1.102E+3,
5.385E007,1.089E+3,
5.3875E0007,1.050E+3,
5.39E07,1.103E+3,
5.3925E0007,1.068E+3,
5.395E007,1.060E+3,
5.3975E0007,1.110E+3,
5.4E07,1.034E+3,
5.4025E0007,1.086E+3,
5.405E007,1.086E+3,
5.4075E0007,1.097E+3,
5.41E07,1.119E+3,
5.4125E0007,1.040E+3,
5.415E007,1.075E+3,
5.4175E0007,1.122E+3,
5.42E07,1.109E+3,
5.4225E0007,1.051E+3,
5.425E007,1.111E+3,
5.4275E0007,1.025E+3,
5.43E07,1.129E+3,
5.4325E0007,1.092E+3,
5.435E007,1.081E+3,
5.4375E0007,1.047E+3,
5.44E07,1.082E+3,
5.4425E0007,1.106E+3,
5.445E007,1.123E+3,
5.4475E0007,1.034E+3,
5.45E07,1.060E+3,
5.4525E0007,1.059E+3,
5.455E007,1.020E+3,
5.4575E0007,1.061E+3,
5.46E07,1.108E+3,
5.4625E0007,1.054E+3,
5.465E007,1.031E+3,
5.4675E0007,1.025E+3,
5.47E07,1.059E+3,
5.4725E0007,1.009E+3,
5.475E007,1.026E+3,
5.4775E0007,1.034E+3,
5.48E07,1.024E+3,
5.4825E0007,1.116E+3,
5.485E007,1.083E+3,
5.4875E0007,9.970E+2,
5.49E07,1.075E+3,
5.4925E0007,1.103E+3,
5.495E007,1.051E+3,
5.4975E0007,1.083E+3,
5.5E07,1.069E+3,
5.5025E0007,1.116E+3,
5.505E007,1.016E+3,
5.5075E0007,1.059E+3,
5.51E07,1.071E+3,
5.5125E0007,1.064E+3,
5.515E007,1.039E+3,
5.5175E0007,1.008E+3,
5.52E07,1.079E+3,
5.5225E0007,1.059E+3,
5.525E007,1.066E+3,
5.5275E0007,1.038E+3,
5.53E07,1.037E+3,
5.5325E0007,1.063E+3,
5.535E007,1.032E+3,
5.5375E0007,9.900E+2,
5.54E07,1.077E+3,
5.5425E0007,9.730E+2,
5.545E007,9.710E+2,
5.5475E0007,1.039E+3,
5.55E07,1.002E+3,
5.5525E0007,1.038E+3,
5.555E007,1.055E+3,
5.5575E0007,1.045E+3,
5.56E07,9.690E+2,
5.5625E0007,1.074E+3,
5.565E007,1.010E+3,
5.5675E0007,1.028E+3,
5.57E07,1.051E+3,
5.5725E0007,1.068E+3,
5.575E007,9.900E+2,
5.5775E0007,9.720E+2,
5.58E07,1.025E+3,
5.5825E0007,1.039E+3,
5.585E007,1.064E+3,
5.5875E0007,1.032E+3,
5.59E07,1.034E+3,
5.5925E0007,9.850E+2,
5.595E007,1.069E+3,
5.5975E0007,1.034E+3,
5.6E07,1.006E+3,
5.6025E0007,9.700E+2,
5.605E007,1.068E+3,
5.6075E0007,1.049E+3,
5.61E07,1.025E+3,
5.6125E0007,9.820E+2,
5.615E007,1.035E+3,
5.6175E0007,1.038E+3,
5.62E07,1.010E+3,
5.6225E0007,1.028E+3,
5.625E007,1.028E+3,
5.6275E0007,9.700E+2,
5.63E07,1.010E+3,
5.6325E0007,1.010E+3,
5.635E007,9.890E+2,
5.6375E0007,1.031E+3,
5.64E07,9.950E+2,
5.6425E0007,1.040E+3,
5.645E007,9.670E+2,
5.6475E0007,1.007E+3,
5.65E07,9.580E+2,
5.6525E0007,1.063E+3,
5.655E007,9.900E+2,
5.6575E0007,1.006E+3,
5.66E07,1.042E+3,
5.6625E0007,1.039E+3,
5.665E007,9.810E+2,
5.6675E0007,1.017E+3,
5.67E07,1.003E+3,
5.6725E0007,1.066E+3,
5.675E007,1.002E+3,
5.6775E0007,1.006E+3,
5.68E07,1.016E+3,
5.6825E0007,9.510E+2,
5.685E007,1.046E+3,
5.6875E0007,1.049E+3,
5.69E07,1.042E+3,
5.6925E0007,1.020E+3,
5.695E007,9.430E+2,
5.6975E0007,1.024E+3,
5.7E07,1.082E+3,
5.7025E0007,1.018E+3,
5.705E007,1.030E+3,
5.7075E0007,9.980E+2,
5.71E07,1.003E+3,
5.7125E0007,1.007E+3,
5.715E007,1.057E+3,
5.7175E0007,9.870E+2,
5.72E07,1.036E+3,
5.7225E0007,9.460E+2,
5.725E007,1.034E+3,
5.7275E0007,1.033E+3,
5.73E07,1.021E+3,
5.7325E0007,9.820E+2,
5.735E007,1.021E+3,
5.7375E0007,9.890E+2,
5.74E07,9.430E+2,
5.7425E0007,1.039E+3,
5.745E007,9.900E+2,
5.7475E0007,9.890E+2,
5.75E07,9.470E+2,
5.7525E0007,9.450E+2,
5.755E007,1.017E+3,
5.7575E0007,9.520E+2,
5.76E07,9.510E+2,
5.7625E0007,9.980E+2,
5.765E007,1.028E+3,
5.7675E0007,9.280E+2,
5.77E07,1.005E+3,
5.7725E0007,1.002E+3,
5.775E007,9.750E+2,
5.7775E0007,1.007E+3,
5.78E07,1.010E+3,
5.7825E0007,9.720E+2,
5.785E007,9.780E+2,
5.7875E0007,9.810E+2,
5.79E07,1.038E+3,
5.7925E0007,9.900E+2,
5.795E007,9.710E+2,
5.7975E0007,9.500E+2,
5.8E07,9.400E+2,
5.8025E0007,1.011E+3,
5.805E007,9.710E+2,
5.8075E0007,9.950E+2,
5.81E07,9.490E+2,
5.8125E0007,9.130E+2,
5.815E007,1.007E+3,
5.8175E0007,9.550E+2,
5.82E07,9.830E+2,
5.8225E0007,1.020E+3,
5.825E007,1.039E+3,
5.8275E0007,9.510E+2,
5.83E07,9.480E+2,
5.8325E0007,9.750E+2,
5.835E007,9.700E+2,
5.8375E0007,9.930E+2,
5.84E07,9.950E+2,
5.8425E0007,9.500E+2,
5.845E007,9.690E+2,
5.8475E0007,9.240E+2,
5.85E07,9.260E+2,
5.8525E0007,9.720E+2,
5.855E007,9.560E+2,
5.8575E0007,9.790E+2,
5.86E07,9.280E+2,
5.8625E0007,9.320E+2,
5.865E007,9.680E+2,
5.8675E0007,9.720E+2,
5.87E07,9.490E+2,
5.8725E0007,1.008E+3,
5.875E007,9.760E+2,
5.8775E0007,9.780E+2,
5.88E07,9.010E+2,
5.8825E0007,9.730E+2,
5.885E007,9.130E+2,
5.8875E0007,1.022E+3,
5.89E07,9.600E+2,
5.8925E0007,9.740E+2,
5.895E007,9.480E+2,
5.8975E0007,9.530E+2,
5.9E07,9.720E+2,
5.9025E0007,1.017E+3,
5.905E007,9.190E+2,
5.9075E0007,9.360E+2,
5.91E07,9.540E+2,
5.9125E0007,9.470E+2,
5.915E007,9.310E+2,
5.9175E0007,9.090E+2,
5.92E07,9.520E+2,
5.9225E0007,9.440E+2,
5.925E007,9.120E+2,
5.9275E0007,9.900E+2,
5.93E07,9.940E+2,
5.9325E0007,9.100E+2,
5.935E007,1.020E+3,
5.9375E0007,9.720E+2,
5.94E07,9.300E+2,
5.9425E0007,8.930E+2,
5.945E007,9.630E+2,
5.9475E0007,1.000E+3,
5.95E07,9.790E+2,
5.9525E0007,9.570E+2,
5.955E007,9.340E+2,
5.9575E0007,9.020E+2,
5.96E07,9.060E+2,
5.9625E0007,9.880E+2,
5.965E007,9.000E+2,
5.9675E0007,9.150E+2,
5.97E07,9.360E+2,
5.9725E0007,8.850E+2,
5.975E007,9.570E+2,
5.9775E0007,9.770E+2,
5.98E07,9.880E+2,
5.9825E0007,9.500E+2,
5.985E007,8.590E+2,
5.9875E0007,9.430E+2,
5.99E07,9.670E+2,
5.9925E0007,8.740E+2,
5.995E007,1.001E+3,
5.9975E0007,8.800E+2,
6E07,9.750E+2,
6.0025E0007,8.770E+2,
6.005E007,9.480E+2,
6.0075E0007,9.160E+2,
6.01E07,9.230E+2,
6.0125E0007,8.970E+2,
6.015E007,9.600E+2,
6.0175E0007,9.710E+2,
6.02E07,9.370E+2,
6.0225E0007,8.800E+2,
6.025E007,9.240E+2,
6.0275E0007,9.610E+2,
6.03E07,9.640E+2,
6.0325E0007,9.400E+2,
6.035E007,9.230E+2,
6.0375E0007,9.900E+2,
6.04E07,9.290E+2,
6.0425E0007,9.260E+2,
6.045E007,9.070E+2,
6.0475E0007,9.830E+2,
6.05E07,9.150E+2,
6.0525E0007,9.120E+2,
6.055E007,9.300E+2,
6.0575E0007,8.870E+2,
6.06E07,9.610E+2,
6.0625E0007,9.530E+2,
6.065E007,8.980E+2,
6.0675E0007,9.330E+2,
6.07E07,8.860E+2,
6.0725E0007,9.270E+2,
6.075E007,9.310E+2,
6.0775E0007,9.400E+2,
6.08E07,9.160E+2,
6.0825E0007,9.410E+2,
6.085E007,9.350E+2,
6.0875E0007,9.570E+2,
6.09E07,8.920E+2,
6.0925E0007,8.780E+2,
6.095E007,9.740E+2,
6.0975E0007,9.700E+2,
6.1E07,9.220E+2,
6.1025E0007,8.920E+2,
6.105E007,9.330E+2,
6.1075E0007,9.250E+2,
6.11E07,9.780E+2,
6.1125E0007,8.700E+2,
6.115E007,8.900E+2,
6.1175E0007,9.270E+2,
6.12E07,9.470E+2,
6.1225E0007,9.410E+2,
6.125E007,9.130E+2,
6.1275E0007,9.160E+2,
6.13E07,9.540E+2,
6.1325E0007,9.400E+2,
6.135E007,9.400E+2,
6.1375E0007,9.310E+2,
6.14E07,9.090E+2,
6.1425E0007,9.170E+2,
6.145E007,9.440E+2,
6.1475E0007,9.290E+2,
6.15E07,9.410E+2,
6.1525E0007,8.850E+2,
6.155E007,9.390E+2,
6.1575E0007,8.430E+2,
6.16E07,9.160E+2,
6.1625E0007,9.550E+2,
6.165E007,8.920E+2,
6.1675E0007,9.260E+2,
6.17E07,9.120E+2,
6.1725E0007,8.890E+2,
6.175E007,9.260E+2,
6.1775E0007,8.950E+2,
6.18E07,9.330E+2,
6.1825E0007,9.430E+2,
6.185E007,9.140E+2,
6.1875E0007,9.560E+2,
6.19E07,8.850E+2,
6.1925E0007,8.820E+2,
6.195E007,9.340E+2,
6.1975E0007,9.080E+2,
6.2E07,9.200E+2,
6.2025E0007,9.530E+2,
6.205E007,8.600E+2,
6.2075E0007,9.460E+2,
6.21E07,9.190E+2,
6.2125E0007,9.450E+2,
6.215E007,9.760E+2,
6.2175E0007,9.300E+2,
6.22E07,9.060E+2,
6.2225E0007,8.230E+2,
6.225E007,9.350E+2,
6.2275E0007,9.210E+2,
6.23E07,9.010E+2,
6.2325E0007,9.050E+2,
6.235E007,9.390E+2,
6.2375E0007,8.940E+2,
6.24E07,8.730E+2,
6.2425E0007,9.290E+2,
6.245E007,9.080E+2,
6.2475E0007,9.010E+2,
6.25E07,8.830E+2,
6.2525E0007,8.490E+2,
6.255E007,9.030E+2,
6.2575E0007,8.960E+2,
6.26E07,8.660E+2,
6.2625E0007,8.920E+2,
6.265E007,9.250E+2,
6.2675E0007,9.640E+2,
6.27E07,9.090E+2,
6.2725E0007,9.070E+2,
6.275E007,9.150E+2,
6.2775E0007,9.190E+2,
6.28E07,8.730E+2,
6.2825E0007,8.760E+2,
6.285E007,9.020E+2,
6.2875E0007,9.310E+2,
6.29E07,8.890E+2,
6.2925E0007,9.090E+2,
6.295E007,8.590E+2,
6.2975E0007,8.960E+2,
6.3E07,8.710E+2,
6.3025E0007,8.850E+2,
6.305E007,8.700E+2,
6.3075E0007,9.160E+2,
6.31E07,8.820E+2,
6.3125E0007,8.590E+2,
6.315E007,9.190E+2,
6.3175E0007,9.060E+2,
6.32E07,8.930E+2,
6.3225E0007,8.640E+2,
6.325E007,8.980E+2,
6.3275E0007,8.640E+2,
6.33E07,8.630E+2,
6.3325E0007,8.900E+2,
6.335E007,9.210E+2,
6.3375E0007,8.940E+2,
6.34E07,8.490E+2,
6.3425E0007,8.610E+2,
6.345E007,8.940E+2,
6.3475E0007,9.160E+2,
6.35E07,8.740E+2,
6.3525E0007,8.550E+2,
6.355E007,8.660E+2,
6.3575E0007,9.070E+2,
6.36E07,9.050E+2,
6.3625E0007,8.840E+2,
6.365E007,8.340E+2,
6.3675E0007,9.240E+2,
6.37E07,8.810E+2,
6.3725E0007,8.790E+2,
6.375E007,8.070E+2,
6.3775E0007,9.320E+2,
6.38E07,8.840E+2,
6.3825E0007,8.910E+2,
6.385E007,8.970E+2,
6.3875E0007,8.490E+2,
6.39E07,8.580E+2,
6.3925E0007,9.210E+2,
6.395E007,9.290E+2,
6.3975E0007,8.830E+2,
64000005.000000,8.480E+2,
64025005.000000,9.360E+2,
64050005.000000,8.950E+2,
64075005.000000,8.520E+2,
64100005.000000,8.870E+2,
64125005.000000,8.690E+2,
64150005.000000,8.430E+2,
64175005.000000,8.250E+2,
64200005.000000,9.530E+2,
64225005.000000,8.470E+2,
64250005.000000,9.130E+2,
64275005.000000,9.360E+2,
64300005.000000,8.820E+2,
64325005.000000,8.660E+2,
64350005.000000,8.230E+2,
64375005.000000,8.840E+2,
64400005.000000,9.370E+2,
64425005.000000,8.460E+2,
64450005.000000,8.820E+2,
64475005.000000,8.690E+2,
64500005.000000,8.410E+2,
64525005.000000,8.690E+2,
64550005.000000,8.950E+2,
64575005.000000,8.620E+2,
64600005.000000,8.460E+2,
64625005.000000,8.520E+2,
64650005.000000,8.580E+2,
64675005.000000,8.970E+2,
64700005.000000,8.390E+2,
64725005.000000,9.430E+2,
64750005.000000,8.300E+2,
64775005.000000,8.480E+2,
64800005.000000,8.290E+2,
64825005.000000,8.680E+2,
64850005.000000,8.920E+2,
64875005.000000,8.470E+2,
64900005.000000,8.780E+2,
64925005.000000,8.440E+2,
64950005.000000,8.890E+2,
64975005.000000,8.820E+2,
65000005.000000,8.560E+2,
65025005.000000,8.730E+2,
65050005.000000,9.020E+2,
65075005.000000,8.700E+2,
65100005.000000,8.590E+2,
65125005.000000,8.580E+2,
65150005.000000,9.050E+2,
65175005.000000,8.840E+2,
65200005.000000,8.780E+2,
65225005.000000,8.670E+2,
65250005.000000,8.500E+2,
65275005.000000,8.590E+2,
65300005.000000,8.720E+2,
65325005.000000,8.390E+2,
65350005.000000,8.800E+2,
65375005.000000,8.330E+2,
65400005.000000,8.210E+2,
65425005.000000,8.510E+2,
65450005.000000,8.290E+2,
65475005.000000,8.770E+2,
65500005.000000,8.760E+2,
65525005.000000,8.990E+2,
65550005.000000,8.540E+2,
65575005.000000,9.090E+2,
65600005.000000,8.640E+2,
65625005.000000,8.590E+2,
65650005.000000,8.310E+2,
65675005.000000,9.030E+2,
65700005.000000,8.110E+2,
65725005.000000,9.370E+2,
65750005.000000,8.210E+2,
65775005.000000,8.260E+2,
65800005.000000,8.840E+2,
65825005.000000,8.590E+2,
65850005.000000,8.110E+2,
65875005.000000,8.600E+2,
65900005.000000,8.940E+2,
65925005.000000,8.780E+2,
65950005.000000,9.060E+2,
65975005.000000,8.860E+2,
66000005.000000,8.510E+2,
66025005.000000,8.610E+2,
66050005.000000,8.820E+2,
66075005.000000,8.820E+2,
66100005.000000,8.390E+2,
66125005.000000,8.430E+2,
66150005.000000,9.320E+2,
66175005.000000,8.500E+2,
66200005.000000,8.160E+2,
66225005.000000,8.300E+2,
66250005.000000,7.900E+2,
66275005.000000,8.120E+2,
66300005.000000,8.390E+2,
66325005.000000,8.730E+2,
66350005.000000,9.020E+2,
66375005.000000,9.000E+2,
66400005.000000,8.340E+2,
66425005.000000,8.460E+2,
66450005.000000,8.730E+2,
66475005.000000,8.900E+2,
66500005.000000,8.060E+2,
66525005.000000,8.180E+2,
66550005.000000,8.470E+2,
66575005.000000,8.250E+2,
66600005.000000,8.900E+2,
66625005.000000,8.430E+2,
66650005.000000,8.140E+2,
66675005.000000,8.320E+2,
66700005.000000,8.630E+2,
66725005.000000,8.550E+2,
66750005.000000,8.570E+2,
66775005.000000,9.170E+2,
66800005.000000,8.260E+2,
66825005.000000,8.360E+2,
66850005.000000,8.420E+2,
66875005.000000,8.380E+2,
66900005.000000,8.880E+2,
66925005.000000,8.790E+2,
66950005.000000,8.110E+2,
66975005.000000,8.460E+2,
67000005.000000,8.520E+2,
67025005.000000,8.440E+2,
67050005.000000,8.510E+2,
67075005.000000,8.660E+2,
67100005.000000,8.390E+2,
67125005.000000,8.440E+2,
67150005.000000,9.030E+2,
67175005.000000,8.240E+2,
67200005.000000,8.570E+2,
67225005.000000,8.430E+2,
67250005.000000,8.940E+2,
67275005.000000,8.030E+2,
67300005.000000,8.390E+2,
67325005.000000,7.790E+2,
67350005.000000,8.870E+2,
67375005.000000,8.500E+2,
67400005.000000,8.200E+2,
67425005.000000,8.500E+2,
67450005.000000,8.550E+2,
67475005.000000,8.320E+2,
67500005.000000,8.350E+2,
67525005.000000,8.160E+2,
67550005.000000,8.050E+2,
67575005.000000,8.840E+2,
67600005.000000,8.010E+2,
67625005.000000,8.720E+2,
67650005.000000,7.990E+2,
67675005.000000,8.160E+2,
67700005.000000,7.850E+2,
67725005.000000,8.330E+2,
67750005.000000,8.030E+2,
67775005.000000,7.980E+2,
67800005.000000,8.680E+2,
67825005.000000,8.620E+2,
67850005.000000,8.640E+2,
67875005.000000,8.410E+2,
67900005.000000,7.670E+2,
67925005.000000,8.510E+2,
67950005.000000,8.150E+2,
67975005.000000,9.010E+2,
68000005.000000,8.500E+2,
68025005.000000,8.500E+2,
68050005.000000,8.280E+2,
68075005.000000,8.210E+2,
68100005.000000,8.440E+2,
68125005.000000,8.490E+2,
68150005.000000,8.410E+2,
68175005.000000,8.100E+2,
68200005.000000,8.290E+2,
68225005.000000,8.170E+2,
68250005.000000,8.870E+2,
68275005.000000,8.430E+2,
68300005.000000,8.420E+2,
68325005.000000,7.830E+2,
68350005.000000,8.620E+2,
68375005.000000,8.590E+2,
68400005.000000,8.190E+2,
68425005.000000,8.240E+2,
68450005.000000,8.050E+2,
68475005.000000,8.390E+2,
68500005.000000,8.340E+2,
68525005.000000,8.660E+2,
68550005.000000,8.830E+2,
68575005.000000,8.350E+2,
68600005.000000,8.450E+2,
68625005.000000,8.020E+2,
68650005.000000,8.320E+2,
68675005.000000,8.600E+2,
68700005.000000,8.390E+2,
68725005.000000,8.430E+2,
68750005.000000,8.700E+2,
68775005.000000,8.490E+2,
68800005.000000,8.010E+2,
68825005.000000,8.410E+2,
68850005.000000,8.430E+2,
68875005.000000,8.150E+2,
68900005.000000,8.140E+2,
68925005.000000,7.930E+2,
68950005.000000,8.050E+2,
68975005.000000,8.600E+2,
69000005.000000,8.440E+2,
69025005.000000,7.860E+2,
69050005.000000,8.260E+2,
69075005.000000,8.150E+2,
69100005.000000,8.240E+2,
69125005.000000,8.910E+2,
69150005.000000,8.330E+2,
69175005.000000,8.190E+2,
69200005.000000,8.330E+2,
69225005.000000,8.810E+2,
69250005.000000,8.730E+2,
69275005.000000,8.650E+2,
69300005.000000,8.210E+2,
69325005.000000,8.350E+2,
69350005.000000,8.060E+2,
69375005.000000,8.020E+2,
69400005.000000,8.220E+2,
69425005.000000,8.910E+2,
69450005.000000,8.190E+2,
69475005.000000,8.550E+2,
69500005.000000,8.300E+2,
69525005.000000,8.390E+2,
69550005.000000,7.920E+2,
69575005.000000,8.190E+2,
69600005.000000,8.860E+2,
69625005.000000,8.640E+2,
69650005.000000,8.180E+2,
69675005.000000,8.210E+2,
69700005.000000,7.980E+2,
69725005.000000,8.060E+2,
69750005.000000,7.760E+2,
69775005.000000,8.370E+2,
69800005.000000,8.190E+2,
69825005.000000,8.520E+2,
69850005.000000,8.310E+2,
69875005.000000,8.090E+2,
69900005.000000,8.550E+2,
69925005.000000,7.720E+2,
69950005.000000,8.070E+2,
69975005.000000,8.320E+2,
70000005.000000,8.520E+2,
70025005.000000,8.610E+2,
70050005.000000,8.200E+2,
70075005.000000,8.130E+2,
70100005.000000,8.240E+2,
70125005.000000,8.110E+2,
70150005.000000,7.840E+2,
70175005.000000,8.660E+2,
70200005.000000,8.520E+2,
70225005.000000,7.820E+2,
70250005.000000,7.850E+2,
70275005.000000,8.010E+2,
70300005.000000,7.900E+2,
70325005.000000,8.320E+2,
70350005.000000,8.070E+2,
70375005.000000,8.880E+2,
70400006.000000,8.260E+2,
70425006.000000,8.550E+2,
70450006.000000,7.650E+2,
70475006.000000,8.130E+2,
70500006.000000,8.000E+2,
70525006.000000,7.990E+2,
70550006.000000,8.050E+2,
70575006.000000,7.910E+2,
70600006.000000,8.200E+2,
70625006.000000,7.670E+2,
70650006.000000,8.330E+2,
70675006.000000,8.620E+2,
70700006.000000,7.750E+2,
70725006.000000,8.080E+2,
70750006.000000,7.800E+2,
70775006.000000,8.400E+2,
70800006.000000,8.160E+2,
70825006.000000,8.620E+2,
70850006.000000,8.300E+2,
70875006.000000,8.680E+2,
70900006.000000,8.180E+2,
70925006.000000,7.910E+2,
70950006.000000,7.950E+2,
70975006.000000,8.300E+2,
71000006.000000,8.080E+2,
71025006.000000,7.870E+2,
71050006.000000,7.910E+2,
71075006.000000,8.630E+2,
71100006.000000,7.870E+2,
71125006.000000,8.030E+2,
71150006.000000,8.350E+2,
71175006.000000,8.630E+2,
71200006.000000,7.450E+2,
71225006.000000,8.160E+2,
71250006.000000,8.330E+2,
71275006.000000,8.040E+2,
71300006.000000,7.950E+2,
71325006.000000,7.860E+2,
71350006.000000,8.180E+2,
71375006.000000,8.220E+2,
71400006.000000,7.870E+2,
71425006.000000,8.700E+2,
71450006.000000,8.620E+2,
71475006.000000,7.980E+2,
71500006.000000,7.740E+2,
71525006.000000,7.910E+2,
71550006.000000,8.410E+2,
71575006.000000,8.220E+2,
71600006.000000,8.000E+2,
71625006.000000,8.190E+2,
71650006.000000,8.030E+2,
71675006.000000,8.340E+2,
71700006.000000,8.170E+2,
71725006.000000,8.150E+2,
71750006.000000,8.240E+2,
71775006.000000,7.820E+2,
71800006.000000,8.440E+2,
71825006.000000,8.100E+2,
71850006.000000,8.150E+2,
71875006.000000,7.900E+2,
71900006.000000,8.210E+2,
71925006.000000,8.320E+2,
71950006.000000,8.180E+2,
71975006.000000,7.900E+2,
72000006.000000,8.220E+2,
72025006.000000,7.950E+2,
72050006.000000,7.830E+2,
72075006.000000,8.050E+2,
72100006.000000,7.870E+2,
72125006.000000,8.280E+2,
72150006.000000,8.130E+2,
72175006.000000,7.670E+2,
72200006.000000,7.840E+2,
72225006.000000,8.320E+2,
72250006.000000,7.980E+2,
72275006.000000,8.270E+2,
72300006.000000,8.450E+2,
72325006.000000,8.380E+2,
72350006.000000,8.040E+2,
72375006.000000,8.290E+2,
72400006.000000,7.890E+2,
72425006.000000,8.040E+2,
72450006.000000,8.180E+2,
72475006.000000,7.910E+2,
72500006.000000,8.190E+2,
72525006.000000,7.520E+2,
72550006.000000,7.680E+2,
72575006.000000,7.880E+2,
72600006.000000,7.900E+2,
72625006.000000,8.070E+2,
72650006.000000,7.920E+2,
72675006.000000,7.840E+2,
72700006.000000,7.720E+2,
72725006.000000,7.900E+2,
72750006.000000,8.240E+2,
72775006.000000,7.940E+2,
72800006.000000,8.350E+2,
72825006.000000,7.650E+2,
72850006.000000,8.040E+2,
72875006.000000,8.020E+2,
72900006.000000,8.140E+2,
72925006.000000,8.130E+2,
72950006.000000,7.980E+2,
72975006.000000,8.260E+2,
73000006.000000,7.840E+2,
73025006.000000,8.250E+2,
73050006.000000,8.090E+2,
73075006.000000,7.620E+2,
73100006.000000,8.420E+2,
73125006.000000,7.930E+2,
73150006.000000,7.780E+2,
73175006.000000,7.950E+2,
73200006.000000,8.030E+2,
73225006.000000,7.870E+2,
73250006.000000,8.220E+2,
73275006.000000,7.170E+2,
73300006.000000,8.060E+2,
73325006.000000,7.770E+2,
73350006.000000,8.440E+2,
73375006.000000,7.880E+2,
73400006.000000,7.880E+2,
73425006.000000,8.080E+2,
73450006.000000,8.250E+2,
73475006.000000,8.130E+2,
73500006.000000,8.190E+2,
73525006.000000,8.440E+2,
73550006.000000,8.160E+2,
73575006.000000,8.010E+2,
73600006.000000,8.240E+2,
73625006.000000,7.500E+2,
73650006.000000,8.060E+2,
73675006.000000,7.460E+2,
73700006.000000,8.190E+2,
73725006.000000,7.990E+2,
73750006.000000,8.420E+2,
73775006.000000,8.200E+2,
73800006.000000,7.600E+2,
73825006.000000,8.120E+2,
73850006.000000,8.200E+2,
73875006.000000,7.640E+2,
73900006.000000,7.560E+2,
73925006.000000,8.090E+2,
73950006.000000,7.550E+2,
73975006.000000,7.910E+2,
74000006.000000,8.100E+2,
74025006.000000,8.170E+2,
74050006.000000,7.950E+2,
74075006.000000,8.440E+2,
74100006.000000,7.600E+2,
74125006.000000,8.120E+2,
74150006.000000,7.900E+2,
74175006.000000,8.070E+2,
74200006.000000,7.960E+2,
74225006.000000,7.690E+2,
74250006.000000,8.060E+2,
74275006.000000,7.540E+2,
74300006.000000,7.980E+2,
74325006.000000,8.310E+2,
74350006.000000,8.140E+2,
74375006.000000,7.880E+2,
74400006.000000,7.630E+2,
74425006.000000,8.030E+2,
74450006.000000,7.370E+2,
74475006.000000,7.700E+2,
74500006.000000,7.920E+2,
74525006.000000,7.670E+2,
74550006.000000,7.660E+2,
74575006.000000,7.990E+2,
74600006.000000,7.890E+2,
74625006.000000,8.230E+2,
74650006.000000,7.480E+2,
74675006.000000,8.210E+2,
74700006.000000,7.830E+2,
74725006.000000,7.740E+2,
74750006.000000,7.910E+2,
74775006.000000,7.920E+2,
74800006.000000,7.420E+2,
74825006.000000,8.280E+2,
74850006.000000,7.690E+2,
74875006.000000,7.960E+2,
74900006.000000,7.990E+2,
74925006.000000,7.690E+2,
74950006.000000,7.520E+2,
74975006.000000,8.130E+2,
75000006.000000,8.070E+2,
75025006.000000,7.780E+2,
75050006.000000,8.220E+2,
75075006.000000,8.050E+2,
75100006.000000,8.070E+2,
75125006.000000,7.460E+2,
75150006.000000,7.580E+2,
75175006.000000,7.400E+2,
75200006.000000,7.920E+2,
75225006.000000,7.500E+2,
75250006.000000,7.640E+2,
75275006.000000,7.740E+2,
75300006.000000,8.280E+2,
75325006.000000,8.060E+2,
75350006.000000,8.220E+2,
75375006.000000,7.740E+2,
75400006.000000,7.840E+2,
75425006.000000,8.160E+2,
75450006.000000,7.610E+2,
75475006.000000,8.150E+2,
75500006.000000,8.060E+2,
75525006.000000,7.680E+2,
75550006.000000,7.870E+2,
75575006.000000,7.900E+2,
75600006.000000,7.280E+2,
75625006.000000,7.660E+2,
75650006.000000,7.700E+2,
75675006.000000,8.120E+2,
75700006.000000,8.300E+2,
75725006.000000,8.080E+2,
75750006.000000,7.830E+2,
75775006.000000,8.040E+2,
75800006.000000,7.520E+2,
75825006.000000,8.430E+2,
75850006.000000,8.020E+2,
75875006.000000,8.410E+2,
75900006.000000,7.430E+2,
75925006.000000,8.510E+2,
75950006.000000,8.390E+2,
75975006.000000,7.900E+2,
76000006.000000,7.840E+2,
76025006.000000,7.550E+2,
76050006.000000,7.740E+2,
76075006.000000,7.880E+2,
76100006.000000,8.100E+2,
76125006.000000,7.310E+2,
76150006.000000,7.320E+2,
76175006.000000,7.730E+2,
76200006.000000,7.990E+2,
76225006.000000,7.750E+2,
76250006.000000,7.920E+2,
76275006.000000,8.400E+2,
76300006.000000,8.070E+2,
76325006.000000,7.380E+2,
76350006.000000,8.100E+2,
76375006.000000,8.350E+2,
76400006.000000,7.430E+2,
76425006.000000,8.360E+2,
76450006.000000,7.920E+2,
76475006.000000,7.700E+2,
76500006.000000,7.400E+2,
76525006.000000,7.840E+2,
76550006.000000,7.580E+2,
76575006.000000,7.960E+2,
76600006.000000,7.510E+2,
76625006.000000,7.650E+2,
76650006.000000,7.860E+2,
76675006.000000,7.740E+2,
76700006.000000,7.970E+2,
76725006.000000,8.030E+2,
76750006.000000,7.930E+2,
76775006.000000,8.020E+2,
76800006.000000,8.150E+2,
76825006.000000,8.040E+2,
76850006.000000,8.100E+2,
76875006.000000,7.680E+2,
76900006.000000,7.780E+2,
76925006.000000,7.640E+2,
76950006.000000,8.300E+2,
76975006.000000,7.730E+2,
77000006.000000,7.900E+2,
77025006.000000,7.670E+2,
77050006.000000,7.380E+2,
77075006.000000,8.220E+2,
77100006.000000,7.710E+2,
77125006.000000,7.250E+2,
77150006.000000,7.910E+2,
77175006.000000,8.090E+2,
77200006.000000,8.310E+2,
77225006.000000,7.820E+2,
77250006.000000,7.860E+2,
77275006.000000,7.520E+2,
77300006.000000,8.110E+2,
77325006.000000,8.200E+2,
77350006.000000,8.110E+2,
77375006.000000,7.740E+2,
77400006.000000,7.870E+2,
77425006.000000,7.600E+2,
77450006.000000,7.970E+2,
77475006.000000,7.960E+2,
77500006.000000,7.750E+2,
77525006.000000,8.220E+2,
77550006.000000,7.890E+2,
77575006.000000,7.920E+2,
77600006.000000,7.940E+2,
77625006.000000,7.310E+2,
77650006.000000,8.270E+2,
77675006.000000,7.890E+2,
77700006.000000,7.570E+2,
77725006.000000,7.600E+2,
77750006.000000,7.470E+2,
77775006.000000,7.820E+2,
77800006.000000,7.360E+2,
77825006.000000,7.330E+2,
77850006.000000,7.950E+2,
77875006.000000,7.510E+2,
77900006.000000,8.090E+2,
77925006.000000,7.350E+2,
77950006.000000,7.660E+2,
77975006.000000,8.150E+2,
78000006.000000,7.570E+2,
78025006.000000,8.170E+2,
78050006.000000,7.920E+2,
78075006.000000,8.040E+2,
78100006.000000,7.930E+2,
78125006.000000,7.620E+2,
78150006.000000,7.850E+2,
78175006.000000,7.780E+2,
78200006.000000,7.690E+2,
78225006.000000,7.960E+2,
78250006.000000,7.730E+2,
78275006.000000,8.050E+2,
78300006.000000,7.610E+2,
78325006.000000,7.580E+2,
78350006.000000,7.830E+2,
78375006.000000,7.940E+2,
78400006.000000,7.860E+2,
78425006.000000,7.520E+2,
78450006.000000,7.990E+2,
78475006.000000,7.450E+2,
78500006.000000,7.970E+2,
78525006.000000,7.280E+2,
78550006.000000,7.960E+2,
78575006.000000,7.380E+2,
78600006.000000,7.480E+2,
78625006.000000,7.850E+2,
78650006.000000,7.540E+2,
78675006.000000,7.920E+2,
78700006.000000,7.910E+2,
78725006.000000,7.500E+2,
78750006.000000,7.890E+2,
78775006.000000,7.470E+2,
78800006.000000,7.900E+2,
78825006.000000,7.440E+2,
78850006.000000,7.510E+2,
78875006.000000,7.780E+2,
78900006.000000,8.180E+2,
78925006.000000,7.990E+2,
78950006.000000,7.760E+2,
78975006.000000,7.710E+2,
79000006.000000,8.350E+2,
79025006.000000,8.040E+2,
79050006.000000,7.790E+2,
79075006.000000,7.980E+2,
79100006.000000,7.740E+2,
79125006.000000,7.500E+2,
79150006.000000,7.920E+2,
79175006.000000,7.660E+2,
79200006.000000,7.820E+2,
79225006.000000,7.710E+2,
79250006.000000,7.610E+2,
79275006.000000,8.000E+2,
79300006.000000,7.620E+2,
79325006.000000,8.030E+2,
79350006.000000,7.720E+2,
79375006.000000,7.530E+2,
79400006.000000,8.460E+2,
79425006.000000,7.340E+2,
79450006.000000,8.030E+2,
79475006.000000,8.160E+2,
79500006.000000,7.410E+2,
79525006.000000,7.530E+2,
79550006.000000,8.040E+2,
79575006.000000,7.450E+2,
79600006.000000,7.880E+2,
79625006.000000,7.510E+2,
79650006.000000,7.690E+2,
79675006.000000,7.530E+2,
79700006.000000,7.430E+2,
79725006.000000,7.650E+2,
79750006.000000,7.490E+2,
79775006.000000,7.120E+2,
79800006.000000,7.930E+2,
79825006.000000,8.140E+2,
79850006.000000,8.000E+2,
79875006.000000,7.420E+2,
79900006.000000,8.360E+2,
79925006.000000,7.630E+2,
79950006.000000,7.380E+2,
79975006.000000,7.590E+2,
80000006.000000,7.660E+2,
80025006.000000,7.700E+2,
80050006.000000,7.800E+2,
80075006.000000,7.770E+2,
80100006.000000,8.060E+2,
80125006.000000,7.750E+2,
80150006.000000,7.600E+2,
80175006.000000,7.680E+2,
80200006.000000,7.440E+2,
80225006.000000,7.820E+2,
80250006.000000,7.550E+2,
80275006.000000,7.350E+2,
80300006.000000,7.880E+2,
80325006.000000,7.460E+2,
80350006.000000,7.340E+2,
80375006.000000,7.660E+2,
80400006.000000,7.490E+2,
80425006.000000,7.940E+2,
80450006.000000,7.460E+2,
80475006.000000,8.300E+2,
80500006.000000,8.280E+2,
80525006.000000,7.870E+2,
80550006.000000,7.830E+2,
80575006.000000,7.770E+2,
80600006.000000,8.080E+2,
80625006.000000,7.700E+2,
80650006.000000,7.660E+2,
80675006.000000,7.930E+2,
80700006.000000,7.530E+2,
80725006.000000,8.130E+2,
80750006.000000,7.260E+2,
80775006.000000,7.400E+2,
80800006.000000,7.300E+2,
80825006.000000,7.670E+2,
80850006.000000,7.520E+2,
80875006.000000,7.380E+2,
80900006.000000,7.480E+2,
80925006.000000,7.820E+2,
80950006.000000,7.250E+2,
80975006.000000,7.510E+2,
81000006.000000,7.050E+2,
81025006.000000,7.850E+2,
81050006.000000,8.020E+2,
81075006.000000,7.870E+2,
81100006.000000,8.140E+2,
81125006.000000,8.050E+2,
81150006.000000,7.700E+2,
81175006.000000,7.460E+2,
81200006.000000,8.090E+2,
81225006.000000,7.410E+2,
81250006.000000,7.500E+2,
81275006.000000,8.040E+2,
81300006.000000,7.840E+2,
81325006.000000,7.420E+2,
81350006.000000,7.640E+2,
81375006.000000,7.890E+2,
81400006.000000,7.490E+2,
81425006.000000,7.690E+2,
81450006.000000,8.050E+2,
81475006.000000,7.700E+2,
81500006.000000,7.640E+2,
81525006.000000,8.020E+2,
81550006.000000,7.390E+2,
81575006.000000,7.710E+2,
81600006.000000,7.620E+2,
81625006.000000,7.820E+2,
81650006.000000,7.570E+2,
81675006.000000,8.100E+2,
81700006.000000,8.110E+2,
81725006.000000,7.540E+2,
81750006.000000,7.540E+2,
81775006.000000,7.860E+2,
81800006.000000,7.530E+2,
81825006.000000,7.650E+2,
81850006.000000,7.600E+2,
81875006.000000,7.850E+2,
81900006.000000,7.610E+2,
81925006.000000,7.430E+2,
81950006.000000,7.840E+2,
81975006.000000,7.770E+2,
82000006.000000,7.540E+2,
82025006.000000,7.680E+2,
82050006.000000,7.640E+2,
82075006.000000,8.080E+2,
82100006.000000,7.380E+2,
82125006.000000,8.000E+2,
82150006.000000,7.760E+2,
82175006.000000,7.250E+2,
82200006.000000,7.400E+2,
82225006.000000,7.400E+2,
82250006.000000,7.600E+2,
82275006.000000,7.280E+2,
82300006.000000,8.000E+2,
82325006.000000,8.060E+2,
82350006.000000,7.900E+2,
82375006.000000,7.760E+2,
82400006.000000,7.490E+2,
82425006.000000,8.050E+2,
82450006.000000,7.840E+2,
82475006.000000,7.720E+2,
82500006.000000,6.970E+2,
82525006.000000,7.660E+2,
82550006.000000,7.790E+2,
82575006.000000,7.450E+2,
82600006.000000,7.680E+2,
82625006.000000,7.690E+2,
82650006.000000,7.770E+2,
82675006.000000,7.070E+2,
82700006.000000,7.800E+2,
82725006.000000,8.320E+2,
82750006.000000,7.700E+2,
82775006.000000,7.390E+2,
82800006.000000,7.230E+2,
82825006.000000,8.100E+2,
82850006.000000,7.680E+2,
82875006.000000,7.720E+2,
82900006.000000,7.660E+2,
82925006.000000,7.760E+2,
82950006.000000,7.410E+2,
82975006.000000,7.970E+2,
83000006.000000,7.850E+2,
83025006.000000,7.540E+2,
83050006.000000,7.730E+2,
83075006.000000,7.970E+2,
83100006.000000,7.220E+2,
83125006.000000,7.460E+2,
83150006.000000,7.970E+2,
83175006.000000,7.630E+2,
83200007.000000,7.320E+2,
83225007.000000,7.550E+2,
83250007.000000,7.280E+2,
83275007.000000,8.040E+2,
83300007.000000,7.140E+2,
83325007.000000,7.320E+2,
83350007.000000,7.490E+2,
83375007.000000,7.870E+2,
83400007.000000,7.570E+2,
83425007.000000,7.690E+2,
83450007.000000,7.430E+2,
83475007.000000,7.740E+2,
83500007.000000,8.160E+2,
83525007.000000,7.930E+2,
83550007.000000,7.440E+2,
83575007.000000,7.260E+2,
83600007.000000,7.580E+2,
83625007.000000,7.760E+2,
83650007.000000,7.960E+2,
83675007.000000,7.420E+2,
83700007.000000,8.240E+2,
83725007.000000,7.820E+2,
83750007.000000,7.810E+2,
83775007.000000,7.860E+2,
83800007.000000,7.580E+2,
83825007.000000,7.650E+2,
83850007.000000,7.440E+2,
83875007.000000,7.140E+2,
83900007.000000,7.210E+2,
83925007.000000,7.650E+2,
83950007.000000,7.780E+2,
83975007.000000,7.140E+2,
84000007.000000,7.440E+2,
84025007.000000,7.700E+2,
84050007.000000,7.580E+2,
84075007.000000,7.380E+2,
84100007.000000,7.600E+2,
84125007.000000,7.490E+2,
84150007.000000,7.660E+2,
84175007.000000,7.070E+2,
84200007.000000,7.790E+2,
84225007.000000,7.350E+2,
84250007.000000,7.300E+2,
84275007.000000,7.070E+2,
84300007.000000,7.400E+2,
84325007.000000,7.640E+2,
84350007.000000,7.000E+2,
84375007.000000,7.300E+2,
84400007.000000,7.450E+2,
84425007.000000,7.180E+2,
84450007.000000,7.700E+2,
84475007.000000,7.250E+2,
84500007.000000,7.580E+2,
84525007.000000,7.660E+2,
84550007.000000,7.300E+2,
84575007.000000,7.890E+2,
84600007.000000,7.630E+2,
84625007.000000,7.700E+2,
84650007.000000,7.630E+2,
84675007.000000,7.420E+2,
84700007.000000,7.570E+2,
84725007.000000,7.430E+2,
84750007.000000,7.440E+2,
84775007.000000,7.380E+2,
84800007.000000,7.200E+2,
84825007.000000,7.180E+2,
84850007.000000,7.910E+2,
84875007.000000,7.370E+2,
84900007.000000,7.620E+2,
84925007.000000,7.340E+2,
84950007.000000,7.150E+2,
84975007.000000,7.510E+2,
85000007.000000,7.400E+2,
85025007.000000,7.400E+2,
85050007.000000,7.640E+2,
85075007.000000,7.690E+2,
85100007.000000,7.540E+2,
85125007.000000,7.850E+2,
85150007.000000,7.340E+2,
85175007.000000,7.430E+2,
85200007.000000,7.920E+2,
85225007.000000,8.290E+2,
85250007.000000,7.390E+2,
85275007.000000,7.670E+2,
85300007.000000,7.860E+2,
85325007.000000,7.700E+2,
85350007.000000,7.880E+2,
85375007.000000,8.030E+2,
85400007.000000,7.460E+2,
85425007.000000,7.740E+2,
85450007.000000,7.960E+2,
85475007.000000,7.600E+2,
85500007.000000,7.790E+2,
85525007.000000,7.450E+2,
85550007.000000,7.540E+2,
85575007.000000,8.100E+2,
85600007.000000,7.480E+2,
85625007.000000,7.480E+2,
85650007.000000,7.690E+2,
85675007.000000,7.290E+2,
85700007.000000,7.250E+2,
85725007.000000,7.710E+2,
85750007.000000,7.970E+2,
85775007.000000,7.320E+2,
85800007.000000,7.810E+2,
85825007.000000,7.590E+2,
85850007.000000,7.340E+2,
85875007.000000,7.610E+2,
85900007.000000,8.090E+2,
85925007.000000,7.410E+2,
85950007.000000,7.450E+2,
85975007.000000,7.360E+2,
86000007.000000,7.400E+2,
86025007.000000,7.580E+2,
86050007.000000,7.590E+2,
86075007.000000,7.830E+2,
86100007.000000,7.910E+2,
86125007.000000,7.400E+2,
86150007.000000,7.230E+2,
86175007.000000,7.980E+2,
86200007.000000,7.650E+2,
86225007.000000,7.940E+2,
86250007.000000,7.750E+2,
86275007.000000,7.420E+2,
86300007.000000,7.310E+2,
86325007.000000,7.690E+2,
86350007.000000,8.230E+2,
86375007.000000,8.180E+2,
86400007.000000,7.540E+2,
86425007.000000,7.490E+2,
86450007.000000,7.620E+2,
86475007.000000,7.150E+2,
86500007.000000,7.120E+2,
86525007.000000,7.780E+2,
86550007.000000,7.470E+2,
86575007.000000,7.450E+2,
86600007.000000,6.970E+2,
86625007.000000,7.500E+2,
86650007.000000,7.730E+2,
86675007.000000,7.410E+2,
86700007.000000,7.460E+2,
86725007.000000,7.530E+2,
86750007.000000,7.250E+2,
86775007.000000,7.470E+2,
86800007.000000,7.480E+2,
86825007.000000,7.370E+2,
86850007.000000,8.040E+2,
86875007.000000,7.620E+2,
86900007.000000,7.550E+2,
86925007.000000,7.320E+2,
86950007.000000,7.340E+2,
86975007.000000,7.740E+2,
87000007.000000,7.710E+2,
87025007.000000,7.480E+2,
87050007.000000,7.650E+2,
87075007.000000,7.490E+2,
87100007.000000,7.590E+2,
87125007.000000,8.180E+2,
87150007.000000,7.570E+2,
87175007.000000,7.710E+2,
87200007.000000,7.250E+2,
87225007.000000,7.770E+2,
87250007.000000,7.940E+2,
87275007.000000,7.350E+2,
87300007.000000,8.020E+2,
87325007.000000,7.460E+2,
87350007.000000,8.200E+2,
87375007.000000,7.750E+2,
87400007.000000,7.900E+2,
87425007.000000,7.770E+2,
87450007.000000,7.200E+2,
87475007.000000,7.490E+2,
87500007.000000,7.590E+2,
87525007.000000,7.590E+2,
87550007.000000,7.380E+2,
87575007.000000,7.700E+2,
87600007.000000,7.480E+2,
87625007.000000,7.790E+2,
87650007.000000,7.600E+2,
87675007.000000,7.340E+2,
87700007.000000,7.480E+2,
87725007.000000,7.330E+2,
87750007.000000,7.880E+2,
87775007.000000,7.300E+2,
87800007.000000,7.770E+2,
87825007.000000,7.250E+2,
87850007.000000,7.440E+2,
87875007.000000,7.220E+2,
87900007.000000,7.630E+2,
87925007.000000,7.640E+2,
87950007.000000,7.690E+2,
87975007.000000,7.450E+2,
88000007.000000,7.200E+2,
88025007.000000,7.730E+2,
88050007.000000,7.820E+2,
88075007.000000,7.500E+2,
88100007.000000,7.230E+2,
88125007.000000,7.620E+2,
88150007.000000,8.010E+2,
88175007.000000,7.200E+2,
88200007.000000,7.240E+2,
88225007.000000,7.800E+2,
88250007.000000,7.750E+2,
88275007.000000,7.330E+2,
88300007.000000,7.480E+2,
88325007.000000,7.590E+2,
88350007.000000,7.450E+2,
88375007.000000,7.490E+2,
88400007.000000,7.460E+2,
88425007.000000,7.270E+2,
88450007.000000,7.770E+2,
88475007.000000,7.470E+2,
88500007.000000,7.360E+2,
88525007.000000,8.070E+2,
88550007.000000,7.290E+2,
88575007.000000,7.390E+2,
88600007.000000,7.330E+2,
88625007.000000,7.550E+2,
88650007.000000,8.240E+2,
88675007.000000,7.590E+2,
88700007.000000,7.420E+2,
88725007.000000,7.300E+2,
88750007.000000,7.320E+2,
88775007.000000,7.460E+2,
88800007.000000,7.620E+2,
88825007.000000,7.450E+2,
88850007.000000,7.350E+2,
88875007.000000,8.330E+2,
88900007.000000,7.540E+2,
88925007.000000,7.050E+2,
88950007.000000,7.240E+2,
88975007.000000,8.100E+2,
89000007.000000,7.240E+2,
89025007.000000,7.260E+2,
89050007.000000,7.410E+2,
89075007.000000,7.600E+2,
89100007.000000,7.420E+2,
89125007.000000,7.590E+2,
89150007.000000,7.830E+2,
89175007.000000,7.500E+2,
89200007.000000,7.180E+2,
89225007.000000,7.140E+2,
89250007.000000,7.640E+2,
89275007.000000,7.230E+2,
89300007.000000,7.500E+2,
89325007.000000,7.210E+2,
89350007.000000,7.640E+2,
89375007.000000,7.860E+2,
89400007.000000,7.520E+2,
89425007.000000,7.340E+2,
89450007.000000,7.520E+2,
89475007.000000,7.730E+2,
89500007.000000,7.630E+2,
89525007.000000,7.210E+2,
89550007.000000,7.780E+2,
89575007.000000,7.170E+2,
89600007.000000,7.840E+2,
89625007.000000,7.150E+2,
89650007.000000,7.440E+2,
89675007.000000,7.750E+2,
89700007.000000,7.490E+2,
89725007.000000,7.240E+2,
89750007.000000,7.850E+2,
89775007.000000,7.800E+2,
89800007.000000,7.880E+2,
89825007.000000,7.450E+2,
89850007.000000,7.980E+2,
89875007.000000,6.980E+2,
89900007.000000,7.400E+2,
89925007.000000,7.130E+2,
89950007.000000,7.740E+2,
89975007.000000,7.130E+2,
90000007.000000,7.110E+2,
90025007.000000,7.950E+2,
90050007.000000,7.640E+2,
90075007.000000,7.550E+2,
90100007.000000,7.420E+2,
90125007.000000,6.840E+2,
90150007.000000,7.330E+2,
90175007.000000,7.680E+2,
90200007.000000,7.280E+2,
90225007.000000,7.360E+2,
90250007.000000,7.770E+2,
90275007.000000,7.590E+2,
90300007.000000,7.050E+2,
90325007.000000,7.060E+2,
90350007.000000,7.800E+2,
90375007.000000,8.010E+2,
90400007.000000,7.210E+2,
90425007.000000,7.480E+2,
90450007.000000,7.470E+2,
90475007.000000,7.850E+2,
90500007.000000,7.420E+2,
90525007.000000,7.990E+2,
90550007.000000,7.380E+2,
90575007.000000,7.470E+2,
90600007.000000,7.890E+2,
90625007.000000,6.960E+2,
90650007.000000,7.400E+2,
90675007.000000,7.170E+2,
90700007.000000,7.040E+2,
90725007.000000,7.340E+2,
90750007.000000,7.620E+2,
90775007.000000,7.830E+2,
90800007.000000,7.550E+2,
90825007.000000,7.850E+2,
90850007.000000,7.440E+2,
90875007.000000,7.670E+2,
90900007.000000,7.100E+2,
90925007.000000,7.280E+2,
90950007.000000,6.820E+2,
90975007.000000,7.020E+2,
91000007.000000,7.780E+2,
91025007.000000,7.200E+2,
91050007.000000,7.670E+2,
91075007.000000,7.850E+2,
91100007.000000,7.690E+2,
91125007.000000,7.370E+2,
91150007.000000,7.530E+2,
91175007.000000,7.410E+2,
91200007.000000,7.180E+2,
91225007.000000,7.530E+2,
91250007.000000,7.550E+2,
91275007.000000,7.630E+2,
91300007.000000,7.730E+2,
91325007.000000,7.540E+2,
91350007.000000,7.440E+2,
91375007.000000,7.850E+2,
91400007.000000,7.460E+2,
91425007.000000,7.490E+2,
91450007.000000,7.400E+2,
91475007.000000,7.480E+2,
91500007.000000,7.320E+2,
91525007.000000,7.550E+2,
91550007.000000,7.980E+2,
91575007.000000,7.140E+2,
91600007.000000,7.130E+2,
91625007.000000,7.260E+2,
91650007.000000,7.500E+2,
91675007.000000,7.240E+2,
91700007.000000,7.330E+2,
91725007.000000,7.030E+2,
91750007.000000,7.890E+2,
91775007.000000,7.330E+2,
91800007.000000,7.750E+2,
91825007.000000,7.110E+2,
91850007.000000,7.050E+2,
91875007.000000,7.570E+2,
91900007.000000,7.800E+2,
91925007.000000,7.650E+2,
91950007.000000,7.470E+2,
91975007.000000,7.800E+2,
92000007.000000,7.470E+2,
92025007.000000,7.480E+2,
92050007.000000,7.340E+2,
92075007.000000,7.160E+2,
92100007.000000,7.280E+2,
92125007.000000,7.500E+2,
92150007.000000,7.700E+2,
92175007.000000,7.830E+2,
92200007.000000,7.670E+2,
92225007.000000,7.600E+2,
92250007.000000,7.660E+2,
92275007.000000,7.700E+2,
92300007.000000,7.110E+2,
92325007.000000,7.280E+2,
92350007.000000,7.330E+2,
92375007.000000,7.220E+2,
92400007.000000,7.630E+2,
92425007.000000,7.600E+2,
92450007.000000,7.470E+2,
92475007.000000,7.480E+2,
92500007.000000,7.440E+2,
92525007.000000,6.910E+2,
92550007.000000,7.270E+2,
92575007.000000,7.280E+2,
92600007.000000,7.850E+2,
92625007.000000,7.730E+2,
92650007.000000,7.240E+2,
92675007.000000,7.130E+2,
92700007.000000,7.650E+2,
92725007.000000,6.980E+2,
92750007.000000,7.680E+2,
92775007.000000,8.040E+2,
92800007.000000,7.540E+2,
92825007.000000,7.290E+2,
92850007.000000,7.970E+2,
92875007.000000,7.700E+2,
92900007.000000,7.370E+2,
92925007.000000,6.850E+2,
92950007.000000,7.310E+2,
92975007.000000,7.580E+2,
93000007.000000,7.170E+2,
93025007.000000,7.740E+2,
93050007.000000,7.100E+2,
93075007.000000,7.510E+2,
93100007.000000,7.460E+2,
93125007.000000,7.870E+2,
93150007.000000,7.610E+2,
93175007.000000,7.760E+2,
93200007.000000,7.700E+2,
93225007.000000,7.240E+2,
93250007.000000,7.410E+2,
93275007.000000,7.610E+2,
93300007.000000,7.610E+2,
93325007.000000,7.320E+2,
93350007.000000,7.190E+2,
93375007.000000,7.730E+2,
93400007.000000,7.670E+2,
93425007.000000,7.370E+2,
93450007.000000,7.580E+2,
93475007.000000,7.010E+2,
93500007.000000,7.700E+2,
93525007.000000,7.510E+2,
93550007.000000,7.490E+2,
93575007.000000,7.260E+2,
93600007.000000,7.840E+2,
93625007.000000,7.230E+2,
93650007.000000,7.330E+2,
93675007.000000,7.130E+2,
93700007.000000,7.300E+2,
93725007.000000,7.320E+2,
93750007.000000,7.480E+2,
93775007.000000,7.670E+2,
93800007.000000,7.660E+2,
93825007.000000,7.460E+2,
93850007.000000,7.520E+2,
93875007.000000,7.100E+2,
93900007.000000,7.560E+2,
93925007.000000,7.400E+2,
93950007.000000,7.500E+2,
93975007.000000,7.160E+2,
94000007.000000,7.650E+2,
94025007.000000,7.260E+2,
94050007.000000,7.450E+2,
94075007.000000,7.410E+2,
94100007.000000,7.230E+2,
94125007.000000,7.110E+2,
94150007.000000,7.360E+2,
94175007.000000,7.700E+2,
94200007.000000,7.340E+2,
94225007.000000,6.850E+2,
94250007.000000,7.450E+2,
94275007.000000,7.520E+2,
94300007.000000,7.380E+2,
94325007.000000,7.200E+2,
94350007.000000,7.560E+2,
94375007.000000,7.720E+2,
94400007.000000,7.280E+2,
94425007.000000,7.780E+2,
94450007.000000,7.020E+2,
94475007.000000,8.100E+2,
94500007.000000,7.490E+2,
94525007.000000,7.570E+2,
94550007.000000,7.790E+2,
94575007.000000,7.800E+2,
94600007.000000,7.410E+2,
94625007.000000,7.280E+2,
94650007.000000,7.780E+2,
94675007.000000,7.490E+2,
94700007.000000,7.080E+2,
94725007.000000,7.430E+2,
94750007.000000,7.390E+2,
94775007.000000,7.300E+2,
94800007.000000,7.030E+2,
94825007.000000,7.750E+2,
94850007.000000,7.440E+2,
94875007.000000,7.240E+2,
94900007.000000,7.240E+2,
94925007.000000,7.650E+2,
94950007.000000,7.880E+2,
94975007.000000,7.340E+2,
95000007.000000,6.770E+2,
95025007.000000,7.610E+2,
95050007.000000,7.030E+2,
95075007.000000,6.780E+2,
95100007.000000,7.370E+2,
95125007.000000,7.610E+2,
95150007.000000,7.870E+2,
95175007.000000,7.150E+2,
95200007.000000,7.560E+2,
95225007.000000,7.140E+2,
95250007.000000,7.830E+2,
95275007.000000,7.090E+2,
95300007.000000,7.120E+2,
95325007.000000,7.380E+2,
95350007.000000,7.180E+2,
95375007.000000,7.410E+2,
95400007.000000,6.980E+2,
95425007.000000,7.220E+2,
95450007.000000,7.050E+2,
95475007.000000,7.630E+2,
95500007.000000,7.750E+2,
95525007.000000,7.600E+2,
95550007.000000,7.070E+2,
95575007.000000,6.870E+2,
95600007.000000,7.580E+2,
95625007.000000,7.090E+2,
95650007.000000,7.490E+2,
95675007.000000,7.360E+2,
95700007.000000,7.070E+2,
95725007.000000,7.120E+2,
95750007.000000,7.470E+2,
95775007.000000,7.110E+2,
95800007.000000,7.880E+2,
95825007.000000,7.000E+2,
95850007.000000,7.520E+2,
95875007.000000,7.400E+2,
95900007.000000,7.830E+2,
95925007.000000,7.650E+2,
95950007.000000,7.590E+2,
95975007.000000,7.290E+2,
96000008.000000,7.430E+2,
96025008.000000,7.430E+2,
96050008.000000,7.860E+2,
96075008.000000,7.370E+2,
96100008.000000,7.250E+2,
96125008.000000,7.310E+2,
96150008.000000,7.370E+2,
96175008.000000,7.300E+2,
96200008.000000,7.780E+2,
96225008.000000,8.080E+2,
96250008.000000,7.530E+2,
96275008.000000,7.100E+2,
96300008.000000,7.580E+2,
96325008.000000,6.900E+2,
96350008.000000,6.980E+2,
96375008.000000,7.290E+2,
96400008.000000,7.280E+2,
96425008.000000,7.040E+2,
96450008.000000,7.310E+2,
96475008.000000,7.160E+2,
96500008.000000,7.350E+2,
96525008.000000,7.380E+2,
96550008.000000,7.570E+2,
96575008.000000,7.180E+2,
96600008.000000,7.520E+2,
96625008.000000,7.530E+2,
96650008.000000,7.830E+2,
96675008.000000,7.500E+2,
96700008.000000,7.140E+2,
96725008.000000,7.630E+2,
96750008.000000,7.370E+2,
96775008.000000,7.350E+2,
96800008.000000,6.980E+2,
96825008.000000,7.780E+2,
96850008.000000,7.080E+2,
96875008.000000,7.590E+2,
96900008.000000,7.490E+2,
96925008.000000,7.110E+2,
96950008.000000,7.290E+2,
96975008.000000,7.280E+2,
97000008.000000,7.040E+2,
97025008.000000,7.280E+2,
97050008.000000,7.520E+2,
97075008.000000,7.510E+2,
97100008.000000,7.400E+2,
97125008.000000,7.100E+2,
97150008.000000,7.280E+2,
97175008.000000,8.070E+2,
97200008.000000,7.270E+2,
97225008.000000,7.450E+2,
97250008.000000,7.510E+2,
97275008.000000,7.250E+2,
97300008.000000,7.210E+2,
97325008.000000,7.660E+2,
97350008.000000,7.220E+2,
97375008.000000,7.350E+2,
97400008.000000,7.560E+2,
97425008.000000,7.550E+2,
97450008.000000,7.670E+2,
97475008.000000,7.720E+2,
97500008.000000,7.460E+2,
97525008.000000,7.740E+2,
97550008.000000,7.430E+2,
97575008.000000,7.310E+2,
97600008.000000,7.350E+2,
97625008.000000,7.220E+2,
97650008.000000,6.990E+2,
97675008.000000,7.280E+2,
97700008.000000,7.570E+2,
97725008.000000,7.100E+2,
97750008.000000,7.720E+2,
97775008.000000,7.190E+2,
97800008.000000,7.530E+2,
97825008.000000,7.830E+2,
97850008.000000,7.270E+2,
97875008.000000,7.540E+2,
97900008.000000,7.360E+2,
97925008.000000,7.470E+2,
97950008.000000,7.390E+2,
97975008.000000,7.130E+2,
98000008.000000,7.560E+2,
98025008.000000,7.040E+2,
98050008.000000,7.460E+2,
98075008.000000,7.310E+2,
98100008.000000,7.320E+2,
98125008.000000,7.730E+2,
98150008.000000,7.710E+2,
98175008.000000,7.030E+2,
98200008.000000,7.070E+2,
98225008.000000,6.940E+2,
98250008.000000,7.360E+2,
98275008.000000,7.000E+2,
98300008.000000,7.660E+2,
98325008.000000,6.890E+2,
98350008.000000,7.320E+2,
98375008.000000,7.230E+2,
98400008.000000,7.510E+2,
98425008.000000,7.330E+2,
98450008.000000,7.910E+2,
98475008.000000,7.820E+2,
98500008.000000,7.770E+2,
98525008.000000,7.520E+2,
98550008.000000,7.140E+2,
98575008.000000,7.120E+2,
98600008.000000,7.490E+2,
98625008.000000,7.430E+2,
98650008.000000,7.060E+2,
98675008.000000,7.840E+2,
98700008.000000,6.950E+2,
98725008.000000,7.760E+2,
98750008.000000,7.100E+2,
98775008.000000,6.860E+2,
98800008.000000,7.060E+2,
98825008.000000,6.970E+2,
98850008.000000,7.560E+2,
98875008.000000,7.230E+2,
98900008.000000,7.240E+2,
98925008.000000,7.640E+2,
98950008.000000,7.410E+2,
98975008.000000,7.510E+2,
99000008.000000,7.000E+2,
99025008.000000,7.450E+2,
99050008.000000,7.320E+2,
99075008.000000,7.360E+2,
99100008.000000,7.210E+2,
99125008.000000,7.280E+2,
99150008.000000,6.910E+2,
99175008.000000,7.740E+2,
99200008.000000,7.760E+2,
99225008.000000,7.900E+2,
99250008.000000,7.400E+2,
99275008.000000,7.210E+2,
99300008.000000,7.400E+2,
99325008.000000,7.850E+2,
99350008.000000,6.840E+2,
99375008.000000,7.690E+2,
99400008.000000,7.320E+2,
99425008.000000,7.240E+2,
99450008.000000,7.230E+2,
99475008.000000,6.840E+2,
99500008.000000,7.340E+2,
99525008.000000,7.400E+2,
99550008.000000,7.440E+2,
99575008.000000,7.330E+2,
99600008.000000,7.450E+2,
99625008.000000,7.190E+2,
99650008.000000,7.360E+2,
99675008.000000,7.350E+2,
99700008.000000,7.550E+2,
99725008.000000,7.490E+2,
99750008.000000,6.960E+2,
99775008.000000,7.380E+2,
99800008.000000,7.150E+2,
99825008.000000,7.060E+2,
99850008.000000,7.370E+2,
99875008.000000,7.140E+2,
99900008.000000,7.700E+2,
99925008.000000,6.950E+2,
99950008.000000,7.210E+2,
99975008.000000,7.500E+2,
