100ms pump

Labels,Decay55 Cropped,Decay55 CroppedF1,Decay55 CroppedF1R,
Type,Time Scan,Exponential Fit Time Scan,Weighted Residuals Time Scan,
Comment,,,,
Start,1.2E08,1.204E008,1.204E008,
Stop,3.996E008,3.996E008,3.996E008,
Step,4E05,4E05,4E05,
Fixed/Offset, , , ,
XAxis,Time,Time,Time,
YAxis,Counts,Counts,Counts,

1.2E08,2.362E+5, , ,
1.204E008,2.314E+5,2.391E+5,-1.599E+1,
1.208E008,2.258E+5,2.324E+5,-1.384E+1,
1.212E008,2.199E+5,2.260E+5,-1.300E+1,
1.216E008,2.140E+5,2.197E+5,-1.225E+1,
1.22E08,2.087E+5,2.136E+5,-1.073E+1,
1.224E008,2.038E+5,2.077E+5,-8.506E+0,
1.228E008,1.983E+5,2.019E+5,-8.062E+0,
1.232E008,1.934E+5,1.963E+5,-6.607E+0,
1.236E008,1.889E+5,1.909E+5,-4.446E+0,
1.24E08,1.851E+5,1.856E+5,-1.247E+0,
1.244E008,1.796E+5,1.805E+5,-2.130E+0,
1.248E008,1.743E+5,1.755E+5,-2.908E+0,
1.252E008,1.706E+5,1.706E+5,-5.281E-2,
1.256E008,1.661E+5,1.659E+5,4.696E-1,
1.26E08,1.625E+5,1.614E+5,2.831E+0,
1.264E008,1.578E+5,1.569E+5,2.237E+0,
1.268E008,1.536E+5,1.526E+5,2.596E+0,
1.272E008,1.490E+5,1.484E+5,1.587E+0,
1.276E008,1.451E+5,1.443E+5,1.975E+0,
1.28E08,1.417E+5,1.403E+5,3.696E+0,
1.284E008,1.375E+5,1.365E+5,2.671E+0,
1.288E008,1.338E+5,1.328E+5,2.974E+0,
1.292E008,1.311E+5,1.291E+5,5.428E+0,
1.296E008,1.279E+5,1.256E+5,6.465E+0,
1.3E08,1.238E+5,1.222E+5,4.656E+0,
1.304E008,1.211E+5,1.188E+5,6.689E+0,
1.308E008,1.177E+5,1.156E+5,6.086E+0,
1.312E008,1.140E+5,1.124E+5,4.804E+0,
1.316E008,1.117E+5,1.094E+5,7.016E+0,
1.32E08,1.084E+5,1.064E+5,6.144E+0,
1.324E008,1.058E+5,1.035E+5,7.115E+0,
1.328E008,1.027E+5,1.007E+5,6.397E+0,
1.332E008,9.999E+4,9.796E+4,6.395E+0,
1.336E008,9.702E+4,9.531E+4,5.465E+0,
1.34E08,9.496E+4,9.274E+4,7.219E+0,
1.344E008,9.222E+4,9.023E+4,6.542E+0,
1.348E008,8.969E+4,8.780E+4,6.298E+0,
1.352E008,8.714E+4,8.544E+4,5.755E+0,
1.356E008,8.513E+4,8.314E+4,6.829E+0,
1.36E08,8.229E+4,8.091E+4,4.815E+0,
1.364E008,8.038E+4,7.874E+4,5.783E+0,
1.368E008,7.830E+4,7.663E+4,5.957E+0,
1.372E008,7.654E+4,7.459E+4,7.075E+0,
1.376E008,7.415E+4,7.260E+4,5.706E+0,
1.38E08,7.188E+4,7.066E+4,4.517E+0,
1.384E008,6.974E+4,6.879E+4,3.614E+0,
1.388E008,6.849E+4,6.696E+4,5.830E+0,
1.392E008,6.672E+4,6.519E+4,5.941E+0,
1.396E008,6.430E+4,6.346E+4,3.293E+0,
1.4E08,6.317E+4,6.179E+4,5.489E+0,
1.404E008,6.112E+4,6.016E+4,3.891E+0,
1.408E008,5.972E+4,5.858E+4,4.673E+0,
1.412E008,5.809E+4,5.704E+4,4.322E+0,
1.416E008,5.635E+4,5.555E+4,3.351E+0,
1.42E08,5.513E+4,5.410E+4,4.400E+0,
1.424E008,5.336E+4,5.269E+4,2.917E+0,
1.428E008,5.189E+4,5.132E+4,2.518E+0,
1.432E008,5.084E+4,4.999E+4,3.777E+0,
1.436E008,4.957E+4,4.870E+4,3.943E+0,
1.44E08,4.811E+4,4.744E+4,3.052E+0,
1.444E008,4.668E+4,4.622E+4,2.118E+0,
1.448E008,4.513E+4,4.503E+4,4.622E-1,
1.452E008,4.401E+4,4.388E+4,6.109E-1,
1.456E008,4.311E+4,4.276E+4,1.683E+0,
1.46E08,4.222E+4,4.167E+4,2.697E+0,
1.464E008,4.074E+4,4.061E+4,6.089E-1,
1.468E008,3.966E+4,3.958E+4,3.855E-1,
1.472E008,3.887E+4,3.859E+4,1.448E+0,
1.476E008,3.778E+4,3.761E+4,8.594E-1,
1.48E08,3.666E+4,3.667E+4,-8.843E-2,
1.484E008,3.562E+4,3.576E+4,-7.025E-1,
1.488E008,3.520E+4,3.487E+4,1.763E+0,
1.492E008,3.428E+4,3.400E+4,1.528E+0,
1.496E008,3.326E+4,3.316E+4,5.358E-1,
1.5E08,3.198E+4,3.234E+4,-2.004E+0,
1.504E008,3.112E+4,3.155E+4,-2.458E+0,
1.508E008,3.056E+4,3.078E+4,-1.249E+0,
1.512E008,2.995E+4,3.003E+4,-4.437E-1,
1.516E008,2.942E+4,2.930E+4,7.025E-1,
1.52E08,2.860E+4,2.859E+4,5.998E-2,
1.524E008,2.787E+4,2.790E+4,-2.170E-1,
1.528E008,2.692E+4,2.724E+4,-1.951E+0,
1.532E008,2.636E+4,2.659E+4,-1.403E+0,
1.536E008,2.582E+4,2.596E+4,-8.709E-1,
1.54E08,2.502E+4,2.534E+4,-2.073E+0,
1.544E008,2.477E+4,2.475E+4,1.255E-1,
1.548E008,2.423E+4,2.417E+4,3.633E-1,
1.552E008,2.306E+4,2.361E+4,-3.616E+0,
1.556E008,2.258E+4,2.306E+4,-3.191E+0,
1.56E08,2.242E+4,2.253E+4,-6.978E-1,
1.564E008,2.168E+4,2.201E+4,-2.265E+0,
1.568E008,2.115E+4,2.151E+4,-2.511E+0,
1.572E008,2.058E+4,2.102E+4,-3.129E+0,
1.576E008,2.030E+4,2.055E+4,-1.744E+0,
1.58E08,1.988E+4,2.009E+4,-1.521E+0,
1.584E008,1.924E+4,1.964E+4,-2.938E+0,
1.588E008,1.905E+4,1.921E+4,-1.160E+0,
1.592E008,1.831E+4,1.879E+4,-3.503E+0,
1.596E008,1.802E+4,1.838E+4,-2.637E+0,
1.6E08,1.759E+4,1.798E+4,-2.967E+0,
1.604E008,1.739E+4,1.759E+4,-1.503E+0,
1.608E008,1.663E+4,1.722E+4,-4.568E+0,
1.612E008,1.653E+4,1.685E+4,-2.484E+0,
1.616E008,1.602E+4,1.649E+4,-3.722E+0,
1.62E08,1.585E+4,1.615E+4,-2.407E+0,
1.624E008,1.555E+4,1.581E+4,-2.138E+0,
1.628E008,1.505E+4,1.549E+4,-3.534E+0,
1.632E008,1.472E+4,1.517E+4,-3.691E+0,
1.636E008,1.436E+4,1.486E+4,-4.224E+0,
1.64E08,1.399E+4,1.456E+4,-4.828E+0,
1.644E008,1.381E+4,1.427E+4,-3.970E+0,
1.648E008,1.351E+4,1.399E+4,-4.131E+0,
1.652E008,1.326E+4,1.372E+4,-3.994E+0,
1.656E008,1.320E+4,1.345E+4,-2.187E+0,
1.66E08,1.271E+4,1.319E+4,-4.241E+0,
1.664E008,1.245E+4,1.294E+4,-4.424E+0,
1.668E008,1.239E+4,1.269E+4,-2.730E+0,
1.672E008,1.229E+4,1.246E+4,-1.536E+0,
1.676E008,1.172E+4,1.223E+4,-4.639E+0,
1.68E08,1.145E+4,1.200E+4,-5.187E+0,
1.684E008,1.160E+4,1.178E+4,-1.717E+0,
1.688E008,1.103E+4,1.157E+4,-5.171E+0,
1.692E008,1.090E+4,1.137E+4,-4.465E+0,
1.696E008,1.081E+4,1.117E+4,-3.444E+0,
1.7E08,1.067E+4,1.097E+4,-2.882E+0,
1.704E008,1.054E+4,1.078E+4,-2.405E+0,
1.708E008,1.018E+4,1.060E+4,-4.145E+0,
1.712E008,9.883E+3,1.042E+4,-5.411E+0,
1.716E008,9.929E+3,1.025E+4,-3.198E+0,
1.72E08,9.669E+3,1.008E+4,-4.172E+0,
1.724E008,9.540E+3,9.916E+3,-3.846E+0,
1.728E008,9.598E+3,9.757E+3,-1.619E+0,
1.732E008,9.033E+3,9.602E+3,-5.988E+0,
1.736E008,9.198E+3,9.452E+3,-2.649E+0,
1.74E08,9.012E+3,9.306E+3,-3.099E+0,
1.744E008,8.827E+3,9.164E+3,-3.591E+0,
1.748E008,8.718E+3,9.027E+3,-3.306E+0,
1.752E008,8.857E+3,8.893E+3,-3.810E-1,
1.756E008,8.451E+3,8.763E+3,-3.392E+0,
1.76E08,8.263E+3,8.636E+3,-4.108E+0,
1.764E008,8.226E+3,8.514E+3,-3.172E+0,
1.768E008,8.266E+3,8.394E+3,-1.412E+0,
1.772E008,8.052E+3,8.278E+3,-2.523E+0,
1.776E008,7.904E+3,8.166E+3,-2.944E+0,
1.78E08,7.836E+3,8.056E+3,-2.489E+0,
1.784E008,7.864E+3,7.950E+3,-9.693E-1,
1.788E008,7.818E+3,7.847E+3,-3.235E-1,
1.792E008,7.428E+3,7.746E+3,-3.692E+0,
1.796E008,7.397E+3,7.649E+3,-2.925E+0,
1.8E08,7.355E+3,7.554E+3,-2.318E+0,
1.804E008,7.340E+3,7.462E+3,-1.420E+0,
1.808E008,7.055E+3,7.372E+3,-3.775E+0,
1.812E008,6.879E+3,7.285E+3,-4.896E+0,
1.816E008,7.087E+3,7.201E+3,-1.349E+0,
1.82E08,6.835E+3,7.118E+3,-3.428E+0,
1.824E008,6.918E+3,7.039E+3,-1.450E+0,
1.828E008,6.771E+3,6.961E+3,-2.310E+0,
1.832E008,6.605E+3,6.886E+3,-3.454E+0,
1.836E008,6.659E+3,6.812E+3,-1.881E+0,
1.84E08,6.346E+3,6.741E+3,-4.962E+0,
1.844E008,6.309E+3,6.672E+3,-4.572E+0,
1.848E008,6.380E+3,6.605E+3,-2.817E+0,
1.852E008,6.432E+3,6.540E+3,-1.343E+0,
1.856E008,6.180E+3,6.476E+3,-3.769E+0,
1.86E08,6.414E+3,6.415E+3,-7.755E-3,
1.864E008,6.180E+3,6.355E+3,-2.223E+0,
1.868E008,6.171E+3,6.297E+3,-1.598E+0,
1.872E008,6.109E+3,6.240E+3,-1.676E+0,
1.876E008,6.028E+3,6.185E+3,-2.022E+0,
1.88E08,5.946E+3,6.132E+3,-2.407E+0,
1.884E008,5.824E+3,6.080E+3,-3.351E+0,
1.888E008,6.003E+3,6.029E+3,-3.398E-1,
1.892E008,5.819E+3,5.980E+3,-2.115E+0,
1.896E008,5.751E+3,5.933E+3,-2.396E+0,
1.9E08,5.788E+3,5.886E+3,-1.294E+0,
1.904E008,5.809E+3,5.842E+3,-4.269E-1,
1.908E008,5.664E+3,5.798E+3,-1.779E+0,
1.912E008,5.743E+3,5.755E+3,-1.639E-1,
1.916E008,5.653E+3,5.714E+3,-8.138E-1,
1.92E08,5.631E+3,5.674E+3,-5.746E-1,
1.924E008,5.451E+3,5.635E+3,-2.495E+0,
1.928E008,5.482E+3,5.597E+3,-1.558E+0,
1.932E008,5.528E+3,5.561E+3,-4.383E-1,
1.936E008,5.434E+3,5.525E+3,-1.233E+0,
1.94E08,5.458E+3,5.490E+3,-4.353E-1,
1.944E008,5.311E+3,5.456E+3,-1.996E+0,
1.948E008,5.263E+3,5.424E+3,-2.215E+0,
1.952E008,5.262E+3,5.392E+3,-1.790E+0,
1.956E008,5.198E+3,5.361E+3,-2.259E+0,
1.96E08,5.293E+3,5.331E+3,-5.196E-1,
1.964E008,5.115E+3,5.302E+3,-2.609E+0,
1.968E008,5.295E+3,5.273E+3,2.997E-1,
1.972E008,4.981E+3,5.246E+3,-3.749E+0,
1.976E008,5.186E+3,5.219E+3,-4.555E-1,
1.98E08,5.180E+3,5.193E+3,-1.772E-1,
1.984E008,5.130E+3,5.167E+3,-5.228E-1,
1.988E008,4.887E+3,5.143E+3,-3.660E+0,
1.992E008,5.074E+3,5.119E+3,-6.311E-1,
1.996E008,4.981E+3,5.096E+3,-1.626E+0,
2E08,5.069E+3,5.073E+3,-5.857E-2,
2.004E008,4.933E+3,5.051E+3,-1.684E+0,
2.008E008,4.990E+3,5.030E+3,-5.654E-1,
2.012E008,5.058E+3,5.009E+3,6.856E-1,
2.016E008,4.930E+3,4.989E+3,-8.421E-1,
2.02E08,5.006E+3,4.970E+3,5.148E-1,
2.024E008,4.892E+3,4.951E+3,-8.376E-1,
2.028E008,4.910E+3,4.932E+3,-3.158E-1,
2.032E008,4.974E+3,4.914E+3,8.479E-1,
2.036E008,4.964E+3,4.897E+3,9.542E-1,
2.04E08,4.871E+3,4.880E+3,-1.267E-1,
2.044E008,4.921E+3,4.863E+3,8.212E-1,
2.048E008,4.907E+3,4.847E+3,8.508E-1,
2.052E008,4.687E+3,4.832E+3,-2.116E+0,
2.056E008,4.731E+3,4.817E+3,-1.247E+0,
2.06E08,4.712E+3,4.802E+3,-1.313E+0,
2.064E008,4.739E+3,4.788E+3,-7.097E-1,
2.068E008,4.837E+3,4.774E+3,9.058E-1,
2.072E008,4.766E+3,4.761E+3,7.896E-2,
2.076E008,4.679E+3,4.747E+3,-1.001E+0,
2.08E08,4.557E+3,4.735E+3,-2.633E+0,
2.084E008,4.776E+3,4.722E+3,7.753E-1,
2.088E008,4.779E+3,4.710E+3,9.920E-1,
2.092E008,4.674E+3,4.699E+3,-3.623E-1,
2.096E008,4.844E+3,4.687E+3,2.249E+0,
2.1E08,4.670E+3,4.676E+3,-9.414E-2,
2.104E008,4.651E+3,4.666E+3,-2.161E-1,
2.108E008,4.798E+3,4.655E+3,2.059E+0,
2.112E008,4.744E+3,4.645E+3,1.434E+0,
2.116E008,4.525E+3,4.635E+3,-1.642E+0,
2.12E08,4.574E+3,4.626E+3,-7.674E-1,
2.124E008,4.625E+3,4.617E+3,1.230E-1,
2.128E008,4.648E+3,4.608E+3,5.921E-1,
2.132E008,4.536E+3,4.599E+3,-9.337E-1,
2.136E008,4.607E+3,4.590E+3,2.448E-1,
2.14E08,4.612E+3,4.582E+3,4.399E-1,
2.144E008,4.525E+3,4.574E+3,-7.299E-1,
2.148E008,4.654E+3,4.566E+3,1.285E+0,
2.152E008,4.519E+3,4.559E+3,-5.909E-1,
2.156E008,4.518E+3,4.551E+3,-4.963E-1,
2.16E08,4.560E+3,4.544E+3,2.339E-1,
2.164E008,4.456E+3,4.537E+3,-1.217E+0,
2.168E008,4.713E+3,4.531E+3,2.658E+0,
2.172E008,4.602E+3,4.524E+3,1.151E+0,
2.176E008,4.529E+3,4.518E+3,1.700E-1,
2.18E08,4.431E+3,4.511E+3,-1.207E+0,
2.184E008,4.560E+3,4.505E+3,8.095E-1,
2.188E008,4.525E+3,4.499E+3,3.793E-1,
2.192E008,4.593E+3,4.494E+3,1.464E+0,
2.196E008,4.505E+3,4.488E+3,2.492E-1,
2.2E08,4.410E+3,4.483E+3,-1.098E+0,
2.204E008,4.500E+3,4.478E+3,3.326E-1,
2.208E008,4.464E+3,4.473E+3,-1.290E-1,
2.212E008,4.417E+3,4.468E+3,-7.627E-1,
2.216E008,4.571E+3,4.463E+3,1.599E+0,
2.22E08,4.514E+3,4.458E+3,8.297E-1,
2.224E008,4.476E+3,4.454E+3,3.328E-1,
2.228E008,4.442E+3,4.449E+3,-1.102E-1,
2.232E008,4.586E+3,4.445E+3,2.081E+0,
2.236E008,4.490E+3,4.441E+3,7.323E-1,
2.24E08,4.437E+3,4.437E+3,1.488E-3,
2.244E008,4.427E+3,4.433E+3,-8.996E-2,
2.248E008,4.485E+3,4.429E+3,8.335E-1,
2.252E008,4.461E+3,4.425E+3,5.317E-1,
2.256E008,4.431E+3,4.422E+3,1.368E-1,
2.26E08,4.499E+3,4.418E+3,1.202E+0,
2.264E008,4.393E+3,4.415E+3,-3.321E-1,
2.268E008,4.462E+3,4.412E+3,7.528E-1,
2.272E008,4.462E+3,4.409E+3,8.007E-1,
2.276E008,4.491E+3,4.405E+3,1.277E+0,
2.28E08,4.446E+3,4.402E+3,6.542E-1,
2.284E008,4.482E+3,4.399E+3,1.233E+0,
2.288E008,4.421E+3,4.397E+3,3.672E-1,
2.292E008,4.420E+3,4.394E+3,3.939E-1,
2.296E008,4.421E+3,4.391E+3,4.494E-1,
2.3E08,4.390E+3,4.388E+3,2.265E-2,
2.304E008,4.525E+3,4.386E+3,2.067E+0,
2.308E008,4.427E+3,4.383E+3,6.541E-1,
2.312E008,4.469E+3,4.381E+3,1.315E+0,
2.316E008,4.401E+3,4.379E+3,3.355E-1,
2.32E08,4.474E+3,4.376E+3,1.458E+0,
2.324E008,4.419E+3,4.374E+3,6.729E-1,
2.328E008,4.403E+3,4.372E+3,4.653E-1,
2.332E008,4.490E+3,4.370E+3,1.790E+0,
2.336E008,4.372E+3,4.368E+3,6.013E-2,
2.34E08,4.246E+3,4.366E+3,-1.842E+0,
2.344E008,4.371E+3,4.364E+3,1.036E-1,
2.348E008,4.424E+3,4.362E+3,9.277E-1,
2.352E008,4.480E+3,4.360E+3,1.786E+0,
2.356E008,4.509E+3,4.359E+3,2.238E+0,
2.36E08,4.445E+3,4.357E+3,1.319E+0,
2.364E008,4.336E+3,4.355E+3,-2.943E-1,
2.368E008,4.293E+3,4.354E+3,-9.275E-1,
2.372E008,4.353E+3,4.352E+3,1.195E-2,
2.376E008,4.393E+3,4.351E+3,6.383E-1,
2.38E08,4.466E+3,4.349E+3,1.747E+0,
2.384E008,4.443E+3,4.348E+3,1.428E+0,
2.388E008,4.401E+3,4.346E+3,8.231E-1,
2.392E008,4.481E+3,4.345E+3,2.031E+0,
2.396E008,4.406E+3,4.344E+3,9.382E-1,
2.4E08,4.335E+3,4.342E+3,-1.131E-1,
2.404E008,4.220E+3,4.341E+3,-1.866E+0,
2.408E008,4.434E+3,4.340E+3,1.412E+0,
2.412E008,4.427E+3,4.339E+3,1.325E+0,
2.416E008,4.394E+3,4.338E+3,8.495E-1,
2.42E08,4.297E+3,4.337E+3,-6.038E-1,
2.424E008,4.385E+3,4.336E+3,7.474E-1,
2.428E008,4.362E+3,4.334E+3,4.170E-1,
2.432E008,4.338E+3,4.333E+3,6.913E-2,
2.436E008,4.386E+3,4.332E+3,8.084E-1,
2.44E08,4.468E+3,4.332E+3,2.042E+0,
2.444E008,4.156E+3,4.331E+3,-2.708E+0,
2.448E008,4.304E+3,4.330E+3,-3.912E-1,
2.452E008,4.359E+3,4.329E+3,4.576E-1,
2.456E008,4.442E+3,4.328E+3,1.712E+0,
2.46E08,4.373E+3,4.327E+3,6.941E-1,
2.464E008,4.386E+3,4.326E+3,9.016E-1,
2.468E008,4.399E+3,4.326E+3,1.108E+0,
2.472E008,4.473E+3,4.325E+3,2.217E+0,
2.476E008,4.341E+3,4.324E+3,2.579E-1,
2.48E08,4.249E+3,4.323E+3,-1.140E+0,
2.484E008,4.345E+3,4.323E+3,3.400E-1,
2.488E008,4.363E+3,4.322E+3,6.221E-1,
2.492E008,4.263E+3,4.321E+3,-8.921E-1,
2.496E008,4.413E+3,4.321E+3,1.391E+0,
2.5E08,4.379E+3,4.320E+3,8.918E-1,
2.504E008,4.322E+3,4.319E+3,3.988E-2,
2.508E008,4.297E+3,4.319E+3,-3.324E-1,
2.512E008,4.234E+3,4.318E+3,-1.294E+0,
2.516E008,4.423E+3,4.318E+3,1.584E+0,
2.52E08,4.410E+3,4.317E+3,1.399E+0,
2.524E008,4.411E+3,4.317E+3,1.421E+0,
2.528E008,4.402E+3,4.316E+3,1.295E+0,
2.532E008,4.454E+3,4.316E+3,2.074E+0,
2.536E008,4.380E+3,4.315E+3,9.805E-1,
2.54E08,4.312E+3,4.315E+3,-4.027E-2,
2.544E008,4.377E+3,4.314E+3,9.494E-1,
2.548E008,4.327E+3,4.314E+3,2.015E-1,
2.552E008,4.350E+3,4.313E+3,5.562E-1,
2.556E008,4.223E+3,4.313E+3,-1.383E+0,
2.56E08,4.393E+3,4.312E+3,1.215E+0,
2.564E008,4.316E+3,4.312E+3,5.931E-2,
2.568E008,4.311E+3,4.312E+3,-1.098E-2,
2.572E008,4.241E+3,4.311E+3,-1.080E+0,
2.576E008,4.203E+3,4.311E+3,-1.666E+0,
2.58E08,4.326E+3,4.311E+3,2.336E-1,
2.584E008,4.383E+3,4.310E+3,1.098E+0,
2.588E008,4.420E+3,4.310E+3,1.655E+0,
2.592E008,4.298E+3,4.310E+3,-1.776E-1,
2.596E008,4.327E+3,4.309E+3,2.686E-1,
2.6E08,4.306E+3,4.309E+3,-4.611E-2,
2.604E008,4.294E+3,4.309E+3,-2.248E-1,
2.608E008,4.303E+3,4.308E+3,-8.298E-2,
2.612E008,4.328E+3,4.308E+3,3.015E-1,
2.616E008,4.280E+3,4.308E+3,-4.264E-1,
2.62E08,4.159E+3,4.308E+3,-2.305E+0,
2.624E008,4.321E+3,4.307E+3,2.073E-1,
2.628E008,4.388E+3,4.307E+3,1.221E+0,
2.632E008,4.368E+3,4.307E+3,9.247E-1,
2.636E008,4.292E+3,4.307E+3,-2.236E-1,
2.64E08,4.460E+3,4.306E+3,2.300E+0,
2.644E008,4.294E+3,4.306E+3,-1.862E-1,
2.648E008,4.190E+3,4.306E+3,-1.792E+0,
2.652E008,4.321E+3,4.306E+3,2.316E-1,
2.656E008,4.318E+3,4.306E+3,1.891E-1,
2.66E08,4.383E+3,4.305E+3,1.173E+0,
2.664E008,4.349E+3,4.305E+3,6.644E-1,
2.668E008,4.297E+3,4.305E+3,-1.220E-1,
2.672E008,4.311E+3,4.305E+3,9.422E-2,
2.676E008,4.330E+3,4.305E+3,3.854E-1,
2.68E08,4.302E+3,4.304E+3,-3.761E-2,
2.684E008,4.312E+3,4.304E+3,1.173E-1,
2.688E008,4.281E+3,4.304E+3,-3.536E-1,
2.692E008,4.382E+3,4.304E+3,1.179E+0,
2.696E008,4.282E+3,4.304E+3,-3.336E-1,
2.7E08,4.274E+3,4.304E+3,-4.540E-1,
2.704E008,4.394E+3,4.304E+3,1.365E+0,
2.708E008,4.380E+3,4.303E+3,1.157E+0,
2.712E008,4.288E+3,4.303E+3,-2.330E-1,
2.716E008,4.218E+3,4.303E+3,-1.311E+0,
2.72E08,4.369E+3,4.303E+3,9.985E-1,
2.724E008,4.438E+3,4.303E+3,2.028E+0,
2.728E008,4.344E+3,4.303E+3,6.258E-1,
2.732E008,4.277E+3,4.303E+3,-3.920E-1,
2.736E008,4.393E+3,4.303E+3,1.365E+0,
2.74E08,4.238E+3,4.302E+3,-9.894E-1,
2.744E008,4.396E+3,4.302E+3,1.413E+0,
2.748E008,4.329E+3,4.302E+3,4.074E-1,
2.752E008,4.414E+3,4.302E+3,1.684E+0,
2.756E008,4.329E+3,4.302E+3,4.104E-1,
2.76E08,4.427E+3,4.302E+3,1.880E+0,
2.764E008,4.233E+3,4.302E+3,-1.058E+0,
2.768E008,4.365E+3,4.302E+3,9.579E-1,
2.772E008,4.338E+3,4.302E+3,5.523E-1,
2.776E008,4.374E+3,4.302E+3,1.096E+0,
2.78E08,4.410E+3,4.301E+3,1.634E+0,
2.784E008,4.319E+3,4.301E+3,2.682E-1,
2.788E008,4.363E+3,4.301E+3,9.342E-1,
2.792E008,4.289E+3,4.301E+3,-1.866E-1,
2.796E008,4.251E+3,4.301E+3,-7.691E-1,
2.8E08,4.532E+3,4.301E+3,3.430E+0,
2.804E008,4.357E+3,4.301E+3,8.483E-1,
2.808E008,4.398E+3,4.301E+3,1.464E+0,
2.812E008,4.234E+3,4.301E+3,-1.028E+0,
2.816E008,4.333E+3,4.301E+3,4.891E-1,
2.82E08,4.333E+3,4.301E+3,4.901E-1,
2.824E008,4.362E+3,4.301E+3,9.284E-1,
2.828E008,4.317E+3,4.301E+3,2.493E-1,
2.832E008,4.498E+3,4.301E+3,2.944E+0,
2.836E008,4.402E+3,4.301E+3,1.530E+0,
2.84E08,4.249E+3,4.300E+3,-7.893E-1,
2.844E008,4.340E+3,4.300E+3,6.011E-1,
2.848E008,4.386E+3,4.300E+3,1.293E+0,
2.852E008,4.257E+3,4.300E+3,-6.636E-1,
2.856E008,4.294E+3,4.300E+3,-9.539E-2,
2.86E08,4.421E+3,4.300E+3,1.817E+0,
2.864E008,4.318E+3,4.300E+3,2.715E-1,
2.868E008,4.312E+3,4.300E+3,1.810E-1,
2.872E008,4.358E+3,4.300E+3,8.775E-1,
2.876E008,4.311E+3,4.300E+3,1.671E-1,
2.88E08,4.404E+3,4.300E+3,1.567E+0,
2.884E008,4.333E+3,4.300E+3,5.021E-1,
2.888E008,4.289E+3,4.300E+3,-1.666E-1,
2.892E008,4.388E+3,4.300E+3,1.330E+0,
2.896E008,4.342E+3,4.300E+3,6.399E-1,
2.9E08,4.451E+3,4.300E+3,2.266E+0,
2.904E008,4.358E+3,4.300E+3,8.821E-1,
2.908E008,4.432E+3,4.300E+3,1.987E+0,
2.912E008,4.304E+3,4.300E+3,6.553E-2,
2.916E008,4.334E+3,4.300E+3,5.215E-1,
2.92E08,4.111E+3,4.300E+3,-2.942E+0,
2.924E008,4.287E+3,4.300E+3,-1.926E-1,
2.928E008,4.224E+3,4.300E+3,-1.163E+0,
2.932E008,4.359E+3,4.300E+3,9.004E-1,
2.936E008,4.271E+3,4.300E+3,-4.365E-1,
2.94E08,4.316E+3,4.299E+3,2.512E-1,
2.944E008,4.397E+3,4.299E+3,1.471E+0,
2.948E008,4.321E+3,4.299E+3,3.279E-1,
2.952E008,4.267E+3,4.299E+3,-4.964E-1,
2.956E008,4.403E+3,4.299E+3,1.561E+0,
2.96E08,4.311E+3,4.299E+3,1.770E-1,
2.964E008,4.298E+3,4.299E+3,-2.067E-2,
2.968E008,4.332E+3,4.299E+3,4.963E-1,
2.972E008,4.356E+3,4.299E+3,8.589E-1,
2.976E008,4.233E+3,4.299E+3,-1.019E+0,
2.98E08,4.339E+3,4.299E+3,6.031E-1,
2.984E008,4.417E+3,4.299E+3,1.772E+0,
2.988E008,4.190E+3,4.299E+3,-1.688E+0,
2.992E008,4.299E+3,4.299E+3,-3.292E-3,
2.996E008,4.351E+3,4.299E+3,7.853E-1,
3E08,4.400E+3,4.299E+3,1.520E+0,
3.004E008,4.337E+3,4.299E+3,5.745E-1,
3.008E008,4.275E+3,4.299E+3,-3.693E-1,
3.012E008,4.329E+3,4.299E+3,4.540E-1,
3.016E008,4.273E+3,4.299E+3,-3.995E-1,
3.02E08,4.317E+3,4.299E+3,2.724E-1,
3.024E008,4.381E+3,4.299E+3,1.238E+0,
3.028E008,4.274E+3,4.299E+3,-3.835E-1,
3.032E008,4.347E+3,4.299E+3,7.271E-1,
3.036E008,4.368E+3,4.299E+3,1.043E+0,
3.04E08,4.267E+3,4.299E+3,-4.904E-1,
3.044E008,4.301E+3,4.299E+3,3.018E-2,
3.048E008,4.215E+3,4.299E+3,-1.294E+0,
3.052E008,4.304E+3,4.299E+3,7.627E-2,
3.056E008,4.252E+3,4.299E+3,-7.206E-1,
3.06E08,4.326E+3,4.299E+3,4.109E-1,
3.064E008,4.321E+3,4.299E+3,3.352E-1,
3.068E008,4.428E+3,4.299E+3,1.939E+0,
3.072E008,4.273E+3,4.299E+3,-3.969E-1,
3.076E008,4.145E+3,4.299E+3,-2.391E+0,
3.08E08,4.341E+3,4.299E+3,6.386E-1,
3.084E008,4.364E+3,4.299E+3,9.853E-1,
3.088E008,4.308E+3,4.299E+3,1.386E-1,
3.092E008,4.236E+3,4.299E+3,-9.664E-1,
3.096E008,4.256E+3,4.299E+3,-6.574E-1,
3.1E08,4.269E+3,4.299E+3,-4.573E-1,
3.104E008,4.298E+3,4.299E+3,-1.327E-2,
3.108E008,4.400E+3,4.299E+3,1.525E+0,
3.112E008,4.401E+3,4.299E+3,1.540E+0,
3.116E008,4.248E+3,4.299E+3,-7.801E-1,
3.12E08,4.322E+3,4.299E+3,3.523E-1,
3.124E008,4.431E+3,4.299E+3,1.986E+0,
3.128E008,4.487E+3,4.299E+3,2.809E+0,
3.132E008,4.342E+3,4.299E+3,6.553E-1,
3.136E008,4.373E+3,4.299E+3,1.122E+0,
3.14E08,4.364E+3,4.299E+3,9.869E-1,
3.144E008,4.212E+3,4.299E+3,-1.337E+0,
3.148E008,4.317E+3,4.299E+3,2.771E-1,
3.152E008,4.448E+3,4.299E+3,2.237E+0,
3.156E008,4.314E+3,4.299E+3,2.317E-1,
3.16E08,4.348E+3,4.299E+3,7.465E-1,
3.164E008,4.395E+3,4.299E+3,1.452E+0,
3.168E008,4.361E+3,4.299E+3,9.424E-1,
3.172E008,4.404E+3,4.299E+3,1.586E+0,
3.176E008,4.282E+3,4.299E+3,-2.561E-1,
3.18E08,4.372E+3,4.299E+3,1.108E+0,
3.184E008,4.333E+3,4.299E+3,5.204E-1,
3.188E008,4.269E+3,4.299E+3,-4.552E-1,
3.192E008,4.440E+3,4.299E+3,2.120E+0,
3.196E008,4.256E+3,4.299E+3,-6.551E-1,
3.2E08,4.272E+3,4.299E+3,-4.090E-1,
3.204E008,4.416E+3,4.299E+3,1.765E+0,
3.208E008,4.339E+3,4.299E+3,6.115E-1,
3.212E008,4.273E+3,4.299E+3,-3.934E-1,
3.216E008,4.338E+3,4.299E+3,5.965E-1,
3.22E08,4.280E+3,4.299E+3,-2.860E-1,
3.224E008,4.262E+3,4.299E+3,-5.623E-1,
3.228E008,4.388E+3,4.299E+3,1.348E+0,
3.232E008,4.174E+3,4.299E+3,-1.930E+0,
3.236E008,4.329E+3,4.299E+3,4.605E-1,
3.24E08,4.224E+3,4.299E+3,-1.149E+0,
3.244E008,4.237E+3,4.299E+3,-9.478E-1,
3.248E008,4.523E+3,4.299E+3,3.335E+0,
3.252E008,4.414E+3,4.299E+3,1.736E+0,
3.256E008,4.274E+3,4.299E+3,-3.776E-1,
3.26E08,4.346E+3,4.299E+3,7.178E-1,
3.264E008,4.287E+3,4.299E+3,-1.784E-1,
3.268E008,4.401E+3,4.299E+3,1.542E+0,
3.272E008,4.267E+3,4.299E+3,-4.849E-1,
3.276E008,4.374E+3,4.299E+3,1.139E+0,
3.28E08,4.229E+3,4.299E+3,-1.071E+0,
3.284E008,4.238E+3,4.299E+3,-9.319E-1,
3.288E008,4.261E+3,4.299E+3,-5.770E-1,
3.292E008,4.376E+3,4.299E+3,1.169E+0,
3.296E008,4.296E+3,4.299E+3,-4.059E-2,
3.3E08,4.367E+3,4.299E+3,1.034E+0,
3.304E008,4.388E+3,4.299E+3,1.349E+0,
3.308E008,4.255E+3,4.299E+3,-6.692E-1,
3.312E008,4.310E+3,4.299E+3,1.728E-1,
3.316E008,4.429E+3,4.299E+3,1.959E+0,
3.32E08,4.340E+3,4.299E+3,6.277E-1,
3.324E008,4.381E+3,4.299E+3,1.244E+0,
3.328E008,4.268E+3,4.299E+3,-4.691E-1,
3.332E008,4.345E+3,4.299E+3,7.032E-1,
3.336E008,4.221E+3,4.299E+3,-1.195E+0,
3.34E08,4.427E+3,4.299E+3,1.929E+0,
3.344E008,4.207E+3,4.299E+3,-1.413E+0,
3.348E008,4.332E+3,4.299E+3,5.069E-1,
3.352E008,4.307E+3,4.299E+3,1.274E-1,
3.356E008,4.363E+3,4.299E+3,9.744E-1,
3.36E08,4.488E+3,4.299E+3,2.827E+0,
3.364E008,4.307E+3,4.299E+3,1.275E-1,
3.368E008,4.370E+3,4.299E+3,1.080E+0,
3.372E008,4.299E+3,4.299E+3,5.630E-3,
3.376E008,4.229E+3,4.299E+3,-1.071E+0,
3.38E08,4.348E+3,4.299E+3,7.487E-1,
3.384E008,4.421E+3,4.299E+3,1.840E+0,
3.388E008,4.412E+3,4.299E+3,1.707E+0,
3.392E008,4.390E+3,4.299E+3,1.379E+0,
3.396E008,4.327E+3,4.299E+3,4.314E-1,
3.4E08,4.373E+3,4.299E+3,1.125E+0,
3.404E008,4.305E+3,4.299E+3,9.720E-2,
3.408E008,4.390E+3,4.299E+3,1.379E+0,
3.412E008,4.322E+3,4.299E+3,3.556E-1,
3.416E008,4.385E+3,4.299E+3,1.304E+0,
3.42E08,4.314E+3,4.299E+3,2.342E-1,
3.424E008,4.361E+3,4.299E+3,9.446E-1,
3.428E008,4.322E+3,4.299E+3,3.557E-1,
3.432E008,4.357E+3,4.299E+3,8.845E-1,
3.436E008,4.211E+3,4.299E+3,-1.350E+0,
3.44E08,4.333E+3,4.299E+3,5.224E-1,
3.444E008,4.305E+3,4.299E+3,9.733E-2,
3.448E008,4.373E+3,4.299E+3,1.125E+0,
3.452E008,4.342E+3,4.299E+3,6.584E-1,
3.456E008,4.264E+3,4.299E+3,-5.301E-1,
3.46E08,4.315E+3,4.299E+3,2.495E-1,
3.464E008,4.294E+3,4.299E+3,-7.036E-2,
3.468E008,4.390E+3,4.299E+3,1.379E+0,
3.472E008,4.331E+3,4.299E+3,4.922E-1,
3.476E008,4.410E+3,4.299E+3,1.677E+0,
3.48E08,4.176E+3,4.299E+3,-1.897E+0,
3.484E008,4.258E+3,4.299E+3,-6.223E-1,
3.488E008,4.360E+3,4.299E+3,9.298E-1,
3.492E008,4.396E+3,4.299E+3,1.469E+0,
3.496E008,4.248E+3,4.299E+3,-7.765E-1,
3.5E08,4.232E+3,4.299E+3,-1.024E+0,
3.504E008,4.434E+3,4.299E+3,2.033E+0,
3.508E008,4.184E+3,4.299E+3,-1.772E+0,
3.512E008,4.491E+3,4.299E+3,2.871E+0,
3.516E008,4.241E+3,4.299E+3,-8.845E-1,
3.52E08,4.389E+3,4.299E+3,1.364E+0,
3.524E008,4.327E+3,4.299E+3,4.317E-1,
3.528E008,4.256E+3,4.299E+3,-6.530E-1,
3.532E008,4.355E+3,4.299E+3,8.546E-1,
3.536E008,4.330E+3,4.299E+3,4.771E-1,
3.54E08,4.284E+3,4.299E+3,-2.231E-1,
3.544E008,4.367E+3,4.299E+3,1.035E+0,
3.548E008,4.252E+3,4.299E+3,-7.147E-1,
3.552E008,4.271E+3,4.299E+3,-4.223E-1,
3.556E008,4.231E+3,4.299E+3,-1.039E+0,
3.56E08,4.298E+3,4.299E+3,-9.161E-3,
3.564E008,4.369E+3,4.299E+3,1.065E+0,
3.568E008,4.405E+3,4.299E+3,1.603E+0,
3.572E008,4.402E+3,4.299E+3,1.558E+0,
3.576E008,4.358E+3,4.299E+3,8.998E-1,
3.58E08,4.463E+3,4.299E+3,2.461E+0,
3.584E008,4.166E+3,4.299E+3,-2.054E+0,
3.588E008,4.307E+3,4.299E+3,1.280E-1,
3.592E008,4.423E+3,4.299E+3,1.871E+0,
3.596E008,4.362E+3,4.299E+3,9.600E-1,
3.6E08,4.253E+3,4.299E+3,-6.992E-1,
3.604E008,4.335E+3,4.299E+3,5.529E-1,
3.608E008,4.356E+3,4.299E+3,8.697E-1,
3.612E008,4.342E+3,4.299E+3,6.587E-1,
3.616E008,4.264E+3,4.299E+3,-5.298E-1,
3.62E08,4.242E+3,4.299E+3,-8.690E-1,
3.624E008,4.231E+3,4.299E+3,-1.039E+0,
3.628E008,4.320E+3,4.299E+3,3.256E-1,
3.632E008,4.183E+3,4.299E+3,-1.787E+0,
3.636E008,4.237E+3,4.299E+3,-9.463E-1,
3.64E08,4.315E+3,4.299E+3,2.497E-1,
3.644E008,4.398E+3,4.299E+3,1.499E+0,
3.648E008,4.242E+3,4.299E+3,-8.690E-1,
3.652E008,4.501E+3,4.299E+3,3.017E+0,
3.656E008,4.231E+3,4.299E+3,-1.039E+0,
3.66E08,4.251E+3,4.299E+3,-7.300E-1,
3.664E008,4.276E+3,4.299E+3,-3.455E-1,
3.668E008,4.351E+3,4.299E+3,7.945E-1,
3.672E008,4.306E+3,4.299E+3,1.129E-1,
3.676E008,4.286E+3,4.299E+3,-1.924E-1,
3.68E08,4.168E+3,4.299E+3,-2.023E+0,
3.684E008,4.240E+3,4.299E+3,-8.999E-1,
3.688E008,4.330E+3,4.299E+3,4.773E-1,
3.692E008,4.399E+3,4.299E+3,1.514E+0,
3.696E008,4.283E+3,4.299E+3,-2.383E-1,
3.7E08,4.320E+3,4.299E+3,3.257E-1,
3.704E008,4.335E+3,4.299E+3,5.529E-1,
3.708E008,4.298E+3,4.299E+3,-9.057E-3,
3.712E008,4.425E+3,4.299E+3,1.900E+0,
3.716E008,4.260E+3,4.299E+3,-5.913E-1,
3.72E08,4.333E+3,4.299E+3,5.227E-1,
3.724E008,4.175E+3,4.299E+3,-1.913E+0,
3.728E008,4.171E+3,4.299E+3,-1.976E+0,
3.732E008,4.342E+3,4.299E+3,6.587E-1,
3.736E008,4.404E+3,4.299E+3,1.588E+0,
3.74E08,4.275E+3,4.299E+3,-3.608E-1,
3.744E008,4.302E+3,4.299E+3,5.195E-2,
3.748E008,4.286E+3,4.299E+3,-1.924E-1,
3.752E008,4.308E+3,4.299E+3,1.433E-1,
3.756E008,4.250E+3,4.299E+3,-7.454E-1,
3.76E08,4.235E+3,4.299E+3,-9.772E-1,
3.764E008,4.319E+3,4.299E+3,3.105E-1,
3.768E008,4.208E+3,4.299E+3,-1.397E+0,
3.772E008,4.338E+3,4.299E+3,5.983E-1,
3.776E008,4.340E+3,4.299E+3,6.285E-1,
3.78E08,4.315E+3,4.299E+3,2.498E-1,
3.784E008,4.309E+3,4.299E+3,1.586E-1,
3.788E008,4.341E+3,4.299E+3,6.437E-1,
3.792E008,4.257E+3,4.299E+3,-6.375E-1,
3.796E008,4.221E+3,4.299E+3,-1.194E+0,
3.8E08,4.255E+3,4.299E+3,-6.683E-1,
3.804E008,4.317E+3,4.299E+3,2.802E-1,
3.808E008,4.271E+3,4.299E+3,-4.222E-1,
3.812E008,4.419E+3,4.299E+3,1.811E+0,
3.816E008,4.172E+3,4.299E+3,-1.960E+0,
3.82E08,4.312E+3,4.299E+3,2.042E-1,
3.824E008,4.338E+3,4.299E+3,5.983E-1,
3.828E008,4.261E+3,4.299E+3,-5.759E-1,
3.832E008,4.377E+3,4.299E+3,1.185E+0,
3.836E008,4.234E+3,4.299E+3,-9.927E-1,
3.84E08,4.303E+3,4.299E+3,6.721E-2,
3.844E008,4.453E+3,4.299E+3,2.314E+0,
3.848E008,4.267E+3,4.299E+3,-4.836E-1,
3.852E008,4.216E+3,4.299E+3,-1.272E+0,
3.856E008,4.270E+3,4.299E+3,-4.375E-1,
3.86E08,4.322E+3,4.299E+3,3.561E-1,
3.864E008,4.385E+3,4.299E+3,1.305E+0,
3.868E008,4.375E+3,4.299E+3,1.155E+0,
3.872E008,4.267E+3,4.299E+3,-4.836E-1,
3.876E008,4.202E+3,4.299E+3,-1.490E+0,
3.88E08,4.443E+3,4.299E+3,2.166E+0,
3.884E008,4.142E+3,4.299E+3,-2.433E+0,
3.888E008,4.234E+3,4.299E+3,-9.926E-1,
3.892E008,4.274E+3,4.299E+3,-3.761E-1,
3.896E008,4.313E+3,4.299E+3,2.194E-1,
3.9E08,4.318E+3,4.299E+3,2.954E-1,
3.904E008,4.387E+3,4.299E+3,1.335E+0,
3.908E008,4.413E+3,4.299E+3,1.722E+0,
3.912E008,4.330E+3,4.299E+3,4.773E-1,
3.916E008,4.404E+3,4.299E+3,1.588E+0,
3.92E08,4.305E+3,4.299E+3,9.768E-2,
3.924E008,4.185E+3,4.299E+3,-1.756E+0,
3.928E008,4.301E+3,4.299E+3,3.674E-2,
3.932E008,4.348E+3,4.299E+3,7.493E-1,
3.936E008,4.277E+3,4.299E+3,-3.301E-1,
3.94E08,4.268E+3,4.299E+3,-4.682E-1,
3.944E008,4.369E+3,4.299E+3,1.065E+0,
3.948E008,4.234E+3,4.299E+3,-9.926E-1,
3.952E008,4.294E+3,4.299E+3,-7.005E-2,
3.956E008,4.377E+3,4.299E+3,1.185E+0,
3.96E08,4.374E+3,4.299E+3,1.140E+0,
3.964E008,4.385E+3,4.299E+3,1.305E+0,
3.968E008,4.268E+3,4.299E+3,-4.682E-1,
3.972E008,4.413E+3,4.299E+3,1.722E+0,
3.976E008,4.307E+3,4.299E+3,1.281E-1,
3.98E08,4.337E+3,4.299E+3,5.832E-1,
3.984E008,4.276E+3,4.299E+3,-3.455E-1,
3.988E008,4.313E+3,4.299E+3,2.194E-1,
3.992E008,4.384E+3,4.299E+3,1.290E+0,
3.996E008,4.451E+3,4.299E+3,2.284E+0,
