100us pump

Labels,Decay52,Decay52F1,Decay52F1R,
Type,Time Scan,Exponential Fit Time Scan,Weighted Residuals Time Scan,
Comment,,,,
Start,0.00,2E05,2E05,
Stop,1.998E008,1.998E008,1.998E008,
Step,2E05,2E05,2E05,
Fixed/Offset, , , ,
XAxis,Time,Time,Time,
YAxis,Counts,Counts,Counts,

0.00,2.963E+3, , ,
2E05,5.522E+3,5.450E+3,9.677E-1,
4E05,5.396E+3,5.400E+3,-5.044E-2,
6E05,5.443E+3,5.350E+3,1.259E+0,
800000.060000,5.279E+3,5.301E+3,-3.073E-1,
1E06,5.278E+3,5.253E+3,3.398E-1,
1.2E06,5.142E+3,5.206E+3,-8.933E-1,
1.4E06,4.976E+3,5.160E+3,-2.602E+0,
1.6E06,5.098E+3,5.114E+3,-2.211E-1,
1.8E06,5.097E+3,5.069E+3,3.958E-1,
2E06,5.058E+3,5.024E+3,4.721E-1,
2.2E06,4.954E+3,4.981E+3,-3.808E-1,
2.4E06,4.913E+3,4.938E+3,-3.549E-1,
2.6E06,4.906E+3,4.896E+3,1.480E-1,
2.8E06,4.744E+3,4.854E+3,-1.598E+0,
3E06,4.781E+3,4.813E+3,-4.649E-1,
3.2E06,4.869E+3,4.773E+3,1.378E+0,
3.4E06,4.828E+3,4.733E+3,1.364E+0,
3.6E06,4.699E+3,4.694E+3,6.911E-2,
3.8E06,4.636E+3,4.656E+3,-2.921E-1,
4E06,4.695E+3,4.618E+3,1.122E+0,
4.2E06,4.546E+3,4.581E+3,-5.185E-1,
4.4E06,4.527E+3,4.544E+3,-2.584E-1,
4.6E06,4.456E+3,4.508E+3,-7.848E-1,
4.8E06,4.455E+3,4.473E+3,-2.692E-1,
5E06,4.450E+3,4.438E+3,1.783E-1,
5.2E06,4.398E+3,4.404E+3,-8.750E-2,
5.4E06,4.295E+3,4.370E+3,-1.145E+0,
5.6E06,4.431E+3,4.337E+3,1.415E+0,
5.8E06,4.241E+3,4.304E+3,-9.693E-1,
6E06,4.330E+3,4.272E+3,8.823E-1,
6.2E06,4.186E+3,4.240E+3,-8.389E-1,
6400000.500000,4.302E+3,4.209E+3,1.416E+0,
6600000.500000,4.089E+3,4.178E+3,-1.399E+0,
6800000.500000,4.182E+3,4.148E+3,5.216E-1,
7000000.500000,4.089E+3,4.119E+3,-4.624E-1,
7200000.600000,4.126E+3,4.089E+3,5.708E-1,
7400000.600000,4.016E+3,4.061E+3,-7.034E-1,
7600000.600000,3.994E+3,4.032E+3,-6.055E-1,
7800000.600000,3.957E+3,4.004E+3,-7.536E-1,
8000000.600000,4.165E+3,3.977E+3,2.913E+0,
8200000.600000,3.998E+3,3.950E+3,7.590E-1,
8400000.700000,3.828E+3,3.923E+3,-1.543E+0,
8600000.700000,3.942E+3,3.897E+3,7.115E-1,
8800000.700000,4.032E+3,3.872E+3,2.526E+0,
9000000.700000,3.809E+3,3.846E+3,-6.045E-1,
9200000.700000,3.793E+3,3.821E+3,-4.612E-1,
9400000.700000,3.764E+3,3.797E+3,-5.362E-1,
9600000.800000,3.878E+3,3.773E+3,1.690E+0,
9800000.800000,3.825E+3,3.749E+3,1.228E+0,
1E07,3.639E+3,3.726E+3,-1.437E+0,
1.02E07,3.738E+3,3.703E+3,5.774E-1,
1.04E07,3.739E+3,3.680E+3,9.637E-1,
1.06E07,3.601E+3,3.658E+3,-9.467E-1,
1.08E07,3.539E+3,3.636E+3,-1.629E+0,
1.1E07,3.635E+3,3.614E+3,3.427E-1,
1.12E07,3.633E+3,3.593E+3,6.617E-1,
1.14E07,3.465E+3,3.572E+3,-1.822E+0,
1.16E07,3.717E+3,3.552E+3,2.712E+0,
1.18E07,3.357E+3,3.531E+3,-3.011E+0,
1.2E07,3.480E+3,3.512E+3,-5.350E-1,
1.22E07,3.571E+3,3.492E+3,1.322E+0,
1.24E07,3.545E+3,3.473E+3,1.214E+0,
1.26E07,3.468E+3,3.454E+3,2.423E-1,
1.28E07,3.365E+3,3.435E+3,-1.208E+0,
1.3E07,3.393E+3,3.417E+3,-4.067E-1,
1.32E07,3.367E+3,3.399E+3,-5.448E-1,
1.34E07,3.332E+3,3.381E+3,-8.458E-1,
1.36E07,3.443E+3,3.363E+3,1.358E+0,
1.38E07,3.328E+3,3.346E+3,-3.134E-1,
1.4E07,3.340E+3,3.329E+3,1.882E-1,
1.42E07,3.410E+3,3.312E+3,1.671E+0,
1.44E07,3.214E+3,3.296E+3,-1.447E+0,
1.46E07,3.230E+3,3.280E+3,-8.771E-1,
1.48E07,3.214E+3,3.264E+3,-8.810E-1,
1.5E07,3.290E+3,3.248E+3,7.271E-1,
1.52E07,3.198E+3,3.233E+3,-6.169E-1,
1.54E07,3.118E+3,3.218E+3,-1.786E+0,
1.56E07,3.234E+3,3.203E+3,5.485E-1,
1.58E07,3.076E+3,3.188E+3,-2.022E+0,
1.6E07,3.184E+3,3.174E+3,1.829E-1,
1.62E07,3.193E+3,3.159E+3,5.935E-1,
1.64E07,3.143E+3,3.145E+3,-4.404E-2,
1.66E07,3.248E+3,3.132E+3,2.041E+0,
1.68E07,3.000E+3,3.118E+3,-2.157E+0,
1.7E07,3.191E+3,3.105E+3,1.526E+0,
1.72E07,3.116E+3,3.092E+3,4.356E-1,
1.74E07,3.053E+3,3.079E+3,-4.664E-1,
1.76E07,3.082E+3,3.066E+3,2.872E-1,
1.78E07,3.130E+3,3.054E+3,1.366E+0,
1.8E07,2.912E+3,3.041E+3,-2.395E+0,
1.82E07,3.033E+3,3.029E+3,7.037E-2,
1.84E07,2.952E+3,3.017E+3,-1.200E+0,
1.86E07,3.010E+3,3.005E+3,8.258E-2,
1.88E07,3.002E+3,2.994E+3,1.474E-1,
1.9E07,2.984E+3,2.983E+3,2.637E-2,
1.92E07,3.089E+3,2.971E+3,2.116E+0,
1.94E07,3.046E+3,2.960E+3,1.551E+0,
1.96E07,3.049E+3,2.950E+3,1.801E+0,
1.98E07,3.028E+3,2.939E+3,1.619E+0,
2E07,2.951E+3,2.928E+3,4.161E-1,
2.02E07,2.974E+3,2.918E+3,1.026E+0,
2.04E07,2.951E+3,2.908E+3,7.931E-1,
2.06E07,2.835E+3,2.898E+3,-1.182E+0,
2.08E07,2.954E+3,2.888E+3,1.213E+0,
2.1E07,2.943E+3,2.878E+3,1.191E+0,
2.12E07,2.899E+3,2.869E+3,5.596E-1,
2.14E07,2.847E+3,2.859E+3,-2.342E-1,
2.16E07,2.878E+3,2.850E+3,5.170E-1,
2.18E07,2.792E+3,2.841E+3,-9.309E-1,
2.2E07,2.814E+3,2.832E+3,-3.440E-1,
2.22E07,2.934E+3,2.823E+3,2.041E+0,
2.24E07,2.837E+3,2.815E+3,4.168E-1,
2.26E07,2.734E+3,2.806E+3,-1.382E+0,
2.28E07,2.874E+3,2.798E+3,1.420E+0,
2.3E07,2.770E+3,2.790E+3,-3.734E-1,
2.32E07,2.860E+3,2.782E+3,1.467E+0,
2.34E07,2.646E+3,2.774E+3,-2.479E+0,
2.36E07,2.754E+3,2.766E+3,-2.226E-1,
2.38E07,2.817E+3,2.758E+3,1.113E+0,
2.4E07,2.798E+3,2.750E+3,9.012E-1,
2.42E07,2.763E+3,2.743E+3,3.836E-1,
2.44E07,2.745E+3,2.735E+3,1.820E-1,
2.46E07,2.738E+3,2.728E+3,1.872E-1,
2.48E07,2.764E+3,2.721E+3,8.167E-1,
2.5E07,2.844E+3,2.714E+3,2.437E+0,
2.52E07,2.616E+3,2.707E+3,-1.782E+0,
2.54E07,2.689E+3,2.700E+3,-2.181E-1,
2.56E07,2.682E+3,2.694E+3,-2.242E-1,
2.58E07,2.753E+3,2.687E+3,1.257E+0,
2.6E07,2.774E+3,2.681E+3,1.775E+0,
2.62E07,2.680E+3,2.674E+3,1.130E-1,
2.64E07,2.680E+3,2.668E+3,2.344E-1,
2.66E07,2.621E+3,2.662E+3,-7.946E-1,
2.68E07,2.556E+3,2.656E+3,-1.970E+0,
2.7E07,2.698E+3,2.650E+3,9.316E-1,
2.72E07,2.669E+3,2.644E+3,4.894E-1,
2.74E07,2.547E+3,2.638E+3,-1.801E+0,
2.76E07,2.666E+3,2.632E+3,6.545E-1,
2.78E07,2.628E+3,2.627E+3,2.749E-2,
2.8E07,2.594E+3,2.621E+3,-5.314E-1,
2.82E07,2.599E+3,2.616E+3,-3.261E-1,
2.84E07,2.631E+3,2.610E+3,4.041E-1,
2.86E07,2.599E+3,2.605E+3,-1.177E-1,
2.88E07,2.497E+3,2.600E+3,-2.058E+0,
2.9E07,2.641E+3,2.595E+3,9.007E-1,
2.92E07,2.604E+3,2.590E+3,2.804E-1,
2.94E07,2.547E+3,2.585E+3,-7.480E-1,
2.96E07,2.542E+3,2.580E+3,-7.515E-1,
2.98E07,2.525E+3,2.575E+3,-9.971E-1,
3E07,2.505E+3,2.570E+3,-1.307E+0,
3.02E07,2.559E+3,2.566E+3,-1.336E-1,
3.04E07,2.509E+3,2.561E+3,-1.042E+0,
3.06E07,2.465E+3,2.557E+3,-1.847E+0,
3.08E07,2.450E+3,2.552E+3,-2.067E+0,
3.1E07,2.459E+3,2.548E+3,-1.794E+0,
3.12E07,2.582E+3,2.544E+3,7.544E-1,
3.14E07,2.687E+3,2.539E+3,2.846E+0,
3.16E07,2.496E+3,2.535E+3,-7.869E-1,
3.18E07,2.536E+3,2.531E+3,9.463E-2,
3.2E07,2.479E+3,2.527E+3,-9.685E-1,
3.22E07,2.497E+3,2.523E+3,-5.258E-1,
3.24E07,2.519E+3,2.519E+3,-7.695E-3,
3.26E07,2.515E+3,2.516E+3,-1.120E-2,
3.28E07,2.505E+3,2.512E+3,-1.358E-1,
3.3E07,2.441E+3,2.508E+3,-1.358E+0,
3.32E07,2.546E+3,2.504E+3,8.235E-1,
3.34E07,2.527E+3,2.501E+3,5.200E-1,
3.36E07,2.581E+3,2.497E+3,1.647E+0,
3.38E07,2.490E+3,2.494E+3,-7.729E-2,
3.4E07,2.491E+3,2.490E+3,1.127E-2,
3.42E07,2.571E+3,2.487E+3,1.655E+0,
3.44E07,2.519E+3,2.484E+3,7.021E-1,
3.46E07,2.434E+3,2.481E+3,-9.426E-1,
3.48E07,2.454E+3,2.477E+3,-4.703E-1,
3.5E07,2.525E+3,2.474E+3,1.012E+0,
3.52E07,2.347E+3,2.471E+3,-2.560E+0,
3.54E07,2.427E+3,2.468E+3,-8.318E-1,
3.56E07,2.481E+3,2.465E+3,3.218E-1,
3.58E07,2.400E+3,2.462E+3,-1.266E+0,
3.6E07,2.427E+3,2.459E+3,-6.515E-1,
3.62E07,2.473E+3,2.456E+3,3.372E-1,
3.64E07,2.433E+3,2.453E+3,-4.138E-1,
3.66E07,2.440E+3,2.451E+3,-2.152E-1,
3.68E07,2.511E+3,2.448E+3,1.259E+0,
3.7E07,2.514E+3,2.445E+3,1.372E+0,
3.72E07,2.355E+3,2.443E+3,-1.804E+0,
3.74E07,2.423E+3,2.440E+3,-3.446E-1,
3.76E07,2.535E+3,2.437E+3,1.939E+0,
3.78E07,2.289E+3,2.435E+3,-3.049E+0,
3.8E07,2.359E+3,2.432E+3,-1.511E+0,
3.82E07,2.476E+3,2.430E+3,9.254E-1,
3.84E07,2.460E+3,2.428E+3,6.543E-1,
3.86E07,2.394E+3,2.425E+3,-6.373E-1,
3.88E07,2.463E+3,2.423E+3,8.089E-1,
3.9E07,2.431E+3,2.421E+3,2.117E-1,
3.92E07,2.424E+3,2.418E+3,1.156E-1,
3.94E07,2.361E+3,2.416E+3,-1.134E+0,
3.96E07,2.422E+3,2.414E+3,1.645E-1,
3.98E07,2.459E+3,2.412E+3,9.527E-1,
4E07,2.388E+3,2.410E+3,-4.429E-1,
4.02E07,2.414E+3,2.408E+3,1.311E-1,
4.04E07,2.448E+3,2.406E+3,8.587E-1,
4.06E07,2.416E+3,2.403E+3,2.544E-1,
4.08E07,2.387E+3,2.402E+3,-2.971E-1,
4.1E07,2.379E+3,2.400E+3,-4.216E-1,
4.12E07,2.427E+3,2.398E+3,5.960E-1,
4.14E07,2.451E+3,2.396E+3,1.116E+0,
4.16E07,2.371E+3,2.394E+3,-4.701E-1,
4.18E07,2.403E+3,2.392E+3,2.232E-1,
4.2E07,2.339E+3,2.390E+3,-1.060E+0,
4.22E07,2.357E+3,2.388E+3,-6.485E-1,
4.24E07,2.284E+3,2.387E+3,-2.150E+0,
4.26E07,2.361E+3,2.385E+3,-4.944E-1,
4.28E07,2.447E+3,2.383E+3,1.287E+0,
4.3E07,2.436E+3,2.382E+3,1.101E+0,
4.32E07,2.360E+3,2.380E+3,-4.123E-1,
4.34E07,2.476E+3,2.378E+3,1.961E+0,
4.36E07,2.408E+3,2.377E+3,6.351E-1,
4.38E07,2.220E+3,2.375E+3,-3.296E+0,
4.4E07,2.296E+3,2.374E+3,-1.622E+0,
4.42E07,2.323E+3,2.372E+3,-1.021E+0,
4.44E07,2.426E+3,2.371E+3,1.122E+0,
4.46E07,2.250E+3,2.369E+3,-2.515E+0,
4.48E07,2.383E+3,2.368E+3,3.106E-1,
4.5E07,2.346E+3,2.366E+3,-4.216E-1,
4.52E07,2.399E+3,2.365E+3,6.936E-1,
4.54E07,2.380E+3,2.364E+3,3.350E-1,
4.56E07,2.376E+3,2.362E+3,2.810E-1,
4.58E07,2.363E+3,2.361E+3,4.166E-2,
4.6E07,2.414E+3,2.360E+3,1.106E+0,
4.62E07,2.425E+3,2.358E+3,1.353E+0,
4.64E07,2.409E+3,2.357E+3,1.057E+0,
4.66E07,2.289E+3,2.356E+3,-1.398E+0,
4.68E07,2.396E+3,2.355E+3,8.450E-1,
4.7E07,2.392E+3,2.353E+3,7.886E-1,
4.72E07,2.401E+3,2.352E+3,9.950E-1,
4.74E07,2.399E+3,2.351E+3,9.785E-1,
4.76E07,2.393E+3,2.350E+3,8.806E-1,
4.78E07,2.326E+3,2.349E+3,-4.726E-1,
4.8E07,2.394E+3,2.348E+3,9.468E-1,
4.82E07,2.344E+3,2.347E+3,-5.328E-2,
4.84E07,2.338E+3,2.346E+3,-1.551E-1,
4.86E07,2.409E+3,2.344E+3,1.315E+0,
4.88E07,2.335E+3,2.343E+3,-1.737E-1,
4.9E07,2.442E+3,2.342E+3,2.016E+0,
4.92E07,2.371E+3,2.341E+3,6.089E-1,
4.94E07,2.467E+3,2.340E+3,2.550E+0,
4.96E07,2.388E+3,2.339E+3,9.950E-1,
4.98E07,2.331E+3,2.338E+3,-1.535E-1,
5E07,2.298E+3,2.337E+3,-8.232E-1,
5.02E07,2.312E+3,2.337E+3,-5.101E-1,
5.04E07,2.202E+3,2.336E+3,-2.847E+0,
5.06E07,2.324E+3,2.335E+3,-2.220E-1,
5.08E07,2.329E+3,2.334E+3,-9.968E-2,
5.1E07,2.334E+3,2.333E+3,2.207E-2,
5.12E07,2.302E+3,2.332E+3,-6.268E-1,
5.14E07,2.270E+3,2.331E+3,-1.285E+0,
5.16E07,2.285E+3,2.330E+3,-9.495E-1,
5.18E07,2.364E+3,2.330E+3,7.082E-1,
5.2E07,2.310E+3,2.329E+3,-3.902E-1,
5.22E07,2.309E+3,2.328E+3,-3.946E-1,
5.24E07,2.263E+3,2.327E+3,-1.349E+0,
5.26E07,2.262E+3,2.326E+3,-1.354E+0,
5.28E07,2.329E+3,2.326E+3,6.950E-2,
5.3E07,2.294E+3,2.325E+3,-6.451E-1,
5.32E07,2.288E+3,2.324E+3,-7.561E-1,
5.34E07,2.235E+3,2.323E+3,-1.871E+0,
5.36E07,2.333E+3,2.323E+3,2.126E-1,
5.38E07,2.235E+3,2.322E+3,-1.841E+0,
5.4E07,2.316E+3,2.321E+3,-1.109E-1,
5.42E07,2.291E+3,2.321E+3,-6.197E-1,
5.44E07,2.322E+3,2.320E+3,4.164E-2,
5.46E07,2.296E+3,2.319E+3,-4.870E-1,
5.48E07,2.286E+3,2.319E+3,-6.837E-1,
5.5E07,2.340E+3,2.318E+3,4.537E-1,
5.52E07,2.328E+3,2.317E+3,2.191E-1,
5.54E07,2.420E+3,2.317E+3,2.098E+0,
5.56E07,2.317E+3,2.316E+3,1.652E-2,
5.58E07,2.291E+3,2.316E+3,-5.141E-1,
5.6E07,2.245E+3,2.315E+3,-1.478E+0,
5.62E07,2.292E+3,2.314E+3,-4.688E-1,
5.64E07,2.332E+3,2.314E+3,3.754E-1,
5.66E07,2.365E+3,2.313E+3,1.063E+0,
5.68E07,2.332E+3,2.313E+3,3.984E-1,
5.7E07,2.275E+3,2.312E+3,-7.804E-1,
5.72E07,2.214E+3,2.312E+3,-2.076E+0,
5.74E07,2.206E+3,2.311E+3,-2.239E+0,
5.76E07,2.226E+3,2.311E+3,-1.794E+0,
5.78E07,2.266E+3,2.310E+3,-9.272E-1,
5.8E07,2.351E+3,2.310E+3,8.531E-1,
5.82E07,2.295E+3,2.309E+3,-2.952E-1,
5.84E07,2.340E+3,2.309E+3,6.479E-1,
5.86E07,2.394E+3,2.308E+3,1.754E+0,
5.88E07,2.351E+3,2.308E+3,8.928E-1,
5.9E07,2.393E+3,2.307E+3,1.753E+0,
5.92E07,2.247E+3,2.307E+3,-1.261E+0,
5.94E07,2.342E+3,2.306E+3,7.367E-1,
5.96E07,2.317E+3,2.306E+3,2.304E-1,
5.98E07,2.332E+3,2.305E+3,5.493E-1,
6E07,2.370E+3,2.305E+3,1.334E+0,
6.02E07,2.420E+3,2.305E+3,2.345E+0,
6.04E07,2.358E+3,2.304E+3,1.108E+0,
6.06E07,2.412E+3,2.304E+3,2.203E+0,
6.08E07,2.233E+3,2.303E+3,-1.490E+0,
6.1E07,2.297E+3,2.303E+3,-1.255E-1,
6.12E07,2.388E+3,2.303E+3,1.747E+0,
6.14E07,2.327E+3,2.302E+3,5.131E-1,
6.16E07,2.288E+3,2.302E+3,-2.900E-1,
6.18E07,2.310E+3,2.302E+3,1.768E-1,
6.2E07,2.280E+3,2.301E+3,-4.427E-1,
6.22E07,2.222E+3,2.301E+3,-1.671E+0,
6.24E07,2.350E+3,2.300E+3,1.023E+0,
6.26E07,2.355E+3,2.300E+3,1.132E+0,
6.28E07,2.201E+3,2.300E+3,-2.105E+0,
6.3E07,2.336E+3,2.299E+3,7.571E-1,
6.32E07,2.310E+3,2.299E+3,2.272E-1,
6.34E07,2.317E+3,2.299E+3,3.791E-1,
6.36E07,2.328E+3,2.298E+3,6.128E-1,
6.38E07,2.333E+3,2.298E+3,7.221E-1,
64000005.000000,2.339E+3,2.298E+3,8.517E-1,
64200005.000000,2.259E+3,2.298E+3,-8.102E-1,
64400005.000000,2.260E+3,2.297E+3,-7.826E-1,
64600005.000000,2.247E+3,2.297E+3,-1.053E+0,
64800005.000000,2.415E+3,2.297E+3,2.409E+0,
65000005.000000,2.287E+3,2.296E+3,-1.952E-1,
65200005.000000,2.382E+3,2.296E+3,1.761E+0,
65400005.000000,2.393E+3,2.296E+3,1.987E+0,
65600005.000000,2.330E+3,2.296E+3,7.146E-1,
65800005.000000,2.306E+3,2.295E+3,2.241E-1,
66000005.000000,2.317E+3,2.295E+3,4.576E-1,
66200005.000000,2.202E+3,2.295E+3,-1.976E+0,
66400005.000000,2.297E+3,2.294E+3,5.304E-2,
66600005.000000,2.314E+3,2.294E+3,4.115E-1,
66800005.000000,2.387E+3,2.294E+3,1.904E+0,
67000005.000000,2.233E+3,2.294E+3,-1.285E+0,
67200005.000000,2.299E+3,2.293E+3,1.152E-1,
67400005.000000,2.361E+3,2.293E+3,1.395E+0,
67600005.000000,2.253E+3,2.293E+3,-8.429E-1,
67800005.000000,2.299E+3,2.293E+3,1.297E-1,
68000005.000000,2.321E+3,2.293E+3,5.904E-1,
68200005.000000,2.326E+3,2.292E+3,6.980E-1,
68400005.000000,2.256E+3,2.292E+3,-7.604E-1,
68600005.000000,2.263E+3,2.292E+3,-6.076E-1,
68800005.000000,2.265E+3,2.292E+3,-5.608E-1,
69000005.000000,2.327E+3,2.291E+3,7.362E-1,
69200005.000000,2.247E+3,2.291E+3,-9.341E-1,
69400005.000000,2.216E+3,2.291E+3,-1.595E+0,
69600005.000000,2.236E+3,2.291E+3,-1.161E+0,
69800005.000000,2.339E+3,2.291E+3,9.990E-1,
70000005.000000,2.241E+3,2.290E+3,-1.046E+0,
70200005.000000,2.353E+3,2.290E+3,1.292E+0,
70400006.000000,2.298E+3,2.290E+3,1.643E-1,
70600006.000000,2.378E+3,2.290E+3,1.806E+0,
70800006.000000,2.325E+3,2.290E+3,7.308E-1,
71000006.000000,2.284E+3,2.290E+3,-1.168E-1,
71200006.000000,2.292E+3,2.289E+3,5.412E-2,
71400006.000000,2.267E+3,2.289E+3,-4.671E-1,
71600006.000000,2.270E+3,2.289E+3,-4.002E-1,
71800006.000000,2.299E+3,2.289E+3,2.106E-1,
72000006.000000,2.261E+3,2.289E+3,-5.834E-1,
72200006.000000,2.239E+3,2.289E+3,-1.048E+0,
72400006.000000,2.269E+3,2.288E+3,-4.077E-1,
72600006.000000,2.221E+3,2.288E+3,-1.427E+0,
72800006.000000,2.256E+3,2.288E+3,-6.761E-1,
73000006.000000,2.391E+3,2.288E+3,2.107E+0,
73200006.000000,2.337E+3,2.288E+3,1.017E+0,
73400006.000000,2.322E+3,2.288E+3,7.125E-1,
73600006.000000,2.286E+3,2.288E+3,-3.190E-2,
73800006.000000,2.302E+3,2.287E+3,3.046E-1,
74000006.000000,2.265E+3,2.287E+3,-4.674E-1,
74200006.000000,2.311E+3,2.287E+3,4.970E-1,
74400006.000000,2.184E+3,2.287E+3,-2.203E+0,
74600006.000000,2.366E+3,2.287E+3,1.627E+0,
74800006.000000,2.243E+3,2.287E+3,-9.229E-1,
75000006.000000,2.281E+3,2.287E+3,-1.169E-1,
75200006.000000,2.246E+3,2.286E+3,-8.537E-1,
75400006.000000,2.285E+3,2.286E+3,-2.787E-2,
75600006.000000,2.290E+3,2.286E+3,7.920E-2,
75800006.000000,2.292E+3,2.286E+3,1.235E-1,
76000006.000000,2.337E+3,2.286E+3,1.056E+0,
76200006.000000,2.285E+3,2.286E+3,-1.788E-2,
76400006.000000,2.322E+3,2.286E+3,7.525E-1,
76600006.000000,2.316E+3,2.286E+3,6.311E-1,
76800006.000000,2.165E+3,2.286E+3,-2.590E+0,
77000006.000000,2.282E+3,2.285E+3,-7.132E-2,
77200006.000000,2.258E+3,2.285E+3,-5.745E-1,
77400006.000000,2.233E+3,2.285E+3,-1.105E+0,
77600006.000000,2.269E+3,2.285E+3,-3.378E-1,
77800006.000000,2.242E+3,2.285E+3,-9.079E-1,
78000006.000000,2.316E+3,2.285E+3,6.465E-1,
78200006.000000,2.280E+3,2.285E+3,-1.002E-1,
78400006.000000,2.217E+3,2.285E+3,-1.438E+0,
78600006.000000,2.184E+3,2.285E+3,-2.152E+0,
78800006.000000,2.318E+3,2.284E+3,6.959E-1,
79000006.000000,2.260E+3,2.284E+3,-5.134E-1,
79200006.000000,2.330E+3,2.284E+3,9.465E-1,
79400006.000000,2.307E+3,2.284E+3,4.742E-1,
79600006.000000,2.329E+3,2.284E+3,9.297E-1,
79800006.000000,2.334E+3,2.284E+3,1.034E+0,
80000006.000000,2.280E+3,2.284E+3,-8.295E-2,
80200006.000000,2.234E+3,2.284E+3,-1.055E+0,
80400006.000000,2.289E+3,2.284E+3,1.088E-1,
80600006.000000,2.249E+3,2.284E+3,-7.319E-1,
80800006.000000,2.294E+3,2.284E+3,2.165E-1,
81000006.000000,2.232E+3,2.284E+3,-1.091E+0,
81200006.000000,2.291E+3,2.283E+3,1.573E-1,
81400006.000000,2.229E+3,2.283E+3,-1.152E+0,
81600006.000000,2.375E+3,2.283E+3,1.881E+0,
81800006.000000,2.217E+3,2.283E+3,-1.407E+0,
82000006.000000,2.196E+3,2.283E+3,-1.860E+0,
82200006.000000,2.237E+3,2.283E+3,-9.747E-1,
82400006.000000,2.328E+3,2.283E+3,9.320E-1,
82600006.000000,2.302E+3,2.283E+3,3.968E-1,
82800006.000000,2.381E+3,2.283E+3,2.011E+0,
83000006.000000,2.297E+3,2.283E+3,2.958E-1,
83200007.000000,2.213E+3,2.283E+3,-1.483E+0,
83400007.000000,2.290E+3,2.283E+3,1.527E-1,
83600007.000000,2.371E+3,2.283E+3,1.815E+0,
83800007.000000,2.249E+3,2.283E+3,-7.077E-1,
84000007.000000,2.328E+3,2.283E+3,9.430E-1,
84200007.000000,2.245E+3,2.282E+3,-7.902E-1,
84400007.000000,2.207E+3,2.282E+3,-1.605E+0,
84600007.000000,2.294E+3,2.282E+3,2.439E-1,
84800007.000000,2.269E+3,2.282E+3,-2.784E-1,
85000007.000000,2.289E+3,2.282E+3,1.421E-1,
85200007.000000,2.282E+3,2.282E+3,-3.077E-3,
85400007.000000,2.233E+3,2.282E+3,-1.039E+0,
85600007.000000,2.409E+3,2.282E+3,2.587E+0,
85800007.000000,2.219E+3,2.282E+3,-1.337E+0,
86000007.000000,2.293E+3,2.282E+3,2.312E-1,
86200007.000000,2.205E+3,2.282E+3,-1.637E+0,
86400007.000000,2.385E+3,2.282E+3,2.113E+0,
86600007.000000,2.311E+3,2.282E+3,6.079E-1,
86800007.000000,2.366E+3,2.282E+3,1.733E+0,
87000007.000000,2.307E+3,2.282E+3,5.272E-1,
87200007.000000,2.264E+3,2.282E+3,-3.705E-1,
87400007.000000,2.290E+3,2.282E+3,1.760E-1,
87600007.000000,2.296E+3,2.282E+3,3.019E-1,
87800007.000000,2.260E+3,2.281E+3,-4.520E-1,
88000007.000000,2.342E+3,2.281E+3,1.251E+0,
88200007.000000,2.228E+3,2.281E+3,-1.131E+0,
88400007.000000,2.258E+3,2.281E+3,-4.915E-1,
88600007.000000,2.278E+3,2.281E+3,-6.935E-2,
88800007.000000,2.202E+3,2.281E+3,-1.689E+0,
89000007.000000,2.280E+3,2.281E+3,-2.567E-2,
89200007.000000,2.218E+3,2.281E+3,-1.342E+0,
89400007.000000,2.235E+3,2.281E+3,-9.761E-1,
89600007.000000,2.138E+3,2.281E+3,-3.095E+0,
89800007.000000,2.245E+3,2.281E+3,-7.612E-1,
90000007.000000,2.311E+3,2.281E+3,6.235E-1,
90200007.000000,2.282E+3,2.281E+3,2.118E-2,
90400007.000000,2.271E+3,2.281E+3,-2.088E-1,
90600007.000000,2.266E+3,2.281E+3,-3.133E-1,
90800007.000000,2.295E+3,2.281E+3,2.948E-1,
91000007.000000,2.224E+3,2.281E+3,-1.205E+0,
91200007.000000,2.297E+3,2.281E+3,3.379E-1,
91400007.000000,2.323E+3,2.281E+3,8.761E-1,
91600007.000000,2.266E+3,2.281E+3,-3.096E-1,
91800007.000000,2.224E+3,2.281E+3,-1.202E+0,
92000007.000000,2.239E+3,2.281E+3,-8.807E-1,
92200007.000000,2.269E+3,2.281E+3,-2.444E-1,
92400007.000000,2.236E+3,2.281E+3,-9.434E-1,
92600007.000000,2.288E+3,2.281E+3,1.552E-1,
92800007.000000,2.307E+3,2.281E+3,5.508E-1,
93000007.000000,2.202E+3,2.281E+3,-1.673E+0,
93200007.000000,2.237E+3,2.280E+3,-9.194E-1,
93400007.000000,2.251E+3,2.280E+3,-6.209E-1,
93600007.000000,2.292E+3,2.280E+3,2.417E-1,
93800007.000000,2.299E+3,2.280E+3,3.879E-1,
94000007.000000,2.179E+3,2.280E+3,-2.172E+0,
94200007.000000,2.225E+3,2.280E+3,-1.173E+0,
94400007.000000,2.266E+3,2.280E+3,-3.007E-1,
94600007.000000,2.161E+3,2.280E+3,-2.566E+0,
94800007.000000,2.191E+3,2.280E+3,-1.907E+0,
95000007.000000,2.316E+3,2.280E+3,7.431E-1,
95200007.000000,2.237E+3,2.280E+3,-9.136E-1,
95400007.000000,2.303E+3,2.280E+3,4.754E-1,
95600007.000000,2.368E+3,2.280E+3,1.805E+0,
95800007.000000,2.267E+3,2.280E+3,-2.759E-1,
96000008.000000,2.234E+3,2.280E+3,-9.756E-1,
96200008.000000,2.288E+3,2.280E+3,1.654E-1,
96400008.000000,2.239E+3,2.280E+3,-8.679E-1,
96600008.000000,2.240E+3,2.280E+3,-8.461E-1,
96800008.000000,2.317E+3,2.280E+3,7.682E-1,
97000008.000000,2.286E+3,2.280E+3,1.255E-1,
97200008.000000,2.265E+3,2.280E+3,-3.147E-1,
97400008.000000,2.263E+3,2.280E+3,-3.565E-1,
97600008.000000,2.198E+3,2.280E+3,-1.748E+0,
97800008.000000,2.331E+3,2.280E+3,1.058E+0,
98000008.000000,2.313E+3,2.280E+3,6.883E-1,
98200008.000000,2.298E+3,2.280E+3,3.781E-1,
98400008.000000,2.267E+3,2.280E+3,-2.700E-1,
98600008.000000,2.211E+3,2.280E+3,-1.464E+0,
98800008.000000,2.143E+3,2.280E+3,-2.955E+0,
99000008.000000,2.251E+3,2.280E+3,-6.070E-1,
99200008.000000,2.278E+3,2.280E+3,-3.729E-2,
99400008.000000,2.242E+3,2.280E+3,-7.975E-1,
99600008.000000,2.390E+3,2.280E+3,2.255E+0,
99800008.000000,2.398E+3,2.280E+3,2.415E+0,
1E08,2.318E+3,2.280E+3,7.953E-1,
1.002E008,2.275E+3,2.280E+3,-9.836E-2,
1.004E008,2.286E+3,2.280E+3,1.323E-1,
1.006E008,2.251E+3,2.280E+3,-6.040E-1,
1.008E008,2.366E+3,2.280E+3,1.775E+0,
1.01E08,2.290E+3,2.280E+3,2.168E-1,
1.012E008,2.398E+3,2.280E+3,2.418E+0,
1.014E008,2.182E+3,2.280E+3,-2.089E+0,
1.016E008,2.225E+3,2.280E+3,-1.157E+0,
1.018E008,2.365E+3,2.280E+3,1.757E+0,
1.02E08,2.268E+3,2.280E+3,-2.425E-1,
1.022E008,2.198E+3,2.280E+3,-1.739E+0,
1.024E008,2.336E+3,2.280E+3,1.169E+0,
1.026E008,2.334E+3,2.280E+3,1.128E+0,
1.028E008,2.216E+3,2.279E+3,-1.349E+0,
1.03E08,2.334E+3,2.279E+3,1.129E+0,
1.032E008,2.232E+3,2.279E+3,-1.005E+0,
1.034E008,2.372E+3,2.279E+3,1.900E+0,
1.036E008,2.297E+3,2.279E+3,3.664E-1,
1.038E008,2.193E+3,2.279E+3,-1.846E+0,
1.04E08,2.259E+3,2.279E+3,-4.295E-1,
1.042E008,2.298E+3,2.279E+3,3.880E-1,
1.044E008,2.282E+3,2.279E+3,5.464E-2,
1.046E008,2.289E+3,2.279E+3,2.011E-1,
1.048E008,2.262E+3,2.279E+3,-3.651E-1,
1.05E08,2.187E+3,2.279E+3,-1.975E+0,
1.052E008,2.328E+3,2.279E+3,1.008E+0,
1.054E008,2.341E+3,2.279E+3,1.275E+0,
1.056E008,2.336E+3,2.279E+3,1.173E+0,
1.058E008,2.181E+3,2.279E+3,-2.105E+0,
1.06E08,2.267E+3,2.279E+3,-2.583E-1,
1.062E008,2.292E+3,2.279E+3,2.655E-1,
1.064E008,2.305E+3,2.279E+3,5.358E-1,
1.066E008,2.377E+3,2.279E+3,2.005E+0,
1.068E008,2.207E+3,2.279E+3,-1.538E+0,
1.07E08,2.243E+3,2.279E+3,-7.654E-1,
1.072E008,2.325E+3,2.279E+3,9.491E-1,
1.074E008,2.242E+3,2.279E+3,-7.863E-1,
1.076E008,2.278E+3,2.279E+3,-2.555E-2,
1.078E008,2.251E+3,2.279E+3,-5.946E-1,
1.08E08,2.244E+3,2.279E+3,-7.431E-1,
1.082E008,2.305E+3,2.279E+3,5.376E-1,
1.084E008,2.283E+3,2.279E+3,7.988E-2,
1.086E008,2.283E+3,2.279E+3,8.007E-2,
1.088E008,2.210E+3,2.279E+3,-1.471E+0,
1.09E08,2.231E+3,2.279E+3,-1.020E+0,
1.092E008,2.350E+3,2.279E+3,1.462E+0,
1.094E008,2.247E+3,2.279E+3,-6.780E-1,
1.096E008,2.180E+3,2.279E+3,-2.123E+0,
1.098E008,2.194E+3,2.279E+3,-1.817E+0,
1.1E08,2.367E+3,2.279E+3,1.806E+0,
1.102E008,2.209E+3,2.279E+3,-1.492E+0,
1.104E008,2.272E+3,2.279E+3,-1.490E-1,
1.106E008,2.328E+3,2.279E+3,1.014E+0,
1.108E008,2.149E+3,2.279E+3,-2.806E+0,
1.11E08,2.247E+3,2.279E+3,-6.768E-1,
1.112E008,2.312E+3,2.279E+3,6.848E-1,
1.114E008,2.363E+3,2.279E+3,1.727E+0,
1.116E008,2.301E+3,2.279E+3,4.574E-1,
1.118E008,2.284E+3,2.279E+3,1.035E-1,
1.12E08,2.364E+3,2.279E+3,1.747E+0,
1.122E008,2.277E+3,2.279E+3,-4.274E-2,
1.124E008,2.268E+3,2.279E+3,-2.317E-1,
1.126E008,2.275E+3,2.279E+3,-8.442E-2,
1.128E008,2.326E+3,2.279E+3,9.741E-1,
1.13E08,2.358E+3,2.279E+3,1.627E+0,
1.132E008,2.353E+3,2.279E+3,1.525E+0,
1.134E008,2.337E+3,2.279E+3,1.200E+0,
1.136E008,2.293E+3,2.279E+3,2.924E-1,
1.138E008,2.360E+3,2.279E+3,1.668E+0,
1.14E08,2.398E+3,2.279E+3,2.430E+0,
1.142E008,2.301E+3,2.279E+3,4.591E-1,
1.144E008,2.308E+3,2.279E+3,6.042E-1,
1.146E008,2.351E+3,2.279E+3,1.486E+0,
1.148E008,2.334E+3,2.279E+3,1.139E+0,
1.15E08,2.239E+3,2.279E+3,-8.445E-1,
1.152E008,2.134E+3,2.279E+3,-3.138E+0,
1.154E008,2.281E+3,2.279E+3,4.297E-2,
1.156E008,2.266E+3,2.279E+3,-2.719E-1,
1.158E008,2.189E+3,2.279E+3,-1.922E+0,
1.16E08,2.288E+3,2.279E+3,1.895E-1,
1.162E008,2.330E+3,2.279E+3,1.058E+0,
1.164E008,2.348E+3,2.279E+3,1.426E+0,
1.166E008,2.264E+3,2.279E+3,-3.136E-1,
1.168E008,2.269E+3,2.279E+3,-2.081E-1,
1.17E08,2.247E+3,2.279E+3,-6.732E-1,
1.172E008,2.388E+3,2.279E+3,2.232E+0,
1.174E008,2.269E+3,2.279E+3,-2.079E-1,
1.176E008,2.324E+3,2.279E+3,9.356E-1,
1.178E008,2.346E+3,2.279E+3,1.385E+0,
1.18E08,2.157E+3,2.279E+3,-2.624E+0,
1.182E008,2.201E+3,2.279E+3,-1.660E+0,
1.184E008,2.331E+3,2.279E+3,1.080E+0,
1.186E008,2.271E+3,2.279E+3,-1.653E-1,
1.188E008,2.304E+3,2.279E+3,5.235E-1,
1.19E08,2.263E+3,2.279E+3,-3.336E-1,
1.192E008,2.253E+3,2.279E+3,-5.449E-1,
1.194E008,2.265E+3,2.279E+3,-2.913E-1,
1.196E008,2.355E+3,2.279E+3,1.569E+0,
1.198E008,2.278E+3,2.279E+3,-1.791E-2,
1.2E08,2.298E+3,2.279E+3,3.994E-1,
1.202E008,2.281E+3,2.279E+3,4.506E-2,
1.204E008,2.346E+3,2.279E+3,1.386E+0,
1.206E008,2.310E+3,2.279E+3,6.483E-1,
1.208E008,2.320E+3,2.279E+3,8.546E-1,
1.21E08,2.225E+3,2.279E+3,-1.141E+0,
1.212E008,2.342E+3,2.279E+3,1.305E+0,
1.214E008,2.233E+3,2.279E+3,-9.698E-1,
1.216E008,2.218E+3,2.279E+3,-1.292E+0,
1.218E008,2.315E+3,2.279E+3,7.519E-1,
1.22E08,2.292E+3,2.279E+3,2.753E-1,
1.222E008,2.254E+3,2.279E+3,-5.227E-1,
1.224E008,2.312E+3,2.279E+3,6.902E-1,
1.226E008,2.265E+3,2.279E+3,-2.902E-1,
1.228E008,2.325E+3,2.279E+3,9.580E-1,
1.23E08,2.402E+3,2.279E+3,2.514E+0,
1.232E008,2.324E+3,2.279E+3,9.376E-1,
1.234E008,2.349E+3,2.279E+3,1.448E+0,
1.236E008,2.233E+3,2.279E+3,-9.692E-1,
1.238E008,2.345E+3,2.279E+3,1.367E+0,
1.24E08,2.255E+3,2.279E+3,-5.010E-1,
1.242E008,2.197E+3,2.279E+3,-1.745E+0,
1.244E008,2.319E+3,2.279E+3,8.351E-1,
1.246E008,2.347E+3,2.279E+3,1.408E+0,
1.248E008,2.334E+3,2.279E+3,1.143E+0,
1.25E08,2.311E+3,2.279E+3,6.702E-1,
1.252E008,2.328E+3,2.279E+3,1.020E+0,
1.254E008,2.248E+3,2.279E+3,-6.491E-1,
1.256E008,2.355E+3,2.279E+3,1.571E+0,
1.258E008,2.344E+3,2.279E+3,1.347E+0,
1.26E08,2.197E+3,2.279E+3,-1.745E+0,
1.262E008,2.325E+3,2.279E+3,9.588E-1,
1.264E008,2.309E+3,2.279E+3,6.292E-1,
1.266E008,2.343E+3,2.279E+3,1.327E+0,
1.268E008,2.354E+3,2.279E+3,1.551E+0,
1.27E08,2.282E+3,2.279E+3,6.786E-2,
1.272E008,2.270E+3,2.279E+3,-1.838E-1,
1.274E008,2.332E+3,2.279E+3,1.103E+0,
1.276E008,2.215E+3,2.279E+3,-1.355E+0,
1.278E008,2.286E+3,2.279E+3,1.516E-1,
1.28E08,2.182E+3,2.279E+3,-2.071E+0,
1.282E008,2.312E+3,2.279E+3,6.916E-1,
1.284E008,2.313E+3,2.279E+3,7.122E-1,
1.286E008,2.307E+3,2.279E+3,5.883E-1,
1.288E008,2.278E+3,2.279E+3,-1.555E-2,
1.29E08,2.286E+3,2.279E+3,1.518E-1,
1.292E008,2.248E+3,2.279E+3,-6.483E-1,
1.294E008,2.288E+3,2.279E+3,1.937E-1,
1.296E008,2.207E+3,2.279E+3,-1.527E+0,
1.298E008,2.405E+3,2.279E+3,2.575E+0,
1.3E08,2.341E+3,2.279E+3,1.287E+0,
1.302E008,2.218E+3,2.279E+3,-1.290E+0,
1.304E008,2.381E+3,2.279E+3,2.096E+0,
1.306E008,2.285E+3,2.279E+3,1.312E-1,
1.308E008,2.434E+3,2.279E+3,3.147E+0,
1.31E08,2.239E+3,2.279E+3,-8.395E-1,
1.312E008,2.344E+3,2.279E+3,1.348E+0,
1.314E008,2.278E+3,2.279E+3,-1.513E-2,
1.316E008,2.184E+3,2.279E+3,-2.027E+0,
1.318E008,2.397E+3,2.279E+3,2.416E+0,
1.32E08,2.289E+3,2.279E+3,2.149E-1,
1.322E008,2.259E+3,2.279E+3,-4.148E-1,
1.324E008,2.372E+3,2.279E+3,1.915E+0,
1.326E008,2.273E+3,2.279E+3,-1.198E-1,
1.328E008,2.300E+3,2.279E+3,4.439E-1,
1.33E08,2.259E+3,2.279E+3,-4.147E-1,
1.332E008,2.371E+3,2.279E+3,1.895E+0,
1.334E008,2.243E+3,2.279E+3,-7.540E-1,
1.336E008,2.319E+3,2.279E+3,8.367E-1,
1.338E008,2.210E+3,2.279E+3,-1.462E+0,
1.34E08,2.327E+3,2.279E+3,1.001E+0,
1.342E008,2.377E+3,2.279E+3,2.016E+0,
1.344E008,2.297E+3,2.279E+3,3.818E-1,
1.346E008,2.291E+3,2.279E+3,2.569E-1,
1.348E008,2.250E+3,2.279E+3,-6.051E-1,
1.35E08,2.280E+3,2.279E+3,2.722E-2,
1.352E008,2.294E+3,2.279E+3,3.195E-1,
1.354E008,2.283E+3,2.279E+3,9.004E-2,
1.356E008,2.228E+3,2.279E+3,-1.074E+0,
1.358E008,2.320E+3,2.279E+3,8.575E-1,
1.36E08,2.316E+3,2.279E+3,7.752E-1,
1.362E008,2.346E+3,2.279E+3,1.390E+0,
1.364E008,2.345E+3,2.279E+3,1.369E+0,
1.366E008,2.206E+3,2.279E+3,-1.548E+0,
1.368E008,2.328E+3,2.279E+3,1.022E+0,
1.37E08,2.182E+3,2.279E+3,-2.070E+0,
1.372E008,2.297E+3,2.279E+3,3.820E-1,
1.374E008,2.256E+3,2.279E+3,-4.777E-1,
1.376E008,2.358E+3,2.279E+3,1.633E+0,
1.378E008,2.319E+3,2.279E+3,8.371E-1,
1.38E08,2.320E+3,2.279E+3,8.577E-1,
1.382E008,2.375E+3,2.279E+3,1.976E+0,
1.384E008,2.323E+3,2.279E+3,9.195E-1,
1.386E008,2.344E+3,2.279E+3,1.349E+0,
1.388E008,2.214E+3,2.279E+3,-1.375E+0,
1.39E08,2.233E+3,2.279E+3,-9.667E-1,
1.392E008,2.311E+3,2.279E+3,6.723E-1,
1.394E008,2.272E+3,2.279E+3,-1.402E-1,
1.396E008,2.293E+3,2.279E+3,2.990E-1,
1.398E008,2.309E+3,2.279E+3,6.310E-1,
1.4E08,2.284E+3,2.279E+3,1.113E-1,
1.402E008,2.294E+3,2.279E+3,3.199E-1,
1.404E008,2.282E+3,2.279E+3,6.956E-2,
1.406E008,2.205E+3,2.279E+3,-1.569E+0,
1.408E008,2.257E+3,2.279E+3,-4.563E-1,
1.41E08,2.196E+3,2.279E+3,-1.764E+0,
1.412E008,2.245E+3,2.279E+3,-7.107E-1,
1.414E008,2.269E+3,2.279E+3,-2.031E-1,
1.416E008,2.193E+3,2.279E+3,-1.829E+0,
1.418E008,2.271E+3,2.279E+3,-1.610E-1,
1.42E08,2.214E+3,2.279E+3,-1.374E+0,
1.422E008,2.308E+3,2.279E+3,6.105E-1,
1.424E008,2.341E+3,2.279E+3,1.288E+0,
1.426E008,2.264E+3,2.279E+3,-3.083E-1,
1.428E008,2.219E+3,2.279E+3,-1.267E+0,
1.43E08,2.230E+3,2.279E+3,-1.031E+0,
1.432E008,2.178E+3,2.279E+3,-2.157E+0,
1.434E008,2.227E+3,2.279E+3,-1.095E+0,
1.436E008,2.370E+3,2.279E+3,1.876E+0,
1.438E008,2.294E+3,2.279E+3,3.201E-1,
1.44E08,2.280E+3,2.279E+3,2.792E-2,
1.442E008,2.327E+3,2.279E+3,1.002E+0,
1.444E008,2.408E+3,2.279E+3,2.636E+0,
1.446E008,2.222E+3,2.279E+3,-1.202E+0,
1.448E008,2.311E+3,2.279E+3,6.726E-1,
1.45E08,2.210E+3,2.279E+3,-1.461E+0,
1.452E008,2.269E+3,2.279E+3,-2.029E-1,
1.454E008,2.345E+3,2.279E+3,1.370E+0,
1.456E008,2.341E+3,2.279E+3,1.288E+0,
1.458E008,2.242E+3,2.279E+3,-7.743E-1,
1.46E08,2.294E+3,2.279E+3,3.202E-1,
1.462E008,2.274E+3,2.279E+3,-9.776E-2,
1.464E008,2.324E+3,2.279E+3,9.405E-1,
1.466E008,2.223E+3,2.279E+3,-1.181E+0,
1.468E008,2.351E+3,2.279E+3,1.492E+0,
1.47E08,2.187E+3,2.279E+3,-1.960E+0,
1.472E008,2.272E+3,2.279E+3,-1.397E-1,
1.474E008,2.354E+3,2.279E+3,1.553E+0,
1.476E008,2.303E+3,2.279E+3,5.072E-1,
1.478E008,2.247E+3,2.279E+3,-6.679E-1,
1.48E08,2.314E+3,2.279E+3,7.347E-1,
1.482E008,2.298E+3,2.279E+3,4.035E-1,
1.484E008,2.222E+3,2.279E+3,-1.202E+0,
1.486E008,2.243E+3,2.279E+3,-7.529E-1,
1.488E008,2.227E+3,2.279E+3,-1.095E+0,
1.49E08,2.261E+3,2.279E+3,-3.713E-1,
1.492E008,2.229E+3,2.279E+3,-1.052E+0,
1.494E008,2.323E+3,2.279E+3,9.201E-1,
1.496E008,2.281E+3,2.279E+3,4.909E-2,
1.498E008,2.256E+3,2.279E+3,-4.770E-1,
1.5E08,2.308E+3,2.279E+3,6.108E-1,
1.502E008,2.282E+3,2.279E+3,7.004E-2,
1.504E008,2.224E+3,2.279E+3,-1.159E+0,
1.506E008,2.381E+3,2.279E+3,2.097E+0,
1.508E008,2.333E+3,2.279E+3,1.125E+0,
1.51E08,2.385E+3,2.279E+3,2.178E+0,
1.512E008,2.221E+3,2.279E+3,-1.223E+0,
1.514E008,2.278E+3,2.279E+3,-1.367E-2,
1.516E008,2.324E+3,2.279E+3,9.407E-1,
1.518E008,2.302E+3,2.279E+3,4.866E-1,
1.52E08,2.278E+3,2.279E+3,-1.365E-2,
1.522E008,2.261E+3,2.279E+3,-3.712E-1,
1.524E008,2.361E+3,2.279E+3,1.695E+0,
1.526E008,2.381E+3,2.279E+3,2.098E+0,
1.528E008,2.254E+3,2.279E+3,-5.192E-1,
1.53E08,2.335E+3,2.279E+3,1.166E+0,
1.532E008,2.337E+3,2.279E+3,1.207E+0,
1.534E008,2.319E+3,2.279E+3,8.379E-1,
1.536E008,2.249E+3,2.279E+3,-6.252E-1,
1.538E008,2.271E+3,2.279E+3,-1.605E-1,
1.54E08,2.231E+3,2.279E+3,-1.009E+0,
1.542E008,2.255E+3,2.279E+3,-4.980E-1,
1.544E008,2.230E+3,2.279E+3,-1.030E+0,
1.546E008,2.395E+3,2.279E+3,2.377E+0,
1.548E008,2.253E+3,2.279E+3,-5.404E-1,
1.55E08,2.335E+3,2.279E+3,1.166E+0,
1.552E008,2.252E+3,2.279E+3,-5.615E-1,
1.554E008,2.319E+3,2.279E+3,8.379E-1,
1.556E008,2.294E+3,2.279E+3,3.205E-1,
1.558E008,2.207E+3,2.279E+3,-1.525E+0,
1.56E08,2.311E+3,2.279E+3,6.730E-1,
1.562E008,2.245E+3,2.279E+3,-7.101E-1,
1.564E008,2.260E+3,2.279E+3,-3.922E-1,
1.566E008,2.289E+3,2.279E+3,2.164E-1,
1.568E008,2.202E+3,2.279E+3,-1.633E+0,
1.57E08,2.215E+3,2.279E+3,-1.352E+0,
1.572E008,2.241E+3,2.279E+3,-7.952E-1,
1.574E008,2.251E+3,2.279E+3,-5.827E-1,
1.576E008,2.207E+3,2.279E+3,-1.525E+0,
1.578E008,2.375E+3,2.279E+3,1.977E+0,
1.58E08,2.320E+3,2.279E+3,8.586E-1,
1.582E008,2.256E+3,2.279E+3,-4.768E-1,
1.584E008,2.303E+3,2.279E+3,5.075E-1,
1.586E008,2.332E+3,2.279E+3,1.105E+0,
1.588E008,2.322E+3,2.279E+3,8.997E-1,
1.59E08,2.270E+3,2.279E+3,-1.814E-1,
1.592E008,2.258E+3,2.279E+3,-4.344E-1,
1.594E008,2.263E+3,2.279E+3,-3.289E-1,
1.596E008,2.243E+3,2.279E+3,-7.526E-1,
1.598E008,2.255E+3,2.279E+3,-4.979E-1,
1.6E08,2.334E+3,2.279E+3,1.146E+0,
1.602E008,2.384E+3,2.279E+3,2.158E+0,
1.604E008,2.261E+3,2.279E+3,-3.711E-1,
1.606E008,2.303E+3,2.279E+3,5.075E-1,
1.608E008,2.308E+3,2.279E+3,6.111E-1,
1.61E08,2.304E+3,2.279E+3,5.283E-1,
1.612E008,2.306E+3,2.279E+3,5.697E-1,
1.614E008,2.286E+3,2.279E+3,1.539E-1,
1.616E008,2.289E+3,2.279E+3,2.165E-1,
1.618E008,2.163E+3,2.279E+3,-2.487E+0,
1.62E08,2.279E+3,2.279E+3,7.487E-3,
1.622E008,2.256E+3,2.279E+3,-4.767E-1,
1.624E008,2.282E+3,2.279E+3,7.029E-2,
1.626E008,2.299E+3,2.279E+3,4.246E-1,
1.628E008,2.250E+3,2.279E+3,-6.038E-1,
1.63E08,2.292E+3,2.279E+3,2.790E-1,
1.632E008,2.189E+3,2.279E+3,-1.916E+0,
1.634E008,2.293E+3,2.279E+3,2.998E-1,
1.636E008,2.272E+3,2.279E+3,-1.393E-1,
1.638E008,2.358E+3,2.279E+3,1.634E+0,
1.64E08,2.279E+3,2.279E+3,7.513E-3,
1.642E008,2.325E+3,2.279E+3,9.614E-1,
1.644E008,2.206E+3,2.279E+3,-1.547E+0,
1.646E008,2.307E+3,2.279E+3,5.904E-1,
1.648E008,2.216E+3,2.279E+3,-1.331E+0,
1.65E08,2.255E+3,2.279E+3,-4.978E-1,
1.652E008,2.324E+3,2.279E+3,9.409E-1,
1.654E008,2.280E+3,2.279E+3,2.847E-2,
1.656E008,2.319E+3,2.279E+3,8.381E-1,
1.658E008,2.317E+3,2.279E+3,7.969E-1,
1.66E08,2.306E+3,2.279E+3,5.697E-1,
1.662E008,2.272E+3,2.279E+3,-1.393E-1,
1.664E008,2.238E+3,2.279E+3,-8.591E-1,
1.666E008,2.341E+3,2.279E+3,1.289E+0,
1.668E008,2.221E+3,2.279E+3,-1.223E+0,
1.67E08,2.250E+3,2.279E+3,-6.038E-1,
1.672E008,2.273E+3,2.279E+3,-1.183E-1,
1.674E008,2.293E+3,2.279E+3,2.999E-1,
1.676E008,2.274E+3,2.279E+3,-9.730E-2,
1.678E008,2.397E+3,2.279E+3,2.418E+0,
1.68E08,2.247E+3,2.279E+3,-6.675E-1,
1.682E008,2.244E+3,2.279E+3,-7.312E-1,
1.684E008,2.293E+3,2.279E+3,2.999E-1,
1.686E008,2.222E+3,2.279E+3,-1.202E+0,
1.688E008,2.211E+3,2.279E+3,-1.438E+0,
1.69E08,2.232E+3,2.279E+3,-9.872E-1,
1.692E008,2.293E+3,2.279E+3,2.999E-1,
1.694E008,2.305E+3,2.279E+3,5.491E-1,
1.696E008,2.283E+3,2.279E+3,9.127E-2,
1.698E008,2.269E+3,2.279E+3,-2.024E-1,
1.7E08,2.251E+3,2.279E+3,-5.826E-1,
1.702E008,2.239E+3,2.279E+3,-8.377E-1,
1.704E008,2.167E+3,2.279E+3,-2.398E+0,
1.706E008,2.342E+3,2.279E+3,1.309E+0,
1.708E008,2.224E+3,2.279E+3,-1.159E+0,
1.71E08,2.280E+3,2.279E+3,2.851E-2,
1.712E008,2.270E+3,2.279E+3,-1.813E-1,
1.714E008,2.263E+3,2.279E+3,-3.287E-1,
1.716E008,2.165E+3,2.279E+3,-2.442E+0,
1.718E008,2.286E+3,2.279E+3,1.540E-1,
1.72E08,2.304E+3,2.279E+3,5.284E-1,
1.722E008,2.245E+3,2.279E+3,-7.099E-1,
1.724E008,2.311E+3,2.279E+3,6.732E-1,
1.726E008,2.251E+3,2.279E+3,-5.825E-1,
1.728E008,2.313E+3,2.279E+3,7.145E-1,
1.73E08,2.333E+3,2.279E+3,1.125E+0,
1.732E008,2.275E+3,2.279E+3,-7.628E-2,
1.734E008,2.282E+3,2.279E+3,7.038E-2,
1.736E008,2.250E+3,2.279E+3,-6.037E-1,
1.738E008,2.296E+3,2.279E+3,3.623E-1,
1.74E08,2.240E+3,2.279E+3,-8.164E-1,
1.742E008,2.331E+3,2.279E+3,1.085E+0,
1.744E008,2.245E+3,2.279E+3,-7.099E-1,
1.746E008,2.314E+3,2.279E+3,7.351E-1,
1.748E008,2.269E+3,2.279E+3,-2.023E-1,
1.75E08,2.321E+3,2.279E+3,8.793E-1,
1.752E008,2.220E+3,2.279E+3,-1.245E+0,
1.754E008,2.329E+3,2.279E+3,1.044E+0,
1.756E008,2.362E+3,2.279E+3,1.715E+0,
1.758E008,2.333E+3,2.279E+3,1.125E+0,
1.76E08,2.323E+3,2.279E+3,9.204E-1,
1.762E008,2.218E+3,2.279E+3,-1.288E+0,
1.764E008,2.277E+3,2.279E+3,-3.432E-2,
1.766E008,2.262E+3,2.279E+3,-3.498E-1,
1.768E008,2.307E+3,2.279E+3,5.905E-1,
1.77E08,2.286E+3,2.279E+3,1.540E-1,
1.772E008,2.233E+3,2.279E+3,-9.658E-1,
1.774E008,2.315E+3,2.279E+3,7.558E-1,
1.776E008,2.289E+3,2.279E+3,2.166E-1,
1.778E008,2.220E+3,2.279E+3,-1.245E+0,
1.78E08,2.282E+3,2.279E+3,7.040E-2,
1.782E008,2.265E+3,2.279E+3,-2.865E-1,
1.784E008,2.279E+3,2.279E+3,7.605E-3,
1.786E008,2.227E+3,2.279E+3,-1.094E+0,
1.788E008,2.321E+3,2.279E+3,8.793E-1,
1.79E08,2.244E+3,2.279E+3,-7.312E-1,
1.792E008,2.340E+3,2.279E+3,1.269E+0,
1.794E008,2.216E+3,2.279E+3,-1.331E+0,
1.796E008,2.248E+3,2.279E+3,-6.462E-1,
1.798E008,2.244E+3,2.279E+3,-7.312E-1,
1.8E08,2.181E+3,2.279E+3,-2.091E+0,
1.802E008,2.343E+3,2.279E+3,1.330E+0,
1.804E008,2.239E+3,2.279E+3,-8.377E-1,
1.806E008,2.300E+3,2.279E+3,4.455E-1,
1.808E008,2.149E+3,2.279E+3,-2.796E+0,
1.81E08,2.289E+3,2.279E+3,2.166E-1,
1.812E008,2.208E+3,2.279E+3,-1.503E+0,
1.814E008,2.278E+3,2.279E+3,-1.334E-2,
1.816E008,2.321E+3,2.279E+3,8.793E-1,
1.818E008,2.320E+3,2.279E+3,8.588E-1,
1.82E08,2.232E+3,2.279E+3,-9.871E-1,
1.822E008,2.252E+3,2.279E+3,-5.613E-1,
1.824E008,2.274E+3,2.279E+3,-9.723E-2,
1.826E008,2.258E+3,2.279E+3,-4.343E-1,
1.828E008,2.248E+3,2.279E+3,-6.462E-1,
1.83E08,2.268E+3,2.279E+3,-2.233E-1,
1.832E008,2.247E+3,2.279E+3,-6.674E-1,
1.834E008,2.314E+3,2.279E+3,7.351E-1,
1.836E008,2.299E+3,2.279E+3,4.247E-1,
1.838E008,2.265E+3,2.279E+3,-2.865E-1,
1.84E08,2.258E+3,2.279E+3,-4.343E-1,
1.842E008,2.262E+3,2.279E+3,-3.498E-1,
1.844E008,2.258E+3,2.279E+3,-4.343E-1,
1.846E008,2.415E+3,2.279E+3,2.775E+0,
1.848E008,2.244E+3,2.279E+3,-7.312E-1,
1.85E08,2.234E+3,2.279E+3,-9.444E-1,
1.852E008,2.215E+3,2.279E+3,-1.352E+0,
1.854E008,2.210E+3,2.279E+3,-1.460E+0,
1.856E008,2.278E+3,2.279E+3,-1.333E-2,
1.858E008,2.285E+3,2.279E+3,1.331E-1,
1.86E08,2.222E+3,2.279E+3,-1.201E+0,
1.862E008,2.252E+3,2.279E+3,-5.613E-1,
1.864E008,2.268E+3,2.279E+3,-2.233E-1,
1.866E008,2.352E+3,2.279E+3,1.513E+0,
1.868E008,2.223E+3,2.279E+3,-1.180E+0,
1.87E08,2.217E+3,2.279E+3,-1.309E+0,
1.872E008,2.306E+3,2.279E+3,5.698E-1,
1.874E008,2.352E+3,2.279E+3,1.513E+0,
1.876E008,2.342E+3,2.279E+3,1.309E+0,
1.878E008,2.216E+3,2.279E+3,-1.331E+0,
1.88E08,2.269E+3,2.279E+3,-2.023E-1,
1.882E008,2.274E+3,2.279E+3,-9.722E-2,
1.884E008,2.281E+3,2.279E+3,4.950E-2,
1.886E008,2.274E+3,2.279E+3,-9.722E-2,
1.888E008,2.298E+3,2.279E+3,4.039E-1,
1.89E08,2.276E+3,2.279E+3,-5.525E-2,
1.892E008,2.276E+3,2.279E+3,-5.525E-2,
1.894E008,2.264E+3,2.279E+3,-3.076E-1,
1.896E008,2.350E+3,2.279E+3,1.472E+0,
1.898E008,2.351E+3,2.279E+3,1.492E+0,
1.9E08,2.256E+3,2.279E+3,-4.766E-1,
1.902E008,2.304E+3,2.279E+3,5.284E-1,
1.904E008,2.277E+3,2.279E+3,-3.428E-2,
1.906E008,2.218E+3,2.279E+3,-1.288E+0,
1.908E008,2.250E+3,2.279E+3,-6.037E-1,
1.91E08,2.319E+3,2.279E+3,8.382E-1,
1.912E008,2.265E+3,2.279E+3,-2.865E-1,
1.914E008,2.323E+3,2.279E+3,9.205E-1,
1.916E008,2.239E+3,2.279E+3,-8.376E-1,
1.918E008,2.325E+3,2.279E+3,9.615E-1,
1.92E08,2.375E+3,2.279E+3,1.977E+0,
1.922E008,2.307E+3,2.279E+3,5.905E-1,
1.924E008,2.262E+3,2.279E+3,-3.498E-1,
1.926E008,2.284E+3,2.279E+3,1.122E-1,
1.928E008,2.400E+3,2.279E+3,2.477E+0,
1.93E08,2.369E+3,2.279E+3,1.857E+0,
1.932E008,2.353E+3,2.279E+3,1.533E+0,
1.934E008,2.228E+3,2.279E+3,-1.073E+0,
1.936E008,2.277E+3,2.279E+3,-3.427E-2,
1.938E008,2.265E+3,2.279E+3,-2.865E-1,
1.94E08,2.244E+3,2.279E+3,-7.312E-1,
1.942E008,2.198E+3,2.279E+3,-1.720E+0,
1.944E008,2.350E+3,2.279E+3,1.472E+0,
1.946E008,2.254E+3,2.279E+3,-5.189E-1,
1.948E008,2.229E+3,2.279E+3,-1.051E+0,
1.95E08,2.241E+3,2.279E+3,-7.950E-1,
1.952E008,2.346E+3,2.279E+3,1.391E+0,
1.954E008,2.274E+3,2.279E+3,-9.721E-2,
1.956E008,2.281E+3,2.279E+3,4.951E-2,
1.958E008,2.329E+3,2.279E+3,1.044E+0,
1.96E08,2.289E+3,2.279E+3,2.166E-1,
1.962E008,2.203E+3,2.279E+3,-1.611E+0,
1.964E008,2.324E+3,2.279E+3,9.410E-1,
1.966E008,2.313E+3,2.279E+3,7.145E-1,
1.968E008,2.271E+3,2.279E+3,-1.602E-1,
1.97E08,2.338E+3,2.279E+3,1.228E+0,
1.972E008,2.214E+3,2.279E+3,-1.374E+0,
1.974E008,2.279E+3,2.279E+3,7.635E-3,
1.976E008,2.232E+3,2.279E+3,-9.871E-1,
1.978E008,2.191E+3,2.279E+3,-1.872E+0,
1.98E08,2.303E+3,2.279E+3,5.077E-1,
1.982E008,2.307E+3,2.279E+3,5.905E-1,
1.984E008,2.349E+3,2.279E+3,1.452E+0,
1.986E008,2.329E+3,2.279E+3,1.044E+0,
1.988E008,2.186E+3,2.279E+3,-1.981E+0,
1.99E08,2.267E+3,2.279E+3,-2.444E-1,
1.992E008,2.310E+3,2.279E+3,6.526E-1,
1.994E008,2.281E+3,2.279E+3,4.951E-2,
1.996E008,2.304E+3,2.279E+3,5.284E-1,
1.998E008,2.241E+3,2.279E+3,-7.950E-1,
