Labels,T20_100ms_repeat2,
Type,Time Scan,
Comment,,
Start,0.00,
Stop,3.996E008,
Step,4E05,
Fixed/Offset, ,
XAxis,Time,
YAxis,Counts,

0.00,2.851E+5,
4E05,1.073E+6,
800000.060000,1.522E+6,
1.2E06,1.763E+6,
1.6E06,1.887E+6,
2E06,1.949E+6,
2.4E06,1.985E+6,
2.8E06,2.008E+6,
3.2E06,2.018E+6,
3.6E06,2.025E+6,
4E06,2.026E+6,
4.4E06,2.029E+6,
4.8E06,2.030E+6,
5.2E06,2.034E+6,
5.6E06,2.034E+6,
6E06,2.034E+6,
6400000.500000,2.034E+6,
6800000.500000,2.036E+6,
7200000.600000,2.039E+6,
7600000.600000,2.038E+6,
8000000.600000,2.039E+6,
8400000.700000,2.037E+6,
8800000.700000,2.040E+6,
9200000.700000,2.039E+6,
9600000.800000,2.038E+6,
1E07,2.039E+6,
1.04E07,2.036E+6,
1.08E07,2.037E+6,
1.12E07,2.035E+6,
1.16E07,2.035E+6,
1.2E07,2.035E+6,
1.24E07,2.035E+6,
1.28E07,2.036E+6,
1.32E07,2.034E+6,
1.36E07,2.035E+6,
1.4E07,2.033E+6,
1.44E07,2.035E+6,
1.48E07,2.033E+6,
1.52E07,2.033E+6,
1.56E07,2.033E+6,
1.6E07,2.034E+6,
1.64E07,2.034E+6,
1.68E07,2.034E+6,
1.72E07,2.034E+6,
1.76E07,2.034E+6,
1.8E07,2.034E+6,
1.84E07,2.033E+6,
1.88E07,2.034E+6,
1.92E07,2.035E+6,
1.96E07,2.035E+6,
2E07,2.037E+6,
2.04E07,2.037E+6,
2.08E07,2.035E+6,
2.12E07,2.036E+6,
2.16E07,2.039E+6,
2.2E07,2.039E+6,
2.24E07,2.038E+6,
2.28E07,2.040E+6,
2.32E07,2.041E+6,
2.36E07,2.039E+6,
2.4E07,2.042E+6,
2.44E07,2.041E+6,
2.48E07,2.043E+6,
2.52E07,2.043E+6,
2.56E07,2.040E+6,
2.6E07,2.043E+6,
2.64E07,2.041E+6,
2.68E07,2.041E+6,
2.72E07,2.042E+6,
2.76E07,2.042E+6,
2.8E07,2.043E+6,
2.84E07,2.041E+6,
2.88E07,2.042E+6,
2.92E07,2.043E+6,
2.96E07,2.043E+6,
3E07,2.043E+6,
3.04E07,2.043E+6,
3.08E07,2.043E+6,
3.12E07,2.043E+6,
3.16E07,2.043E+6,
3.2E07,2.042E+6,
3.24E07,2.044E+6,
3.28E07,2.046E+6,
3.32E07,2.044E+6,
3.36E07,2.043E+6,
3.4E07,2.043E+6,
3.44E07,2.045E+6,
3.48E07,2.044E+6,
3.52E07,2.045E+6,
3.56E07,2.045E+6,
3.6E07,2.044E+6,
3.64E07,2.043E+6,
3.68E07,2.044E+6,
3.72E07,2.044E+6,
3.76E07,2.044E+6,
3.8E07,2.044E+6,
3.84E07,2.044E+6,
3.88E07,2.045E+6,
3.92E07,2.045E+6,
3.96E07,2.043E+6,
4E07,2.046E+6,
4.04E07,2.043E+6,
4.08E07,2.043E+6,
4.12E07,2.045E+6,
4.16E07,2.046E+6,
4.2E07,2.044E+6,
4.24E07,2.046E+6,
4.28E07,2.043E+6,
4.32E07,2.046E+6,
4.36E07,2.045E+6,
4.4E07,2.046E+6,
4.44E07,2.046E+6,
4.48E07,2.044E+6,
4.52E07,2.046E+6,
4.56E07,2.045E+6,
4.6E07,2.045E+6,
4.64E07,2.046E+6,
4.68E07,2.047E+6,
4.72E07,2.044E+6,
4.76E07,2.044E+6,
4.8E07,2.044E+6,
4.84E07,2.044E+6,
4.88E07,2.044E+6,
4.92E07,2.046E+6,
4.96E07,2.045E+6,
5E07,2.045E+6,
5.04E07,2.046E+6,
5.08E07,2.045E+6,
5.12E07,2.046E+6,
5.16E07,2.047E+6,
5.2E07,2.047E+6,
5.24E07,2.045E+6,
5.28E07,2.046E+6,
5.32E07,2.046E+6,
5.36E07,2.047E+6,
5.4E07,2.047E+6,
5.44E07,2.045E+6,
5.48E07,2.046E+6,
5.52E07,2.047E+6,
5.56E07,2.046E+6,
5.6E07,2.046E+6,
5.64E07,2.044E+6,
5.68E07,2.046E+6,
5.72E07,2.046E+6,
5.76E07,2.046E+6,
5.8E07,2.046E+6,
5.84E07,2.047E+6,
5.88E07,2.048E+6,
5.92E07,2.047E+6,
5.96E07,2.049E+6,
6E07,2.047E+6,
6.04E07,2.047E+6,
6.08E07,2.046E+6,
6.12E07,2.048E+6,
6.16E07,2.047E+6,
6.2E07,2.045E+6,
6.24E07,2.048E+6,
6.28E07,2.046E+6,
6.32E07,2.049E+6,
6.36E07,2.048E+6,
64000005.000000,2.048E+6,
64400005.000000,2.047E+6,
64800005.000000,2.045E+6,
65200005.000000,2.048E+6,
65600005.000000,2.048E+6,
66000005.000000,2.047E+6,
66400005.000000,2.048E+6,
66800005.000000,2.048E+6,
67200005.000000,2.049E+6,
67600005.000000,2.048E+6,
68000005.000000,2.048E+6,
68400005.000000,2.049E+6,
68800005.000000,2.049E+6,
69200005.000000,2.048E+6,
69600005.000000,2.049E+6,
70000005.000000,2.048E+6,
70400006.000000,2.049E+6,
70800006.000000,2.049E+6,
71200006.000000,2.049E+6,
71600006.000000,2.050E+6,
72000006.000000,2.048E+6,
72400006.000000,2.047E+6,
72800006.000000,2.048E+6,
73200006.000000,2.047E+6,
73600006.000000,2.049E+6,
74000006.000000,2.048E+6,
74400006.000000,2.050E+6,
74800006.000000,2.049E+6,
75200006.000000,2.048E+6,
75600006.000000,2.049E+6,
76000006.000000,2.049E+6,
76400006.000000,2.049E+6,
76800006.000000,2.048E+6,
77200006.000000,2.049E+6,
77600006.000000,2.049E+6,
78000006.000000,2.048E+6,
78400006.000000,2.049E+6,
78800006.000000,2.050E+6,
79200006.000000,2.050E+6,
79600006.000000,2.049E+6,
80000006.000000,2.049E+6,
80400006.000000,2.049E+6,
80800006.000000,2.050E+6,
81200006.000000,2.047E+6,
81600006.000000,2.050E+6,
82000006.000000,2.049E+6,
82400006.000000,2.048E+6,
82800006.000000,2.050E+6,
83200007.000000,2.050E+6,
83600007.000000,2.050E+6,
84000007.000000,2.052E+6,
84400007.000000,2.051E+6,
84800007.000000,2.049E+6,
85200007.000000,2.051E+6,
85600007.000000,2.050E+6,
86000007.000000,2.050E+6,
86400007.000000,2.051E+6,
86800007.000000,2.049E+6,
87200007.000000,2.051E+6,
87600007.000000,2.051E+6,
88000007.000000,2.051E+6,
88400007.000000,2.050E+6,
88800007.000000,2.052E+6,
89200007.000000,2.050E+6,
89600007.000000,2.050E+6,
90000007.000000,2.048E+6,
90400007.000000,2.051E+6,
90800007.000000,2.051E+6,
91200007.000000,2.052E+6,
91600007.000000,2.051E+6,
92000007.000000,2.050E+6,
92400007.000000,2.050E+6,
92800007.000000,2.050E+6,
93200007.000000,2.052E+6,
93600007.000000,2.050E+6,
94000007.000000,2.052E+6,
94400007.000000,2.049E+6,
94800007.000000,2.050E+6,
95200007.000000,2.051E+6,
95600007.000000,2.050E+6,
96000008.000000,2.051E+6,
96400008.000000,2.050E+6,
96800008.000000,2.049E+6,
97200008.000000,2.052E+6,
97600008.000000,2.052E+6,
98000008.000000,2.051E+6,
98400008.000000,2.052E+6,
98800008.000000,2.051E+6,
99200008.000000,2.051E+6,
99600008.000000,2.050E+6,
1E08,2.047E+6,
1.004E008,2.053E+6,
1.008E008,2.060E+6,
1.012E008,2.062E+6,
1.016E008,2.065E+6,
1.02E08,2.066E+6,
1.024E008,2.064E+6,
1.028E008,2.055E+6,
1.032E008,2.047E+6,
1.036E008,2.035E+6,
1.04E08,2.019E+6,
1.044E008,2.001E+6,
1.048E008,1.990E+6,
1.052E008,1.978E+6,
1.056E008,1.943E+6,
1.06E08,1.908E+6,
1.064E008,1.869E+6,
1.068E008,1.832E+6,
1.072E008,1.796E+6,
1.076E008,1.757E+6,
1.08E08,1.719E+6,
1.084E008,1.679E+6,
1.088E008,1.639E+6,
1.092E008,1.598E+6,
1.096E008,1.559E+6,
1.1E08,1.518E+6,
1.104E008,1.479E+6,
1.108E008,1.438E+6,
1.112E008,1.397E+6,
1.116E008,1.358E+6,
1.12E08,1.317E+6,
1.124E008,1.280E+6,
1.128E008,1.242E+6,
1.132E008,1.203E+6,
1.136E008,1.167E+6,
1.14E08,1.132E+6,
1.144E008,1.097E+6,
1.148E008,1.061E+6,
1.152E008,1.028E+6,
1.156E008,9.968E+5,
1.16E08,9.644E+5,
1.164E008,9.314E+5,
1.168E008,9.021E+5,
1.172E008,8.716E+5,
1.176E008,8.426E+5,
1.18E08,8.157E+5,
1.184E008,7.858E+5,
1.188E008,7.577E+5,
1.192E008,7.326E+5,
1.196E008,7.091E+5,
1.2E08,6.833E+5,
1.204E008,6.603E+5,
1.208E008,6.373E+5,
1.212E008,6.147E+5,
1.216E008,5.925E+5,
1.22E08,5.708E+5,
1.224E008,5.513E+5,
1.228E008,5.308E+5,
1.232E008,5.108E+5,
1.236E008,4.915E+5,
1.24E08,4.744E+5,
1.244E008,4.575E+5,
1.248E008,4.392E+5,
1.252E008,4.220E+5,
1.256E008,4.062E+5,
1.26E08,3.914E+5,
1.264E008,3.776E+5,
1.268E008,3.623E+5,
1.272E008,3.473E+5,
1.276E008,3.341E+5,
1.28E08,3.220E+5,
1.284E008,3.095E+5,
1.288E008,2.967E+5,
1.292E008,2.856E+5,
1.296E008,2.735E+5,
1.3E08,2.640E+5,
1.304E008,2.529E+5,
1.308E008,2.439E+5,
1.312E008,2.339E+5,
1.316E008,2.245E+5,
1.32E08,2.160E+5,
1.324E008,2.075E+5,
1.328E008,1.994E+5,
1.332E008,1.906E+5,
1.336E008,1.834E+5,
1.34E08,1.758E+5,
1.344E008,1.694E+5,
1.348E008,1.623E+5,
1.352E008,1.555E+5,
1.356E008,1.500E+5,
1.36E08,1.440E+5,
1.364E008,1.384E+5,
1.368E008,1.332E+5,
1.372E008,1.274E+5,
1.376E008,1.232E+5,
1.38E08,1.179E+5,
1.384E008,1.136E+5,
1.388E008,1.087E+5,
1.392E008,1.057E+5,
1.396E008,1.004E+5,
1.4E08,9.667E+4,
1.404E008,9.358E+4,
1.408E008,8.958E+4,
1.412E008,8.611E+4,
1.416E008,8.255E+4,
1.42E08,7.968E+4,
1.424E008,7.630E+4,
1.428E008,7.338E+4,
1.432E008,7.105E+4,
1.436E008,6.817E+4,
1.44E08,6.493E+4,
1.444E008,6.328E+4,
1.448E008,6.105E+4,
1.452E008,5.832E+4,
1.456E008,5.643E+4,
1.46E08,5.429E+4,
1.464E008,5.202E+4,
1.468E008,5.052E+4,
1.472E008,4.857E+4,
1.476E008,4.662E+4,
1.48E08,4.511E+4,
1.484E008,4.376E+4,
1.488E008,4.246E+4,
1.492E008,4.056E+4,
1.496E008,3.945E+4,
1.5E08,3.812E+4,
1.504E008,3.660E+4,
1.508E008,3.591E+4,
1.512E008,3.469E+4,
1.516E008,3.316E+4,
1.52E08,3.198E+4,
1.524E008,3.097E+4,
1.528E008,3.016E+4,
1.532E008,2.924E+4,
1.536E008,2.822E+4,
1.54E08,2.752E+4,
1.544E008,2.666E+4,
1.548E008,2.580E+4,
1.552E008,2.502E+4,
1.556E008,2.447E+4,
1.56E08,2.353E+4,
1.564E008,2.272E+4,
1.568E008,2.266E+4,
1.572E008,2.148E+4,
1.576E008,2.122E+4,
1.58E08,2.044E+4,
1.584E008,2.020E+4,
1.588E008,1.920E+4,
1.592E008,1.894E+4,
1.596E008,1.827E+4,
1.6E08,1.789E+4,
1.604E008,1.763E+4,
1.608E008,1.738E+4,
1.612E008,1.687E+4,
1.616E008,1.666E+4,
1.62E08,1.610E+4,
1.624E008,1.568E+4,
1.628E008,1.528E+4,
1.632E008,1.504E+4,
1.636E008,1.490E+4,
1.64E08,1.474E+4,
1.644E008,1.433E+4,
1.648E008,1.394E+4,
1.652E008,1.383E+4,
1.656E008,1.358E+4,
1.66E08,1.356E+4,
1.664E008,1.293E+4,
1.668E008,1.271E+4,
1.672E008,1.262E+4,
1.676E008,1.258E+4,
1.68E08,1.237E+4,
1.684E008,1.208E+4,
1.688E008,1.182E+4,
1.692E008,1.169E+4,
1.696E008,1.158E+4,
1.7E08,1.134E+4,
1.704E008,1.123E+4,
1.708E008,1.107E+4,
1.712E008,1.095E+4,
1.716E008,1.082E+4,
1.72E08,1.079E+4,
1.724E008,1.078E+4,
1.728E008,1.058E+4,
1.732E008,1.037E+4,
1.736E008,1.029E+4,
1.74E08,1.005E+4,
1.744E008,9.950E+3,
1.748E008,1.019E+4,
1.752E008,9.787E+3,
1.756E008,9.904E+3,
1.76E08,9.850E+3,
1.764E008,9.706E+3,
1.768E008,9.572E+3,
1.772E008,9.536E+3,
1.776E008,9.487E+3,
1.78E08,9.431E+3,
1.784E008,9.332E+3,
1.788E008,9.309E+3,
1.792E008,9.046E+3,
1.796E008,9.372E+3,
1.8E08,8.929E+3,
1.804E008,9.104E+3,
1.808E008,9.009E+3,
1.812E008,8.836E+3,
1.816E008,9.004E+3,
1.82E08,8.667E+3,
1.824E008,8.773E+3,
1.828E008,8.791E+3,
1.832E008,8.673E+3,
1.836E008,8.683E+3,
1.84E08,8.618E+3,
1.844E008,8.632E+3,
1.848E008,8.597E+3,
1.852E008,8.622E+3,
1.856E008,8.650E+3,
1.86E08,8.657E+3,
1.864E008,8.469E+3,
1.868E008,8.540E+3,
1.872E008,8.462E+3,
1.876E008,8.485E+3,
1.88E08,8.449E+3,
1.884E008,8.301E+3,
1.888E008,8.278E+3,
1.892E008,8.466E+3,
1.896E008,8.384E+3,
1.9E08,8.446E+3,
1.904E008,8.153E+3,
1.908E008,8.292E+3,
1.912E008,8.415E+3,
1.916E008,8.184E+3,
1.92E08,8.168E+3,
1.924E008,8.373E+3,
1.928E008,8.156E+3,
1.932E008,8.321E+3,
1.936E008,8.277E+3,
1.94E08,8.076E+3,
1.944E008,8.277E+3,
1.948E008,8.172E+3,
1.952E008,8.216E+3,
1.956E008,8.137E+3,
1.96E08,8.229E+3,
1.964E008,8.100E+3,
1.968E008,8.110E+3,
1.972E008,8.145E+3,
1.976E008,8.091E+3,
1.98E08,7.895E+3,
1.984E008,8.120E+3,
1.988E008,8.169E+3,
1.992E008,8.053E+3,
1.996E008,8.037E+3,
2E08,7.956E+3,
2.004E008,8.010E+3,
2.008E008,8.061E+3,
2.012E008,8.162E+3,
2.016E008,7.818E+3,
2.02E08,8.020E+3,
2.024E008,8.012E+3,
2.028E008,7.701E+3,
2.032E008,7.898E+3,
2.036E008,7.935E+3,
2.04E08,7.992E+3,
2.044E008,8.128E+3,
2.048E008,8.056E+3,
2.052E008,7.868E+3,
2.056E008,7.933E+3,
2.06E08,8.033E+3,
2.064E008,7.927E+3,
2.068E008,7.882E+3,
2.072E008,7.981E+3,
2.076E008,8.074E+3,
2.08E08,8.068E+3,
2.084E008,7.955E+3,
2.088E008,7.890E+3,
2.092E008,7.838E+3,
2.096E008,7.908E+3,
2.1E08,7.686E+3,
2.104E008,7.829E+3,
2.108E008,8.042E+3,
2.112E008,8.065E+3,
2.116E008,7.907E+3,
2.12E08,7.873E+3,
2.124E008,7.919E+3,
2.128E008,8.041E+3,
2.132E008,8.053E+3,
2.136E008,7.892E+3,
2.14E08,7.903E+3,
2.144E008,7.911E+3,
2.148E008,7.688E+3,
2.152E008,7.927E+3,
2.156E008,7.845E+3,
2.16E08,7.917E+3,
2.164E008,7.778E+3,
2.168E008,8.033E+3,
2.172E008,7.907E+3,
2.176E008,7.835E+3,
2.18E08,8.128E+3,
2.184E008,7.724E+3,
2.188E008,7.795E+3,
2.192E008,7.965E+3,
2.196E008,7.989E+3,
2.2E08,7.849E+3,
2.204E008,7.793E+3,
2.208E008,7.840E+3,
2.212E008,7.979E+3,
2.216E008,8.071E+3,
2.22E08,7.969E+3,
2.224E008,7.694E+3,
2.228E008,7.833E+3,
2.232E008,7.932E+3,
2.236E008,7.965E+3,
2.24E08,7.818E+3,
2.244E008,8.072E+3,
2.248E008,7.818E+3,
2.252E008,7.843E+3,
2.256E008,7.885E+3,
2.26E08,8.051E+3,
2.264E008,7.880E+3,
2.268E008,7.927E+3,
2.272E008,7.942E+3,
2.276E008,7.950E+3,
2.28E08,7.735E+3,
2.284E008,7.844E+3,
2.288E008,7.990E+3,
2.292E008,7.761E+3,
2.296E008,7.892E+3,
2.3E08,7.734E+3,
2.304E008,8.009E+3,
2.308E008,7.785E+3,
2.312E008,7.932E+3,
2.316E008,7.966E+3,
2.32E08,7.958E+3,
2.324E008,7.895E+3,
2.328E008,7.909E+3,
2.332E008,7.860E+3,
2.336E008,7.655E+3,
2.34E08,7.804E+3,
2.344E008,7.773E+3,
2.348E008,7.939E+3,
2.352E008,8.034E+3,
2.356E008,7.834E+3,
2.36E08,8.087E+3,
2.364E008,7.789E+3,
2.368E008,7.878E+3,
2.372E008,7.671E+3,
2.376E008,7.840E+3,
2.38E08,7.747E+3,
2.384E008,7.741E+3,
2.388E008,7.972E+3,
2.392E008,7.577E+3,
2.396E008,7.919E+3,
2.4E08,7.710E+3,
2.404E008,7.741E+3,
2.408E008,7.905E+3,
2.412E008,7.661E+3,
2.416E008,7.788E+3,
2.42E08,7.873E+3,
2.424E008,7.962E+3,
2.428E008,7.804E+3,
2.432E008,7.893E+3,
2.436E008,7.863E+3,
2.44E08,7.912E+3,
2.444E008,7.670E+3,
2.448E008,7.879E+3,
2.452E008,7.798E+3,
2.456E008,7.754E+3,
2.46E08,7.688E+3,
2.464E008,7.647E+3,
2.468E008,7.899E+3,
2.472E008,7.857E+3,
2.476E008,7.741E+3,
2.48E08,7.951E+3,
2.484E008,7.795E+3,
2.488E008,8.039E+3,
2.492E008,7.867E+3,
2.496E008,7.785E+3,
2.5E08,7.714E+3,
2.504E008,7.667E+3,
2.508E008,7.602E+3,
2.512E008,7.790E+3,
2.516E008,7.877E+3,
2.52E08,7.800E+3,
2.524E008,7.793E+3,
2.528E008,7.807E+3,
2.532E008,7.735E+3,
2.536E008,7.897E+3,
2.54E08,7.936E+3,
2.544E008,7.867E+3,
2.548E008,7.813E+3,
2.552E008,7.950E+3,
2.556E008,7.660E+3,
2.56E08,7.765E+3,
2.564E008,7.796E+3,
2.568E008,7.994E+3,
2.572E008,7.782E+3,
2.576E008,7.794E+3,
2.58E08,7.875E+3,
2.584E008,7.766E+3,
2.588E008,7.732E+3,
2.592E008,7.714E+3,
2.596E008,7.740E+3,
2.6E08,7.879E+3,
2.604E008,7.883E+3,
2.608E008,7.814E+3,
2.612E008,7.857E+3,
2.616E008,7.680E+3,
2.62E08,7.979E+3,
2.624E008,7.873E+3,
2.628E008,7.712E+3,
2.632E008,7.847E+3,
2.636E008,7.740E+3,
2.64E08,7.723E+3,
2.644E008,7.855E+3,
2.648E008,8.021E+3,
2.652E008,7.773E+3,
2.656E008,7.880E+3,
2.66E08,7.823E+3,
2.664E008,7.872E+3,
2.668E008,7.953E+3,
2.672E008,7.786E+3,
2.676E008,7.808E+3,
2.68E08,7.758E+3,
2.684E008,7.634E+3,
2.688E008,7.829E+3,
2.692E008,7.727E+3,
2.696E008,7.768E+3,
2.7E08,7.767E+3,
2.704E008,7.571E+3,
2.708E008,7.957E+3,
2.712E008,8.031E+3,
2.716E008,7.875E+3,
2.72E08,7.812E+3,
2.724E008,7.894E+3,
2.728E008,7.724E+3,
2.732E008,7.970E+3,
2.736E008,7.690E+3,
2.74E08,7.693E+3,
2.744E008,7.948E+3,
2.748E008,7.764E+3,
2.752E008,7.691E+3,
2.756E008,7.991E+3,
2.76E08,7.688E+3,
2.764E008,7.820E+3,
2.768E008,7.905E+3,
2.772E008,7.649E+3,
2.776E008,7.919E+3,
2.78E08,7.688E+3,
2.784E008,7.867E+3,
2.788E008,7.943E+3,
2.792E008,7.765E+3,
2.796E008,7.798E+3,
2.8E08,7.798E+3,
2.804E008,7.926E+3,
2.808E008,7.740E+3,
2.812E008,7.792E+3,
2.816E008,7.777E+3,
2.82E08,7.867E+3,
2.824E008,7.931E+3,
2.828E008,7.696E+3,
2.832E008,7.927E+3,
2.836E008,7.904E+3,
2.84E08,7.763E+3,
2.844E008,7.715E+3,
2.848E008,7.883E+3,
2.852E008,7.738E+3,
2.856E008,7.747E+3,
2.86E08,8.053E+3,
2.864E008,7.883E+3,
2.868E008,7.752E+3,
2.872E008,7.811E+3,
2.876E008,7.791E+3,
2.88E08,7.774E+3,
2.884E008,7.738E+3,
2.888E008,7.762E+3,
2.892E008,7.874E+3,
2.896E008,7.809E+3,
2.9E08,7.647E+3,
2.904E008,7.754E+3,
2.908E008,7.834E+3,
2.912E008,7.740E+3,
2.916E008,7.780E+3,
2.92E08,7.770E+3,
2.924E008,7.829E+3,
2.928E008,7.755E+3,
2.932E008,7.844E+3,
2.936E008,7.665E+3,
2.94E08,7.960E+3,
2.944E008,7.955E+3,
2.948E008,7.906E+3,
2.952E008,7.794E+3,
2.956E008,7.875E+3,
2.96E08,7.884E+3,
2.964E008,7.753E+3,
2.968E008,7.891E+3,
2.972E008,7.850E+3,
2.976E008,7.962E+3,
2.98E08,7.770E+3,
2.984E008,7.817E+3,
2.988E008,7.849E+3,
2.992E008,7.952E+3,
2.996E008,7.823E+3,
3E08,7.646E+3,
3.004E008,7.877E+3,
3.008E008,7.787E+3,
3.012E008,7.780E+3,
3.016E008,7.820E+3,
3.02E08,7.716E+3,
3.024E008,7.842E+3,
3.028E008,7.818E+3,
3.032E008,7.753E+3,
3.036E008,7.659E+3,
3.04E08,7.743E+3,
3.044E008,7.787E+3,
3.048E008,7.692E+3,
3.052E008,7.829E+3,
3.056E008,7.678E+3,
3.06E08,7.846E+3,
3.064E008,7.907E+3,
3.068E008,7.867E+3,
3.072E008,7.802E+3,
3.076E008,7.818E+3,
3.08E08,7.806E+3,
3.084E008,7.800E+3,
3.088E008,7.957E+3,
3.092E008,7.734E+3,
3.096E008,7.812E+3,
3.1E08,7.742E+3,
3.104E008,8.022E+3,
3.108E008,7.764E+3,
3.112E008,7.709E+3,
3.116E008,7.752E+3,
3.12E08,7.839E+3,
3.124E008,7.888E+3,
3.128E008,7.776E+3,
3.132E008,7.779E+3,
3.136E008,7.875E+3,
3.14E08,7.703E+3,
3.144E008,7.931E+3,
3.148E008,7.852E+3,
3.152E008,7.919E+3,
3.156E008,7.829E+3,
3.16E08,8.079E+3,
3.164E008,7.740E+3,
3.168E008,7.821E+3,
3.172E008,7.887E+3,
3.176E008,7.937E+3,
3.18E08,7.903E+3,
3.184E008,7.766E+3,
3.188E008,7.842E+3,
3.192E008,7.860E+3,
3.196E008,7.797E+3,
3.2E08,7.647E+3,
3.204E008,7.764E+3,
3.208E008,7.748E+3,
3.212E008,7.744E+3,
3.216E008,7.976E+3,
3.22E08,7.763E+3,
3.224E008,7.686E+3,
3.228E008,7.797E+3,
3.232E008,7.833E+3,
3.236E008,7.785E+3,
3.24E08,7.714E+3,
3.244E008,7.905E+3,
3.248E008,7.737E+3,
3.252E008,7.733E+3,
3.256E008,7.872E+3,
3.26E08,7.843E+3,
3.264E008,7.691E+3,
3.268E008,7.909E+3,
3.272E008,7.868E+3,
3.276E008,7.839E+3,
3.28E08,7.851E+3,
3.284E008,7.806E+3,
3.288E008,7.939E+3,
3.292E008,7.913E+3,
3.296E008,7.821E+3,
3.3E08,7.741E+3,
3.304E008,7.813E+3,
3.308E008,7.669E+3,
3.312E008,7.857E+3,
3.316E008,7.872E+3,
3.32E08,7.753E+3,
3.324E008,7.757E+3,
3.328E008,7.629E+3,
3.332E008,7.815E+3,
3.336E008,7.859E+3,
3.34E08,7.885E+3,
3.344E008,7.917E+3,
3.348E008,7.726E+3,
3.352E008,7.770E+3,
3.356E008,7.882E+3,
3.36E08,7.702E+3,
3.364E008,7.794E+3,
3.368E008,7.749E+3,
3.372E008,7.796E+3,
3.376E008,7.786E+3,
3.38E08,7.797E+3,
3.384E008,7.671E+3,
3.388E008,7.848E+3,
3.392E008,7.885E+3,
3.396E008,7.832E+3,
3.4E08,7.680E+3,
3.404E008,7.694E+3,
3.408E008,7.707E+3,
3.412E008,7.787E+3,
3.416E008,7.660E+3,
3.42E08,7.804E+3,
3.424E008,7.570E+3,
3.428E008,7.781E+3,
3.432E008,7.749E+3,
3.436E008,7.768E+3,
3.44E08,7.788E+3,
3.444E008,7.804E+3,
3.448E008,7.910E+3,
3.452E008,7.825E+3,
3.456E008,7.789E+3,
3.46E08,7.652E+3,
3.464E008,7.739E+3,
3.468E008,7.697E+3,
3.472E008,7.664E+3,
3.476E008,7.759E+3,
3.48E08,7.735E+3,
3.484E008,7.850E+3,
3.488E008,7.807E+3,
3.492E008,7.800E+3,
3.496E008,7.786E+3,
3.5E08,7.752E+3,
3.504E008,7.886E+3,
3.508E008,7.752E+3,
3.512E008,7.788E+3,
3.516E008,7.745E+3,
3.52E08,7.961E+3,
3.524E008,7.650E+3,
3.528E008,7.788E+3,
3.532E008,7.811E+3,
3.536E008,7.895E+3,
3.54E08,7.798E+3,
3.544E008,7.835E+3,
3.548E008,7.702E+3,
3.552E008,7.762E+3,
3.556E008,7.778E+3,
3.56E08,7.747E+3,
3.564E008,7.918E+3,
3.568E008,7.742E+3,
3.572E008,7.899E+3,
3.576E008,7.607E+3,
3.58E08,7.580E+3,
3.584E008,7.899E+3,
3.588E008,7.780E+3,
3.592E008,7.864E+3,
3.596E008,7.841E+3,
3.6E08,7.866E+3,
3.604E008,7.718E+3,
3.608E008,7.699E+3,
3.612E008,7.875E+3,
3.616E008,7.668E+3,
3.62E08,7.656E+3,
3.624E008,7.747E+3,
3.628E008,7.805E+3,
3.632E008,7.777E+3,
3.636E008,7.776E+3,
3.64E08,7.805E+3,
3.644E008,7.875E+3,
3.648E008,7.800E+3,
3.652E008,7.824E+3,
3.656E008,7.887E+3,
3.66E08,7.851E+3,
3.664E008,7.784E+3,
3.668E008,7.806E+3,
3.672E008,7.794E+3,
3.676E008,7.806E+3,
3.68E08,7.944E+3,
3.684E008,7.811E+3,
3.688E008,7.538E+3,
3.692E008,8.019E+3,
3.696E008,7.854E+3,
3.7E08,7.842E+3,
3.704E008,7.934E+3,
3.708E008,7.775E+3,
3.712E008,7.684E+3,
3.716E008,7.721E+3,
3.72E08,7.749E+3,
3.724E008,7.959E+3,
3.728E008,7.769E+3,
3.732E008,7.908E+3,
3.736E008,7.942E+3,
3.74E08,7.524E+3,
3.744E008,7.819E+3,
3.748E008,7.734E+3,
3.752E008,7.911E+3,
3.756E008,7.577E+3,
3.76E08,7.756E+3,
3.764E008,7.759E+3,
3.768E008,7.778E+3,
3.772E008,7.787E+3,
3.776E008,7.828E+3,
3.78E08,7.693E+3,
3.784E008,7.731E+3,
3.788E008,7.867E+3,
3.792E008,7.698E+3,
3.796E008,7.771E+3,
3.8E08,7.711E+3,
3.804E008,7.856E+3,
3.808E008,7.747E+3,
3.812E008,7.956E+3,
3.816E008,7.751E+3,
3.82E08,7.823E+3,
3.824E008,7.744E+3,
3.828E008,7.861E+3,
3.832E008,7.806E+3,
3.836E008,7.746E+3,
3.84E08,7.734E+3,
3.844E008,7.839E+3,
3.848E008,7.741E+3,
3.852E008,7.845E+3,
3.856E008,7.765E+3,
3.86E08,7.704E+3,
3.864E008,7.749E+3,
3.868E008,7.888E+3,
3.872E008,7.715E+3,
3.876E008,7.833E+3,
3.88E08,7.802E+3,
3.884E008,7.799E+3,
3.888E008,7.792E+3,
3.892E008,7.692E+3,
3.896E008,7.638E+3,
3.9E08,7.915E+3,
3.904E008,7.692E+3,
3.908E008,7.832E+3,
3.912E008,7.743E+3,
3.916E008,7.787E+3,
3.92E08,7.815E+3,
3.924E008,7.842E+3,
3.928E008,7.900E+3,
3.932E008,7.553E+3,
3.936E008,7.530E+3,
3.94E08,7.698E+3,
3.944E008,7.851E+3,
3.948E008,7.711E+3,
3.952E008,7.940E+3,
3.956E008,7.623E+3,
3.96E08,7.777E+3,
3.964E008,7.780E+3,
3.968E008,7.703E+3,
3.972E008,8.003E+3,
3.976E008,7.984E+3,
3.98E08,7.613E+3,
3.984E008,7.698E+3,
3.988E008,7.812E+3,
3.992E008,7.642E+3,
3.996E008,7.709E+3,
