Labels,amplitude_6p5_2sweeps,
Type,Time Scan,
Comment,,
Start,0.00,
Stop,3.996E008,
Step,4E05,
Fixed/Offset, ,
XAxis,Time,
YAxis,Counts,

0.00,1.314E+4,
4E05,2.667E+4,
800000.060000,2.710E+4,
1.2E06,2.612E+4,
1.6E06,2.536E+4,
2E06,2.485E+4,
2.4E06,2.508E+4,
2.8E06,2.489E+4,
3.2E06,2.300E+4,
3.6E06,2.144E+4,
4E06,2.143E+4,
4.4E06,2.094E+4,
4.8E06,2.051E+4,
5.2E06,2.029E+4,
5.6E06,2.048E+4,
6E06,2.035E+4,
6400000.500000,2.029E+4,
6800000.500000,2.031E+4,
7200000.600000,2.034E+4,
7600000.600000,2.002E+4,
8000000.600000,1.988E+4,
8400000.700000,1.976E+4,
8800000.700000,1.944E+4,
9200000.700000,1.949E+4,
9600000.800000,1.936E+4,
1E07,1.916E+4,
1.04E07,1.935E+4,
1.08E07,1.924E+4,
1.12E07,1.906E+4,
1.16E07,1.902E+4,
1.2E07,1.866E+4,
1.24E07,1.861E+4,
1.28E07,1.888E+4,
1.32E07,1.884E+4,
1.36E07,1.877E+4,
1.4E07,1.847E+4,
1.44E07,1.866E+4,
1.48E07,1.886E+4,
1.52E07,1.867E+4,
1.56E07,1.838E+4,
1.6E07,1.865E+4,
1.64E07,1.870E+4,
1.68E07,1.871E+4,
1.72E07,1.857E+4,
1.76E07,1.849E+4,
1.8E07,1.860E+4,
1.84E07,1.856E+4,
1.88E07,1.844E+4,
1.92E07,1.839E+4,
1.96E07,1.873E+4,
2E07,1.848E+4,
2.04E07,1.875E+4,
2.08E07,1.862E+4,
2.12E07,1.867E+4,
2.16E07,1.875E+4,
2.2E07,1.837E+4,
2.24E07,1.854E+4,
2.28E07,1.881E+4,
2.32E07,1.888E+4,
2.36E07,1.869E+4,
2.4E07,1.872E+4,
2.44E07,1.905E+4,
2.48E07,1.890E+4,
2.52E07,1.868E+4,
2.56E07,1.898E+4,
2.6E07,1.864E+4,
2.64E07,1.874E+4,
2.68E07,1.881E+4,
2.72E07,1.894E+4,
2.76E07,1.886E+4,
2.8E07,1.894E+4,
2.84E07,1.890E+4,
2.88E07,1.860E+4,
2.92E07,1.884E+4,
2.96E07,1.909E+4,
3E07,1.897E+4,
3.04E07,1.894E+4,
3.08E07,1.891E+4,
3.12E07,1.899E+4,
3.16E07,1.898E+4,
3.2E07,1.902E+4,
3.24E07,1.921E+4,
3.28E07,1.909E+4,
3.32E07,1.913E+4,
3.36E07,1.939E+4,
3.4E07,1.904E+4,
3.44E07,1.914E+4,
3.48E07,1.923E+4,
3.52E07,1.918E+4,
3.56E07,1.936E+4,
3.6E07,1.929E+4,
3.64E07,1.930E+4,
3.68E07,1.940E+4,
3.72E07,1.941E+4,
3.76E07,1.966E+4,
3.8E07,1.941E+4,
3.84E07,1.930E+4,
3.88E07,1.925E+4,
3.92E07,1.961E+4,
3.96E07,1.947E+4,
4E07,1.959E+4,
4.04E07,1.960E+4,
4.08E07,1.960E+4,
4.12E07,1.936E+4,
4.16E07,1.936E+4,
4.2E07,1.952E+4,
4.24E07,1.964E+4,
4.28E07,1.948E+4,
4.32E07,1.971E+4,
4.36E07,1.987E+4,
4.4E07,1.981E+4,
4.44E07,1.979E+4,
4.48E07,1.963E+4,
4.52E07,1.987E+4,
4.56E07,1.980E+4,
4.6E07,1.967E+4,
4.64E07,1.979E+4,
4.68E07,1.973E+4,
4.72E07,1.967E+4,
4.76E07,1.989E+4,
4.8E07,1.982E+4,
4.84E07,1.992E+4,
4.88E07,1.983E+4,
4.92E07,1.987E+4,
4.96E07,1.967E+4,
5E07,1.976E+4,
5.04E07,1.984E+4,
5.08E07,2.000E+4,
5.12E07,2.021E+4,
5.16E07,1.974E+4,
5.2E07,1.981E+4,
5.24E07,2.008E+4,
5.28E07,1.970E+4,
5.32E07,1.992E+4,
5.36E07,2.003E+4,
5.4E07,1.989E+4,
5.44E07,2.012E+4,
5.48E07,2.026E+4,
5.52E07,1.996E+4,
5.56E07,2.022E+4,
5.6E07,2.019E+4,
5.64E07,2.014E+4,
5.68E07,1.995E+4,
5.72E07,2.010E+4,
5.76E07,2.024E+4,
5.8E07,2.029E+4,
5.84E07,2.032E+4,
5.88E07,2.039E+4,
5.92E07,2.013E+4,
5.96E07,2.019E+4,
6E07,2.024E+4,
6.04E07,2.013E+4,
6.08E07,1.991E+4,
6.12E07,2.029E+4,
6.16E07,2.022E+4,
6.2E07,2.026E+4,
6.24E07,1.998E+4,
6.28E07,2.024E+4,
6.32E07,2.025E+4,
6.36E07,2.029E+4,
64000005.000000,2.010E+4,
64400005.000000,2.010E+4,
64800005.000000,2.046E+4,
65200005.000000,2.034E+4,
65600005.000000,2.047E+4,
66000005.000000,2.018E+4,
66400005.000000,2.051E+4,
66800005.000000,2.038E+4,
67200005.000000,2.048E+4,
67600005.000000,2.041E+4,
68000005.000000,2.045E+4,
68400005.000000,2.063E+4,
68800005.000000,2.044E+4,
69200005.000000,2.048E+4,
69600005.000000,2.047E+4,
70000005.000000,2.034E+4,
70400006.000000,2.045E+4,
70800006.000000,2.051E+4,
71200006.000000,2.051E+4,
71600006.000000,2.051E+4,
72000006.000000,2.043E+4,
72400006.000000,2.055E+4,
72800006.000000,2.044E+4,
73200006.000000,2.051E+4,
73600006.000000,2.046E+4,
74000006.000000,2.034E+4,
74400006.000000,2.065E+4,
74800006.000000,2.075E+4,
75200006.000000,2.063E+4,
75600006.000000,2.066E+4,
76000006.000000,2.039E+4,
76400006.000000,2.052E+4,
76800006.000000,2.075E+4,
77200006.000000,2.077E+4,
77600006.000000,2.068E+4,
78000006.000000,2.068E+4,
78400006.000000,2.083E+4,
78800006.000000,2.056E+4,
79200006.000000,2.064E+4,
79600006.000000,2.070E+4,
80000006.000000,2.054E+4,
80400006.000000,2.071E+4,
80800006.000000,2.074E+4,
81200006.000000,2.045E+4,
81600006.000000,2.073E+4,
82000006.000000,2.063E+4,
82400006.000000,2.063E+4,
82800006.000000,2.058E+4,
83200007.000000,2.077E+4,
83600007.000000,2.071E+4,
84000007.000000,2.057E+4,
84400007.000000,2.084E+4,
84800007.000000,2.070E+4,
85200007.000000,2.057E+4,
85600007.000000,2.087E+4,
86000007.000000,2.084E+4,
86400007.000000,2.091E+4,
86800007.000000,2.088E+4,
87200007.000000,2.094E+4,
87600007.000000,2.071E+4,
88000007.000000,2.085E+4,
88400007.000000,2.091E+4,
88800007.000000,2.083E+4,
89200007.000000,2.101E+4,
89600007.000000,2.088E+4,
90000007.000000,2.077E+4,
90400007.000000,2.088E+4,
90800007.000000,2.074E+4,
91200007.000000,2.100E+4,
91600007.000000,2.095E+4,
92000007.000000,2.066E+4,
92400007.000000,2.080E+4,
92800007.000000,2.069E+4,
93200007.000000,2.082E+4,
93600007.000000,2.087E+4,
94000007.000000,2.083E+4,
94400007.000000,2.071E+4,
94800007.000000,2.096E+4,
95200007.000000,2.063E+4,
95600007.000000,2.089E+4,
96000008.000000,2.090E+4,
96400008.000000,2.096E+4,
96800008.000000,2.100E+4,
97200008.000000,2.089E+4,
97600008.000000,2.110E+4,
98000008.000000,2.096E+4,
98400008.000000,2.088E+4,
98800008.000000,2.095E+4,
99200008.000000,2.087E+4,
99600008.000000,2.085E+4,
1E08,2.079E+4,
1.004E008,2.114E+4,
1.008E008,2.135E+4,
1.012E008,2.139E+4,
1.016E008,2.177E+4,
1.02E08,2.225E+4,
1.024E008,2.277E+4,
1.028E008,2.310E+4,
1.032E008,2.349E+4,
1.036E008,2.416E+4,
1.04E08,2.465E+4,
1.044E008,2.479E+4,
1.048E008,2.491E+4,
1.052E008,2.554E+4,
1.056E008,2.573E+4,
1.06E08,2.587E+4,
1.064E008,2.599E+4,
1.068E008,2.621E+4,
1.072E008,2.623E+4,
1.076E008,2.626E+4,
1.08E08,2.622E+4,
1.084E008,2.647E+4,
1.088E008,2.664E+4,
1.092E008,2.659E+4,
1.096E008,2.647E+4,
1.1E08,2.627E+4,
1.104E008,2.635E+4,
1.108E008,2.611E+4,
1.112E008,2.609E+4,
1.116E008,2.587E+4,
1.12E08,2.571E+4,
1.124E008,2.569E+4,
1.128E008,2.536E+4,
1.132E008,2.526E+4,
1.136E008,2.495E+4,
1.14E08,2.476E+4,
1.144E008,2.470E+4,
1.148E008,2.437E+4,
1.152E008,2.427E+4,
1.156E008,2.394E+4,
1.16E08,2.353E+4,
1.164E008,2.309E+4,
1.168E008,2.276E+4,
1.172E008,2.249E+4,
1.176E008,2.204E+4,
1.18E08,2.167E+4,
1.184E008,2.116E+4,
1.188E008,2.063E+4,
1.192E008,2.038E+4,
1.196E008,1.988E+4,
1.2E08,1.928E+4,
1.204E008,1.914E+4,
1.208E008,1.862E+4,
1.212E008,1.820E+4,
1.216E008,1.754E+4,
1.22E08,1.732E+4,
1.224E008,1.669E+4,
1.228E008,1.641E+4,
1.232E008,1.591E+4,
1.236E008,1.552E+4,
1.24E08,1.480E+4,
1.244E008,1.461E+4,
1.248E008,1.409E+4,
1.252E008,1.374E+4,
1.256E008,1.322E+4,
1.26E08,1.290E+4,
1.264E008,1.248E+4,
1.268E008,1.226E+4,
1.272E008,1.191E+4,
1.276E008,1.149E+4,
1.28E08,1.108E+4,
1.284E008,1.067E+4,
1.288E008,1.032E+4,
1.292E008,9.816E+3,
1.296E008,9.724E+3,
1.3E08,9.294E+3,
1.304E008,8.894E+3,
1.308E008,8.839E+3,
1.312E008,8.326E+3,
1.316E008,8.201E+3,
1.32E08,7.975E+3,
1.324E008,7.578E+3,
1.328E008,7.186E+3,
1.332E008,6.913E+3,
1.336E008,6.969E+3,
1.34E08,6.567E+3,
1.344E008,6.232E+3,
1.348E008,6.033E+3,
1.352E008,5.857E+3,
1.356E008,5.695E+3,
1.36E08,5.399E+3,
1.364E008,5.306E+3,
1.368E008,5.085E+3,
1.372E008,4.803E+3,
1.376E008,4.802E+3,
1.38E08,4.660E+3,
1.384E008,4.447E+3,
1.388E008,4.242E+3,
1.392E008,4.072E+3,
1.396E008,3.885E+3,
1.4E08,3.754E+3,
1.404E008,3.628E+3,
1.408E008,3.528E+3,
1.412E008,3.413E+3,
1.416E008,3.282E+3,
1.42E08,3.145E+3,
1.424E008,2.896E+3,
1.428E008,2.936E+3,
1.432E008,2.708E+3,
1.436E008,2.735E+3,
1.44E08,2.607E+3,
1.444E008,2.561E+3,
1.448E008,2.363E+3,
1.452E008,2.378E+3,
1.456E008,2.218E+3,
1.46E08,2.224E+3,
1.464E008,1.962E+3,
1.468E008,1.913E+3,
1.472E008,1.892E+3,
1.476E008,1.866E+3,
1.48E08,1.832E+3,
1.484E008,1.733E+3,
1.488E008,1.613E+3,
1.492E008,1.548E+3,
1.496E008,1.525E+3,
1.5E08,1.469E+3,
1.504E008,1.412E+3,
1.508E008,1.429E+3,
1.512E008,1.273E+3,
1.516E008,1.306E+3,
1.52E08,1.204E+3,
1.524E008,1.168E+3,
1.528E008,1.099E+3,
1.532E008,1.060E+3,
1.536E008,1.053E+3,
1.54E08,1.033E+3,
1.544E008,9.920E+2,
1.548E008,9.970E+2,
1.552E008,1.007E+3,
1.556E008,8.840E+2,
1.56E08,8.430E+2,
1.564E008,8.250E+2,
1.568E008,7.330E+2,
1.572E008,7.660E+2,
1.576E008,7.670E+2,
1.58E08,7.630E+2,
1.584E008,6.840E+2,
1.588E008,6.920E+2,
1.592E008,6.490E+2,
1.596E008,6.250E+2,
1.6E08,6.530E+2,
1.604E008,5.840E+2,
1.608E008,6.320E+2,
1.612E008,5.890E+2,
1.616E008,5.290E+2,
1.62E08,5.740E+2,
1.624E008,5.360E+2,
1.628E008,4.930E+2,
1.632E008,5.150E+2,
1.636E008,5.300E+2,
1.64E08,4.940E+2,
1.644E008,4.110E+2,
1.648E008,4.480E+2,
1.652E008,4.800E+2,
1.656E008,4.490E+2,
1.66E08,4.120E+2,
1.664E008,4.160E+2,
1.668E008,4.010E+2,
1.672E008,3.860E+2,
1.676E008,3.930E+2,
1.68E08,4.250E+2,
1.684E008,3.440E+2,
1.688E008,3.650E+2,
1.692E008,4.080E+2,
1.696E008,3.860E+2,
1.7E08,3.630E+2,
1.704E008,3.370E+2,
1.708E008,3.200E+2,
1.712E008,3.240E+2,
1.716E008,2.950E+2,
1.72E08,3.140E+2,
1.724E008,3.280E+2,
1.728E008,3.250E+2,
1.732E008,3.090E+2,
1.736E008,2.920E+2,
1.74E08,3.210E+2,
1.744E008,2.800E+2,
1.748E008,3.030E+2,
1.752E008,2.750E+2,
1.756E008,2.840E+2,
1.76E08,2.770E+2,
1.764E008,2.830E+2,
1.768E008,2.600E+2,
1.772E008,2.650E+2,
1.776E008,2.670E+2,
1.78E08,2.870E+2,
1.784E008,2.620E+2,
1.788E008,2.510E+2,
1.792E008,2.520E+2,
1.796E008,2.670E+2,
1.8E08,2.540E+2,
1.804E008,2.750E+2,
1.808E008,2.640E+2,
1.812E008,2.770E+2,
1.816E008,2.720E+2,
1.82E08,2.750E+2,
1.824E008,2.370E+2,
1.828E008,2.200E+2,
1.832E008,2.180E+2,
1.836E008,2.400E+2,
1.84E08,2.440E+2,
1.844E008,2.560E+2,
1.848E008,2.400E+2,
1.852E008,2.630E+2,
1.856E008,2.620E+2,
1.86E08,2.340E+2,
1.864E008,2.400E+2,
1.868E008,2.430E+2,
1.872E008,2.280E+2,
1.876E008,2.370E+2,
1.88E08,2.540E+2,
1.884E008,2.290E+2,
1.888E008,2.540E+2,
1.892E008,2.230E+2,
1.896E008,2.520E+2,
1.9E08,2.400E+2,
1.904E008,2.000E+2,
1.908E008,2.380E+2,
1.912E008,2.370E+2,
1.916E008,2.260E+2,
1.92E08,2.370E+2,
1.924E008,2.280E+2,
1.928E008,2.050E+2,
1.932E008,2.130E+2,
1.936E008,2.000E+2,
1.94E08,2.370E+2,
1.944E008,2.170E+2,
1.948E008,2.100E+2,
1.952E008,2.430E+2,
1.956E008,2.320E+2,
1.96E08,1.930E+2,
1.964E008,1.980E+2,
1.968E008,2.360E+2,
1.972E008,2.200E+2,
1.976E008,2.420E+2,
1.98E08,2.190E+2,
1.984E008,2.110E+2,
1.988E008,2.090E+2,
1.992E008,2.320E+2,
1.996E008,1.990E+2,
2E08,2.290E+2,
2.004E008,2.070E+2,
2.008E008,2.190E+2,
2.012E008,2.070E+2,
2.016E008,1.990E+2,
2.02E08,2.180E+2,
2.024E008,2.050E+2,
2.028E008,2.290E+2,
2.032E008,2.560E+2,
2.036E008,2.080E+2,
2.04E08,2.150E+2,
2.044E008,2.020E+2,
2.048E008,2.040E+2,
2.052E008,2.350E+2,
2.056E008,2.120E+2,
2.06E08,2.120E+2,
2.064E008,2.170E+2,
2.068E008,1.930E+2,
2.072E008,2.030E+2,
2.076E008,2.060E+2,
2.08E08,2.310E+2,
2.084E008,1.920E+2,
2.088E008,2.110E+2,
2.092E008,1.830E+2,
2.096E008,2.160E+2,
2.1E08,2.140E+2,
2.104E008,2.000E+2,
2.108E008,2.230E+2,
2.112E008,1.940E+2,
2.116E008,2.070E+2,
2.12E08,2.010E+2,
2.124E008,2.250E+2,
2.128E008,2.210E+2,
2.132E008,2.180E+2,
2.136E008,1.870E+2,
2.14E08,2.020E+2,
2.144E008,2.120E+2,
2.148E008,2.250E+2,
2.152E008,2.020E+2,
2.156E008,1.900E+2,
2.16E08,2.050E+2,
2.164E008,2.080E+2,
2.168E008,2.280E+2,
2.172E008,1.980E+2,
2.176E008,1.880E+2,
2.18E08,2.000E+2,
2.184E008,2.110E+2,
2.188E008,2.230E+2,
2.192E008,2.040E+2,
2.196E008,2.070E+2,
2.2E08,2.140E+2,
2.204E008,1.970E+2,
2.208E008,2.090E+2,
2.212E008,1.960E+2,
2.216E008,2.400E+2,
2.22E08,2.120E+2,
2.224E008,2.170E+2,
2.228E008,1.790E+2,
2.232E008,2.120E+2,
2.236E008,2.150E+2,
2.24E08,2.130E+2,
2.244E008,2.130E+2,
2.248E008,1.950E+2,
2.252E008,2.100E+2,
2.256E008,2.470E+2,
2.26E08,1.930E+2,
2.264E008,1.900E+2,
2.268E008,2.110E+2,
2.272E008,1.810E+2,
2.276E008,2.100E+2,
2.28E08,1.790E+2,
2.284E008,1.780E+2,
2.288E008,2.310E+2,
2.292E008,2.040E+2,
2.296E008,2.090E+2,
2.3E08,2.070E+2,
2.304E008,2.030E+2,
2.308E008,2.220E+2,
2.312E008,2.090E+2,
2.316E008,2.130E+2,
2.32E08,2.210E+2,
2.324E008,2.070E+2,
2.328E008,2.100E+2,
2.332E008,1.950E+2,
2.336E008,2.360E+2,
2.34E08,2.100E+2,
2.344E008,1.820E+2,
2.348E008,2.280E+2,
2.352E008,2.050E+2,
2.356E008,2.180E+2,
2.36E08,2.220E+2,
2.364E008,2.060E+2,
2.368E008,2.350E+2,
2.372E008,2.000E+2,
2.376E008,2.170E+2,
2.38E08,2.040E+2,
2.384E008,1.870E+2,
2.388E008,2.530E+2,
2.392E008,1.780E+2,
2.396E008,2.280E+2,
2.4E08,2.200E+2,
2.404E008,1.960E+2,
2.408E008,1.820E+2,
2.412E008,2.340E+2,
2.416E008,2.030E+2,
2.42E08,2.060E+2,
2.424E008,1.880E+2,
2.428E008,1.900E+2,
2.432E008,1.900E+2,
2.436E008,2.120E+2,
2.44E08,2.110E+2,
2.444E008,2.130E+2,
2.448E008,2.220E+2,
2.452E008,1.880E+2,
2.456E008,1.960E+2,
2.46E08,1.890E+2,
2.464E008,2.150E+2,
2.468E008,2.410E+2,
2.472E008,1.950E+2,
2.476E008,2.310E+2,
2.48E08,2.070E+2,
2.484E008,1.950E+2,
2.488E008,2.180E+2,
2.492E008,2.160E+2,
2.496E008,1.980E+2,
2.5E08,1.900E+2,
2.504E008,2.170E+2,
2.508E008,2.090E+2,
2.512E008,2.050E+2,
2.516E008,1.940E+2,
2.52E08,2.180E+2,
2.524E008,2.130E+2,
2.528E008,2.110E+2,
2.532E008,2.520E+2,
2.536E008,2.510E+2,
2.54E08,1.950E+2,
2.544E008,2.130E+2,
2.548E008,2.040E+2,
2.552E008,1.970E+2,
2.556E008,2.020E+2,
2.56E08,1.830E+2,
2.564E008,2.480E+2,
2.568E008,2.060E+2,
2.572E008,2.150E+2,
2.576E008,2.170E+2,
2.58E08,2.050E+2,
2.584E008,2.150E+2,
2.588E008,2.110E+2,
2.592E008,2.190E+2,
2.596E008,1.760E+2,
2.6E08,2.330E+2,
2.604E008,2.200E+2,
2.608E008,2.360E+2,
2.612E008,2.110E+2,
2.616E008,2.160E+2,
2.62E08,2.020E+2,
2.624E008,2.180E+2,
2.628E008,2.080E+2,
2.632E008,2.040E+2,
2.636E008,2.000E+2,
2.64E08,1.850E+2,
2.644E008,2.210E+2,
2.648E008,1.850E+2,
2.652E008,2.070E+2,
2.656E008,2.030E+2,
2.66E08,2.430E+2,
2.664E008,2.030E+2,
2.668E008,2.050E+2,
2.672E008,1.850E+2,
2.676E008,2.120E+2,
2.68E08,2.180E+2,
2.684E008,2.030E+2,
2.688E008,2.050E+2,
2.692E008,2.090E+2,
2.696E008,2.270E+2,
2.7E08,1.840E+2,
2.704E008,2.280E+2,
2.708E008,2.090E+2,
2.712E008,2.120E+2,
2.716E008,2.120E+2,
2.72E08,2.120E+2,
2.724E008,2.100E+2,
2.728E008,1.990E+2,
2.732E008,2.400E+2,
2.736E008,2.150E+2,
2.74E08,2.130E+2,
2.744E008,1.860E+2,
2.748E008,1.860E+2,
2.752E008,2.020E+2,
2.756E008,1.900E+2,
2.76E08,2.090E+2,
2.764E008,2.170E+2,
2.768E008,1.930E+2,
2.772E008,1.930E+2,
2.776E008,1.990E+2,
2.78E08,1.940E+2,
2.784E008,2.170E+2,
2.788E008,2.270E+2,
2.792E008,2.150E+2,
2.796E008,2.000E+2,
2.8E08,2.110E+2,
2.804E008,2.080E+2,
2.808E008,2.070E+2,
2.812E008,2.070E+2,
2.816E008,1.820E+2,
2.82E08,1.930E+2,
2.824E008,2.160E+2,
2.828E008,2.050E+2,
2.832E008,2.130E+2,
2.836E008,1.980E+2,
2.84E08,1.920E+2,
2.844E008,1.900E+2,
2.848E008,2.000E+2,
2.852E008,2.290E+2,
2.856E008,2.260E+2,
2.86E08,2.040E+2,
2.864E008,2.150E+2,
2.868E008,2.020E+2,
2.872E008,2.270E+2,
2.876E008,1.930E+2,
2.88E08,2.190E+2,
2.884E008,2.060E+2,
2.888E008,2.060E+2,
2.892E008,2.230E+2,
2.896E008,1.940E+2,
2.9E08,2.010E+2,
2.904E008,1.960E+2,
2.908E008,2.180E+2,
2.912E008,1.820E+2,
2.916E008,2.100E+2,
2.92E08,1.970E+2,
2.924E008,1.780E+2,
2.928E008,2.160E+2,
2.932E008,1.880E+2,
2.936E008,1.810E+2,
2.94E08,1.910E+2,
2.944E008,2.050E+2,
2.948E008,2.220E+2,
2.952E008,2.120E+2,
2.956E008,1.970E+2,
2.96E08,2.080E+2,
2.964E008,2.290E+2,
2.968E008,2.120E+2,
2.972E008,2.210E+2,
2.976E008,2.330E+2,
2.98E08,2.300E+2,
2.984E008,1.980E+2,
2.988E008,2.190E+2,
2.992E008,2.160E+2,
2.996E008,2.010E+2,
3E08,2.170E+2,
3.004E008,1.830E+2,
3.008E008,2.050E+2,
3.012E008,1.900E+2,
3.016E008,2.130E+2,
3.02E08,2.380E+2,
3.024E008,2.160E+2,
3.028E008,2.300E+2,
3.032E008,2.130E+2,
3.036E008,1.920E+2,
3.04E08,2.450E+2,
3.044E008,1.820E+2,
3.048E008,2.090E+2,
3.052E008,1.920E+2,
3.056E008,2.120E+2,
3.06E08,2.130E+2,
3.064E008,2.260E+2,
3.068E008,2.010E+2,
3.072E008,2.020E+2,
3.076E008,2.170E+2,
3.08E08,1.830E+2,
3.084E008,2.060E+2,
3.088E008,2.080E+2,
3.092E008,2.220E+2,
3.096E008,2.050E+2,
3.1E08,2.090E+2,
3.104E008,2.130E+2,
3.108E008,1.880E+2,
3.112E008,2.350E+2,
3.116E008,2.110E+2,
3.12E08,2.100E+2,
3.124E008,2.210E+2,
3.128E008,2.150E+2,
3.132E008,2.020E+2,
3.136E008,2.100E+2,
3.14E08,2.210E+2,
3.144E008,2.280E+2,
3.148E008,2.240E+2,
3.152E008,2.230E+2,
3.156E008,2.070E+2,
3.16E08,2.540E+2,
3.164E008,1.930E+2,
3.168E008,2.100E+2,
3.172E008,2.440E+2,
3.176E008,2.180E+2,
3.18E08,2.160E+2,
3.184E008,2.090E+2,
3.188E008,2.070E+2,
3.192E008,2.160E+2,
3.196E008,2.150E+2,
3.2E08,2.230E+2,
3.204E008,2.020E+2,
3.208E008,2.040E+2,
3.212E008,2.100E+2,
3.216E008,2.270E+2,
3.22E08,1.900E+2,
3.224E008,2.070E+2,
3.228E008,2.040E+2,
3.232E008,1.940E+2,
3.236E008,2.030E+2,
3.24E08,2.080E+2,
3.244E008,2.150E+2,
3.248E008,2.200E+2,
3.252E008,1.980E+2,
3.256E008,2.230E+2,
3.26E08,1.980E+2,
3.264E008,1.850E+2,
3.268E008,2.100E+2,
3.272E008,1.850E+2,
3.276E008,2.310E+2,
3.28E08,1.890E+2,
3.284E008,1.910E+2,
3.288E008,2.300E+2,
3.292E008,2.330E+2,
3.296E008,1.980E+2,
3.3E08,1.980E+2,
3.304E008,2.220E+2,
3.308E008,1.960E+2,
3.312E008,2.020E+2,
3.316E008,2.240E+2,
3.32E08,2.110E+2,
3.324E008,2.140E+2,
3.328E008,1.910E+2,
3.332E008,2.040E+2,
3.336E008,1.990E+2,
3.34E08,2.070E+2,
3.344E008,2.090E+2,
3.348E008,1.900E+2,
3.352E008,2.340E+2,
3.356E008,2.260E+2,
3.36E08,2.060E+2,
3.364E008,2.130E+2,
3.368E008,2.050E+2,
3.372E008,2.180E+2,
3.376E008,2.320E+2,
3.38E08,2.080E+2,
3.384E008,2.050E+2,
3.388E008,2.210E+2,
3.392E008,1.770E+2,
3.396E008,2.170E+2,
3.4E08,2.340E+2,
3.404E008,2.010E+2,
3.408E008,2.040E+2,
3.412E008,1.860E+2,
3.416E008,1.990E+2,
3.42E08,2.140E+2,
3.424E008,2.150E+2,
3.428E008,1.990E+2,
3.432E008,1.970E+2,
3.436E008,2.370E+2,
3.44E08,2.270E+2,
3.444E008,1.900E+2,
3.448E008,2.090E+2,
3.452E008,2.130E+2,
3.456E008,2.050E+2,
3.46E08,2.100E+2,
3.464E008,1.890E+2,
3.468E008,1.880E+2,
3.472E008,2.110E+2,
3.476E008,2.100E+2,
3.48E08,2.000E+2,
3.484E008,2.190E+2,
3.488E008,2.160E+2,
3.492E008,2.120E+2,
3.496E008,2.130E+2,
3.5E08,2.140E+2,
3.504E008,1.980E+2,
3.508E008,2.350E+2,
3.512E008,2.020E+2,
3.516E008,2.260E+2,
3.52E08,2.160E+2,
3.524E008,2.010E+2,
3.528E008,1.910E+2,
3.532E008,1.920E+2,
3.536E008,2.300E+2,
3.54E08,1.880E+2,
3.544E008,2.080E+2,
3.548E008,2.190E+2,
3.552E008,2.430E+2,
3.556E008,2.010E+2,
3.56E08,2.090E+2,
3.564E008,2.180E+2,
3.568E008,2.150E+2,
3.572E008,2.140E+2,
3.576E008,2.140E+2,
3.58E08,1.990E+2,
3.584E008,2.160E+2,
3.588E008,2.280E+2,
3.592E008,2.390E+2,
3.596E008,2.090E+2,
3.6E08,2.240E+2,
3.604E008,1.820E+2,
3.608E008,1.940E+2,
3.612E008,2.360E+2,
3.616E008,1.990E+2,
3.62E08,1.830E+2,
3.624E008,2.050E+2,
3.628E008,2.240E+2,
3.632E008,2.150E+2,
3.636E008,2.140E+2,
3.64E08,1.980E+2,
3.644E008,1.920E+2,
3.648E008,1.960E+2,
3.652E008,1.980E+2,
3.656E008,1.960E+2,
3.66E08,2.070E+2,
3.664E008,2.000E+2,
3.668E008,1.970E+2,
3.672E008,2.010E+2,
3.676E008,2.240E+2,
3.68E08,2.060E+2,
3.684E008,2.360E+2,
3.688E008,2.050E+2,
3.692E008,2.340E+2,
3.696E008,2.040E+2,
3.7E08,2.210E+2,
3.704E008,1.940E+2,
3.708E008,1.850E+2,
3.712E008,1.970E+2,
3.716E008,1.820E+2,
3.72E08,2.270E+2,
3.724E008,2.050E+2,
3.728E008,2.070E+2,
3.732E008,1.920E+2,
3.736E008,2.060E+2,
3.74E08,2.180E+2,
3.744E008,2.120E+2,
3.748E008,2.060E+2,
3.752E008,1.990E+2,
3.756E008,1.940E+2,
3.76E08,2.010E+2,
3.764E008,2.180E+2,
3.768E008,2.110E+2,
3.772E008,2.170E+2,
3.776E008,1.940E+2,
3.78E08,2.300E+2,
3.784E008,2.030E+2,
3.788E008,2.010E+2,
3.792E008,2.380E+2,
3.796E008,2.020E+2,
3.8E08,2.100E+2,
3.804E008,2.350E+2,
3.808E008,2.040E+2,
3.812E008,2.290E+2,
3.816E008,2.260E+2,
3.82E08,2.010E+2,
3.824E008,2.110E+2,
3.828E008,2.240E+2,
3.832E008,2.250E+2,
3.836E008,2.010E+2,
3.84E08,1.880E+2,
3.844E008,2.000E+2,
3.848E008,2.270E+2,
3.852E008,2.140E+2,
3.856E008,2.000E+2,
3.86E08,1.890E+2,
3.864E008,2.120E+2,
3.868E008,2.070E+2,
3.872E008,1.950E+2,
3.876E008,1.920E+2,
3.88E08,2.100E+2,
3.884E008,1.890E+2,
3.888E008,2.210E+2,
3.892E008,2.060E+2,
3.896E008,2.180E+2,
3.9E08,2.130E+2,
3.904E008,2.410E+2,
3.908E008,2.050E+2,
3.912E008,2.180E+2,
3.916E008,2.280E+2,
3.92E08,2.350E+2,
3.924E008,1.750E+2,
3.928E008,2.060E+2,
3.932E008,2.010E+2,
3.936E008,2.180E+2,
3.94E08,2.110E+2,
3.944E008,1.860E+2,
3.948E008,1.920E+2,
3.952E008,1.670E+2,
3.956E008,1.750E+2,
3.96E08,1.700E+2,
3.964E008,2.000E+2,
3.968E008,1.930E+2,
3.972E008,2.050E+2,
3.976E008,2.210E+2,
3.98E08,2.080E+2,
3.984E008,2.500E+2,
3.988E008,1.680E+2,
3.992E008,2.270E+2,
3.996E008,1.820E+2,
