Labels,amplitude_3_5sweeps,
Type,Time Scan,
Comment,,
Start,0.00,
Stop,3.996E008,
Step,4E05,
Fixed/Offset, ,
XAxis,Time,
YAxis,Counts,

0.00,1.679E+4,
4E05,5.032E+4,
800000.060000,6.094E+4,
1.2E06,6.496E+4,
1.6E06,6.632E+4,
2E06,6.680E+4,
2.4E06,6.684E+4,
2.8E06,6.629E+4,
3.2E06,6.624E+4,
3.6E06,6.637E+4,
4E06,6.635E+4,
4.4E06,6.688E+4,
4.8E06,6.624E+4,
5.2E06,6.499E+4,
5.6E06,6.454E+4,
6E06,6.374E+4,
6400000.500000,6.291E+4,
6800000.500000,6.204E+4,
7200000.600000,6.204E+4,
7600000.600000,6.177E+4,
8000000.600000,6.131E+4,
8400000.700000,6.191E+4,
8800000.700000,6.163E+4,
9200000.700000,6.160E+4,
9600000.800000,6.163E+4,
1E07,6.156E+4,
1.04E07,6.143E+4,
1.08E07,6.127E+4,
1.12E07,6.120E+4,
1.16E07,6.107E+4,
1.2E07,6.095E+4,
1.24E07,6.088E+4,
1.28E07,6.092E+4,
1.32E07,6.074E+4,
1.36E07,6.096E+4,
1.4E07,6.055E+4,
1.44E07,6.081E+4,
1.48E07,6.113E+4,
1.52E07,6.071E+4,
1.56E07,6.094E+4,
1.6E07,6.037E+4,
1.64E07,6.079E+4,
1.68E07,6.047E+4,
1.72E07,6.050E+4,
1.76E07,6.058E+4,
1.8E07,6.048E+4,
1.84E07,6.023E+4,
1.88E07,6.022E+4,
1.92E07,6.043E+4,
1.96E07,6.013E+4,
2E07,6.049E+4,
2.04E07,6.015E+4,
2.08E07,6.031E+4,
2.12E07,5.992E+4,
2.16E07,6.014E+4,
2.2E07,6.051E+4,
2.24E07,6.016E+4,
2.28E07,5.987E+4,
2.32E07,6.013E+4,
2.36E07,6.041E+4,
2.4E07,5.993E+4,
2.44E07,6.007E+4,
2.48E07,6.027E+4,
2.52E07,6.012E+4,
2.56E07,6.035E+4,
2.6E07,6.012E+4,
2.64E07,6.038E+4,
2.68E07,6.025E+4,
2.72E07,6.031E+4,
2.76E07,6.019E+4,
2.8E07,5.978E+4,
2.84E07,6.020E+4,
2.88E07,6.011E+4,
2.92E07,6.016E+4,
2.96E07,6.020E+4,
3E07,6.012E+4,
3.04E07,6.000E+4,
3.08E07,6.050E+4,
3.12E07,6.047E+4,
3.16E07,6.035E+4,
3.2E07,5.991E+4,
3.24E07,5.989E+4,
3.28E07,6.007E+4,
3.32E07,5.992E+4,
3.36E07,6.031E+4,
3.4E07,6.017E+4,
3.44E07,6.051E+4,
3.48E07,6.023E+4,
3.52E07,6.040E+4,
3.56E07,6.004E+4,
3.6E07,6.013E+4,
3.64E07,6.043E+4,
3.68E07,6.018E+4,
3.72E07,6.000E+4,
3.76E07,6.013E+4,
3.8E07,5.991E+4,
3.84E07,6.028E+4,
3.88E07,6.036E+4,
3.92E07,5.994E+4,
3.96E07,6.046E+4,
4E07,6.008E+4,
4.04E07,6.023E+4,
4.08E07,6.047E+4,
4.12E07,6.014E+4,
4.16E07,6.030E+4,
4.2E07,6.021E+4,
4.24E07,6.047E+4,
4.28E07,6.018E+4,
4.32E07,6.047E+4,
4.36E07,6.029E+4,
4.4E07,6.018E+4,
4.44E07,6.039E+4,
4.48E07,6.055E+4,
4.52E07,6.051E+4,
4.56E07,6.064E+4,
4.6E07,6.043E+4,
4.64E07,6.051E+4,
4.68E07,6.035E+4,
4.72E07,6.025E+4,
4.76E07,6.027E+4,
4.8E07,6.019E+4,
4.84E07,6.077E+4,
4.88E07,6.025E+4,
4.92E07,6.047E+4,
4.96E07,6.039E+4,
5E07,6.049E+4,
5.04E07,6.046E+4,
5.08E07,6.046E+4,
5.12E07,6.067E+4,
5.16E07,6.043E+4,
5.2E07,6.030E+4,
5.24E07,6.049E+4,
5.28E07,6.070E+4,
5.32E07,6.055E+4,
5.36E07,6.059E+4,
5.4E07,6.046E+4,
5.44E07,6.051E+4,
5.48E07,6.046E+4,
5.52E07,6.058E+4,
5.56E07,6.050E+4,
5.6E07,6.052E+4,
5.64E07,6.070E+4,
5.68E07,6.067E+4,
5.72E07,6.065E+4,
5.76E07,6.055E+4,
5.8E07,6.088E+4,
5.84E07,6.046E+4,
5.88E07,6.081E+4,
5.92E07,6.073E+4,
5.96E07,6.048E+4,
6E07,6.032E+4,
6.04E07,6.064E+4,
6.08E07,6.081E+4,
6.12E07,6.064E+4,
6.16E07,6.094E+4,
6.2E07,6.081E+4,
6.24E07,6.055E+4,
6.28E07,6.096E+4,
6.32E07,6.088E+4,
6.36E07,6.065E+4,
64000005.000000,6.052E+4,
64400005.000000,6.110E+4,
64800005.000000,6.099E+4,
65200005.000000,6.068E+4,
65600005.000000,6.089E+4,
66000005.000000,6.058E+4,
66400005.000000,6.083E+4,
66800005.000000,6.101E+4,
67200005.000000,6.088E+4,
67600005.000000,6.045E+4,
68000005.000000,6.091E+4,
68400005.000000,6.070E+4,
68800005.000000,6.078E+4,
69200005.000000,6.090E+4,
69600005.000000,6.061E+4,
70000005.000000,6.092E+4,
70400006.000000,6.123E+4,
70800006.000000,6.088E+4,
71200006.000000,6.098E+4,
71600006.000000,6.077E+4,
72000006.000000,6.084E+4,
72400006.000000,6.095E+4,
72800006.000000,6.086E+4,
73200006.000000,6.100E+4,
73600006.000000,6.082E+4,
74000006.000000,6.098E+4,
74400006.000000,6.122E+4,
74800006.000000,6.132E+4,
75200006.000000,6.090E+4,
75600006.000000,6.108E+4,
76000006.000000,6.096E+4,
76400006.000000,6.092E+4,
76800006.000000,6.088E+4,
77200006.000000,6.091E+4,
77600006.000000,6.082E+4,
78000006.000000,6.088E+4,
78400006.000000,6.096E+4,
78800006.000000,6.103E+4,
79200006.000000,6.120E+4,
79600006.000000,6.098E+4,
80000006.000000,6.100E+4,
80400006.000000,6.133E+4,
80800006.000000,6.093E+4,
81200006.000000,6.106E+4,
81600006.000000,6.104E+4,
82000006.000000,6.088E+4,
82400006.000000,6.073E+4,
82800006.000000,6.127E+4,
83200007.000000,6.126E+4,
83600007.000000,6.111E+4,
84000007.000000,6.150E+4,
84400007.000000,6.119E+4,
84800007.000000,6.150E+4,
85200007.000000,6.126E+4,
85600007.000000,6.112E+4,
86000007.000000,6.137E+4,
86400007.000000,6.127E+4,
86800007.000000,6.115E+4,
87200007.000000,6.148E+4,
87600007.000000,6.107E+4,
88000007.000000,6.107E+4,
88400007.000000,6.151E+4,
88800007.000000,6.137E+4,
89200007.000000,6.135E+4,
89600007.000000,6.140E+4,
90000007.000000,6.148E+4,
90400007.000000,6.126E+4,
90800007.000000,6.132E+4,
91200007.000000,6.116E+4,
91600007.000000,6.122E+4,
92000007.000000,6.119E+4,
92400007.000000,6.159E+4,
92800007.000000,6.144E+4,
93200007.000000,6.144E+4,
93600007.000000,6.134E+4,
94000007.000000,6.131E+4,
94400007.000000,6.123E+4,
94800007.000000,6.136E+4,
95200007.000000,6.151E+4,
95600007.000000,6.141E+4,
96000008.000000,6.141E+4,
96400008.000000,6.155E+4,
96800008.000000,6.123E+4,
97200008.000000,6.130E+4,
97600008.000000,6.164E+4,
98000008.000000,6.137E+4,
98400008.000000,6.170E+4,
98800008.000000,6.160E+4,
99200008.000000,6.133E+4,
99600008.000000,6.165E+4,
1E08,6.148E+4,
1.004E008,6.167E+4,
1.008E008,6.214E+4,
1.012E008,6.259E+4,
1.016E008,6.333E+4,
1.02E08,6.349E+4,
1.024E008,6.435E+4,
1.028E008,6.484E+4,
1.032E008,6.552E+4,
1.036E008,6.572E+4,
1.04E08,6.588E+4,
1.044E008,6.612E+4,
1.048E008,6.640E+4,
1.052E008,6.648E+4,
1.056E008,6.656E+4,
1.06E08,6.634E+4,
1.064E008,6.602E+4,
1.068E008,6.604E+4,
1.072E008,6.607E+4,
1.076E008,6.551E+4,
1.08E08,6.472E+4,
1.084E008,6.495E+4,
1.088E008,6.399E+4,
1.092E008,6.399E+4,
1.096E008,6.287E+4,
1.1E08,6.188E+4,
1.104E008,6.106E+4,
1.108E008,6.072E+4,
1.112E008,5.968E+4,
1.116E008,5.872E+4,
1.12E08,5.796E+4,
1.124E008,5.705E+4,
1.128E008,5.605E+4,
1.132E008,5.515E+4,
1.136E008,5.429E+4,
1.14E08,5.336E+4,
1.144E008,5.188E+4,
1.148E008,5.147E+4,
1.152E008,4.995E+4,
1.156E008,4.904E+4,
1.16E08,4.802E+4,
1.164E008,4.695E+4,
1.168E008,4.569E+4,
1.172E008,4.494E+4,
1.176E008,4.347E+4,
1.18E08,4.270E+4,
1.184E008,4.173E+4,
1.188E008,4.052E+4,
1.192E008,3.927E+4,
1.196E008,3.834E+4,
1.2E08,3.723E+4,
1.204E008,3.615E+4,
1.208E008,3.528E+4,
1.212E008,3.417E+4,
1.216E008,3.339E+4,
1.22E08,3.231E+4,
1.224E008,3.141E+4,
1.228E008,3.041E+4,
1.232E008,2.961E+4,
1.236E008,2.866E+4,
1.24E08,2.762E+4,
1.244E008,2.678E+4,
1.248E008,2.586E+4,
1.252E008,2.469E+4,
1.256E008,2.408E+4,
1.26E08,2.341E+4,
1.264E008,2.262E+4,
1.268E008,2.182E+4,
1.272E008,2.118E+4,
1.276E008,2.052E+4,
1.28E08,1.989E+4,
1.284E008,1.922E+4,
1.288E008,1.830E+4,
1.292E008,1.774E+4,
1.296E008,1.701E+4,
1.3E08,1.629E+4,
1.304E008,1.565E+4,
1.308E008,1.524E+4,
1.312E008,1.466E+4,
1.316E008,1.414E+4,
1.32E08,1.378E+4,
1.324E008,1.324E+4,
1.328E008,1.249E+4,
1.332E008,1.221E+4,
1.336E008,1.166E+4,
1.34E08,1.143E+4,
1.344E008,1.090E+4,
1.348E008,1.042E+4,
1.352E008,1.019E+4,
1.356E008,9.744E+3,
1.36E08,9.203E+3,
1.364E008,8.921E+3,
1.368E008,8.619E+3,
1.372E008,8.293E+3,
1.376E008,7.945E+3,
1.38E08,7.729E+3,
1.384E008,7.405E+3,
1.388E008,7.095E+3,
1.392E008,6.729E+3,
1.396E008,6.504E+3,
1.4E08,6.357E+3,
1.404E008,6.147E+3,
1.408E008,5.881E+3,
1.412E008,5.604E+3,
1.416E008,5.437E+3,
1.42E08,5.257E+3,
1.424E008,4.927E+3,
1.428E008,4.831E+3,
1.432E008,4.504E+3,
1.436E008,4.461E+3,
1.44E08,4.194E+3,
1.444E008,3.988E+3,
1.448E008,3.915E+3,
1.452E008,3.738E+3,
1.456E008,3.659E+3,
1.46E08,3.431E+3,
1.464E008,3.373E+3,
1.468E008,3.230E+3,
1.472E008,3.047E+3,
1.476E008,2.970E+3,
1.48E08,2.850E+3,
1.484E008,2.822E+3,
1.488E008,2.682E+3,
1.492E008,2.510E+3,
1.496E008,2.495E+3,
1.5E08,2.300E+3,
1.504E008,2.333E+3,
1.508E008,2.185E+3,
1.512E008,2.057E+3,
1.516E008,2.033E+3,
1.52E08,1.883E+3,
1.524E008,1.865E+3,
1.528E008,1.794E+3,
1.532E008,1.722E+3,
1.536E008,1.742E+3,
1.54E08,1.633E+3,
1.544E008,1.563E+3,
1.548E008,1.539E+3,
1.552E008,1.468E+3,
1.556E008,1.479E+3,
1.56E08,1.392E+3,
1.564E008,1.321E+3,
1.568E008,1.277E+3,
1.572E008,1.261E+3,
1.576E008,1.122E+3,
1.58E08,1.169E+3,
1.584E008,1.076E+3,
1.588E008,1.041E+3,
1.592E008,1.040E+3,
1.596E008,1.060E+3,
1.6E08,1.019E+3,
1.604E008,9.780E+2,
1.608E008,8.580E+2,
1.612E008,9.170E+2,
1.616E008,8.800E+2,
1.62E08,8.770E+2,
1.624E008,8.280E+2,
1.628E008,8.070E+2,
1.632E008,7.570E+2,
1.636E008,7.960E+2,
1.64E08,7.360E+2,
1.644E008,7.190E+2,
1.648E008,7.590E+2,
1.652E008,7.020E+2,
1.656E008,6.990E+2,
1.66E08,6.780E+2,
1.664E008,5.760E+2,
1.668E008,5.910E+2,
1.672E008,6.210E+2,
1.676E008,5.630E+2,
1.68E08,5.580E+2,
1.684E008,6.200E+2,
1.688E008,5.610E+2,
1.692E008,5.310E+2,
1.696E008,5.310E+2,
1.7E08,5.270E+2,
1.704E008,5.480E+2,
1.708E008,5.320E+2,
1.712E008,4.710E+2,
1.716E008,5.090E+2,
1.72E08,4.530E+2,
1.724E008,4.860E+2,
1.728E008,4.890E+2,
1.732E008,4.670E+2,
1.736E008,4.920E+2,
1.74E08,4.490E+2,
1.744E008,4.110E+2,
1.748E008,3.880E+2,
1.752E008,4.000E+2,
1.756E008,4.150E+2,
1.76E08,4.380E+2,
1.764E008,3.690E+2,
1.768E008,4.150E+2,
1.772E008,4.110E+2,
1.776E008,3.850E+2,
1.78E08,4.000E+2,
1.784E008,4.180E+2,
1.788E008,3.780E+2,
1.792E008,3.680E+2,
1.796E008,3.580E+2,
1.8E08,3.800E+2,
1.804E008,3.810E+2,
1.808E008,3.420E+2,
1.812E008,3.480E+2,
1.816E008,3.490E+2,
1.82E08,3.570E+2,
1.824E008,3.570E+2,
1.828E008,3.590E+2,
1.832E008,3.330E+2,
1.836E008,3.740E+2,
1.84E08,3.170E+2,
1.844E008,3.510E+2,
1.848E008,3.250E+2,
1.852E008,3.320E+2,
1.856E008,3.180E+2,
1.86E08,3.430E+2,
1.864E008,2.920E+2,
1.868E008,3.150E+2,
1.872E008,3.450E+2,
1.876E008,3.200E+2,
1.88E08,3.260E+2,
1.884E008,3.420E+2,
1.888E008,3.280E+2,
1.892E008,2.880E+2,
1.896E008,3.220E+2,
1.9E08,3.130E+2,
1.904E008,3.430E+2,
1.908E008,3.160E+2,
1.912E008,3.200E+2,
1.916E008,3.250E+2,
1.92E08,3.240E+2,
1.924E008,3.100E+2,
1.928E008,2.800E+2,
1.932E008,3.020E+2,
1.936E008,3.020E+2,
1.94E08,2.720E+2,
1.944E008,2.730E+2,
1.948E008,2.720E+2,
1.952E008,2.880E+2,
1.956E008,2.960E+2,
1.96E08,2.900E+2,
1.964E008,2.960E+2,
1.968E008,2.920E+2,
1.972E008,2.940E+2,
1.976E008,2.970E+2,
1.98E08,2.930E+2,
1.984E008,3.030E+2,
1.988E008,2.990E+2,
1.992E008,2.900E+2,
1.996E008,3.110E+2,
2E08,3.040E+2,
2.004E008,2.840E+2,
2.008E008,2.900E+2,
2.012E008,2.630E+2,
2.016E008,2.960E+2,
2.02E08,2.950E+2,
2.024E008,2.990E+2,
2.028E008,3.120E+2,
2.032E008,3.150E+2,
2.036E008,3.070E+2,
2.04E08,2.790E+2,
2.044E008,2.650E+2,
2.048E008,3.040E+2,
2.052E008,2.830E+2,
2.056E008,2.780E+2,
2.06E08,2.960E+2,
2.064E008,3.220E+2,
2.068E008,2.960E+2,
2.072E008,2.850E+2,
2.076E008,2.820E+2,
2.08E08,3.020E+2,
2.084E008,2.700E+2,
2.088E008,3.370E+2,
2.092E008,2.940E+2,
2.096E008,2.860E+2,
2.1E08,2.870E+2,
2.104E008,2.640E+2,
2.108E008,2.820E+2,
2.112E008,2.590E+2,
2.116E008,3.110E+2,
2.12E08,2.810E+2,
2.124E008,3.040E+2,
2.128E008,3.150E+2,
2.132E008,2.910E+2,
2.136E008,2.690E+2,
2.14E08,2.580E+2,
2.144E008,3.060E+2,
2.148E008,2.790E+2,
2.152E008,2.630E+2,
2.156E008,3.100E+2,
2.16E08,2.920E+2,
2.164E008,2.790E+2,
2.168E008,3.160E+2,
2.172E008,2.890E+2,
2.176E008,2.770E+2,
2.18E08,3.070E+2,
2.184E008,2.800E+2,
2.188E008,2.650E+2,
2.192E008,3.130E+2,
2.196E008,3.000E+2,
2.2E08,3.430E+2,
2.204E008,2.880E+2,
2.208E008,2.520E+2,
2.212E008,2.870E+2,
2.216E008,2.750E+2,
2.22E08,2.550E+2,
2.224E008,2.550E+2,
2.228E008,2.950E+2,
2.232E008,3.120E+2,
2.236E008,2.820E+2,
2.24E08,2.790E+2,
2.244E008,2.470E+2,
2.248E008,3.080E+2,
2.252E008,2.730E+2,
2.256E008,2.660E+2,
2.26E08,3.130E+2,
2.264E008,2.750E+2,
2.268E008,2.710E+2,
2.272E008,2.890E+2,
2.276E008,2.830E+2,
2.28E08,3.010E+2,
2.284E008,2.780E+2,
2.288E008,3.020E+2,
2.292E008,2.810E+2,
2.296E008,2.890E+2,
2.3E08,2.550E+2,
2.304E008,3.080E+2,
2.308E008,2.890E+2,
2.312E008,2.610E+2,
2.316E008,2.860E+2,
2.32E08,3.000E+2,
2.324E008,2.430E+2,
2.328E008,2.450E+2,
2.332E008,2.680E+2,
2.336E008,2.650E+2,
2.34E08,2.560E+2,
2.344E008,2.860E+2,
2.348E008,2.930E+2,
2.352E008,3.060E+2,
2.356E008,2.700E+2,
2.36E08,2.950E+2,
2.364E008,2.740E+2,
2.368E008,2.660E+2,
2.372E008,2.780E+2,
2.376E008,3.110E+2,
2.38E08,3.220E+2,
2.384E008,3.070E+2,
2.388E008,2.870E+2,
2.392E008,2.510E+2,
2.396E008,2.670E+2,
2.4E08,2.800E+2,
2.404E008,3.040E+2,
2.408E008,2.760E+2,
2.412E008,2.800E+2,
2.416E008,2.660E+2,
2.42E08,2.530E+2,
2.424E008,2.400E+2,
2.428E008,2.930E+2,
2.432E008,2.590E+2,
2.436E008,2.850E+2,
2.44E08,2.590E+2,
2.444E008,2.560E+2,
2.448E008,2.730E+2,
2.452E008,2.590E+2,
2.456E008,2.900E+2,
2.46E08,2.970E+2,
2.464E008,3.060E+2,
2.468E008,2.930E+2,
2.472E008,2.890E+2,
2.476E008,2.880E+2,
2.48E08,2.770E+2,
2.484E008,2.880E+2,
2.488E008,2.910E+2,
2.492E008,2.660E+2,
2.496E008,2.790E+2,
2.5E08,2.640E+2,
2.504E008,2.670E+2,
2.508E008,2.740E+2,
2.512E008,2.670E+2,
2.516E008,2.790E+2,
2.52E08,2.760E+2,
2.524E008,2.850E+2,
2.528E008,2.580E+2,
2.532E008,2.770E+2,
2.536E008,2.520E+2,
2.54E08,2.720E+2,
2.544E008,2.740E+2,
2.548E008,2.780E+2,
2.552E008,2.570E+2,
2.556E008,2.880E+2,
2.56E08,2.330E+2,
2.564E008,2.800E+2,
2.568E008,2.610E+2,
2.572E008,2.850E+2,
2.576E008,2.450E+2,
2.58E08,2.590E+2,
2.584E008,2.570E+2,
2.588E008,2.780E+2,
2.592E008,2.670E+2,
2.596E008,2.780E+2,
2.6E08,2.720E+2,
2.604E008,2.670E+2,
2.608E008,2.570E+2,
2.612E008,2.650E+2,
2.616E008,3.090E+2,
2.62E08,2.970E+2,
2.624E008,2.400E+2,
2.628E008,2.580E+2,
2.632E008,3.020E+2,
2.636E008,2.560E+2,
2.64E08,2.780E+2,
2.644E008,2.810E+2,
2.648E008,2.880E+2,
2.652E008,2.950E+2,
2.656E008,2.760E+2,
2.66E08,2.580E+2,
2.664E008,2.860E+2,
2.668E008,2.580E+2,
2.672E008,2.580E+2,
2.676E008,2.940E+2,
2.68E08,2.970E+2,
2.684E008,2.650E+2,
2.688E008,2.710E+2,
2.692E008,2.620E+2,
2.696E008,2.720E+2,
2.7E08,2.920E+2,
2.704E008,2.980E+2,
2.708E008,2.950E+2,
2.712E008,2.840E+2,
2.716E008,2.910E+2,
2.72E08,2.640E+2,
2.724E008,2.660E+2,
2.728E008,3.070E+2,
2.732E008,2.710E+2,
2.736E008,3.200E+2,
2.74E08,2.490E+2,
2.744E008,2.630E+2,
2.748E008,2.610E+2,
2.752E008,3.090E+2,
2.756E008,2.980E+2,
2.76E08,2.830E+2,
2.764E008,2.830E+2,
2.768E008,2.650E+2,
2.772E008,2.750E+2,
2.776E008,2.690E+2,
2.78E08,2.890E+2,
2.784E008,2.920E+2,
2.788E008,2.610E+2,
2.792E008,2.680E+2,
2.796E008,2.890E+2,
2.8E08,2.490E+2,
2.804E008,2.840E+2,
2.808E008,2.480E+2,
2.812E008,2.530E+2,
2.816E008,2.760E+2,
2.82E08,2.630E+2,
2.824E008,2.550E+2,
2.828E008,2.640E+2,
2.832E008,3.090E+2,
2.836E008,2.720E+2,
2.84E08,2.510E+2,
2.844E008,2.510E+2,
2.848E008,2.640E+2,
2.852E008,2.780E+2,
2.856E008,2.930E+2,
2.86E08,2.400E+2,
2.864E008,3.060E+2,
2.868E008,2.590E+2,
2.872E008,2.750E+2,
2.876E008,2.540E+2,
2.88E08,2.520E+2,
2.884E008,2.730E+2,
2.888E008,2.800E+2,
2.892E008,2.630E+2,
2.896E008,2.790E+2,
2.9E08,2.590E+2,
2.904E008,2.610E+2,
2.908E008,2.860E+2,
2.912E008,2.490E+2,
2.916E008,3.000E+2,
2.92E08,2.580E+2,
2.924E008,2.690E+2,
2.928E008,2.710E+2,
2.932E008,2.430E+2,
2.936E008,3.000E+2,
2.94E08,3.250E+2,
2.944E008,2.710E+2,
2.948E008,2.790E+2,
2.952E008,2.730E+2,
2.956E008,2.800E+2,
2.96E08,3.190E+2,
2.964E008,2.900E+2,
2.968E008,2.720E+2,
2.972E008,2.520E+2,
2.976E008,2.480E+2,
2.98E08,2.570E+2,
2.984E008,2.730E+2,
2.988E008,3.040E+2,
2.992E008,2.670E+2,
2.996E008,2.790E+2,
3E08,2.780E+2,
3.004E008,2.980E+2,
3.008E008,2.710E+2,
3.012E008,2.790E+2,
3.016E008,2.760E+2,
3.02E08,2.840E+2,
3.024E008,2.390E+2,
3.028E008,2.660E+2,
3.032E008,2.670E+2,
3.036E008,2.680E+2,
3.04E08,2.960E+2,
3.044E008,2.510E+2,
3.048E008,2.900E+2,
3.052E008,2.420E+2,
3.056E008,2.790E+2,
3.06E08,2.490E+2,
3.064E008,2.690E+2,
3.068E008,2.810E+2,
3.072E008,2.720E+2,
3.076E008,2.180E+2,
3.08E08,2.730E+2,
3.084E008,2.610E+2,
3.088E008,2.490E+2,
3.092E008,2.350E+2,
3.096E008,2.480E+2,
3.1E08,2.880E+2,
3.104E008,2.810E+2,
3.108E008,2.890E+2,
3.112E008,2.770E+2,
3.116E008,2.930E+2,
3.12E08,2.740E+2,
3.124E008,3.120E+2,
3.128E008,3.010E+2,
3.132E008,2.630E+2,
3.136E008,3.240E+2,
3.14E08,2.710E+2,
3.144E008,2.690E+2,
3.148E008,2.960E+2,
3.152E008,2.800E+2,
3.156E008,2.790E+2,
3.16E08,2.320E+2,
3.164E008,3.190E+2,
3.168E008,2.780E+2,
3.172E008,3.010E+2,
3.176E008,2.650E+2,
3.18E08,2.870E+2,
3.184E008,2.910E+2,
3.188E008,2.690E+2,
3.192E008,2.420E+2,
3.196E008,2.520E+2,
3.2E08,2.410E+2,
3.204E008,3.000E+2,
3.208E008,2.700E+2,
3.212E008,2.750E+2,
3.216E008,2.800E+2,
3.22E08,2.890E+2,
3.224E008,2.950E+2,
3.228E008,2.720E+2,
3.232E008,2.500E+2,
3.236E008,2.870E+2,
3.24E08,2.790E+2,
3.244E008,2.610E+2,
3.248E008,2.940E+2,
3.252E008,2.690E+2,
3.256E008,2.840E+2,
3.26E08,2.910E+2,
3.264E008,3.140E+2,
3.268E008,2.690E+2,
3.272E008,2.700E+2,
3.276E008,2.360E+2,
3.28E08,2.470E+2,
3.284E008,2.700E+2,
3.288E008,2.750E+2,
3.292E008,2.670E+2,
3.296E008,3.040E+2,
3.3E08,2.650E+2,
3.304E008,3.030E+2,
3.308E008,2.930E+2,
3.312E008,2.780E+2,
3.316E008,3.070E+2,
3.32E08,2.680E+2,
3.324E008,2.550E+2,
3.328E008,2.610E+2,
3.332E008,2.520E+2,
3.336E008,3.060E+2,
3.34E08,2.790E+2,
3.344E008,2.690E+2,
3.348E008,2.820E+2,
3.352E008,2.660E+2,
3.356E008,2.670E+2,
3.36E08,2.750E+2,
3.364E008,2.640E+2,
3.368E008,3.060E+2,
3.372E008,2.540E+2,
3.376E008,3.000E+2,
3.38E08,2.570E+2,
3.384E008,2.970E+2,
3.388E008,2.310E+2,
3.392E008,2.800E+2,
3.396E008,3.030E+2,
3.4E08,2.870E+2,
3.404E008,2.760E+2,
3.408E008,2.330E+2,
3.412E008,2.730E+2,
3.416E008,3.000E+2,
3.42E08,2.710E+2,
3.424E008,2.650E+2,
3.428E008,2.870E+2,
3.432E008,2.820E+2,
3.436E008,2.660E+2,
3.44E08,2.760E+2,
3.444E008,3.060E+2,
3.448E008,2.440E+2,
3.452E008,2.630E+2,
3.456E008,2.990E+2,
3.46E08,2.930E+2,
3.464E008,2.280E+2,
3.468E008,2.870E+2,
3.472E008,2.650E+2,
3.476E008,2.860E+2,
3.48E08,2.900E+2,
3.484E008,2.530E+2,
3.488E008,2.610E+2,
3.492E008,2.870E+2,
3.496E008,3.000E+2,
3.5E08,2.470E+2,
3.504E008,2.710E+2,
3.508E008,2.600E+2,
3.512E008,2.810E+2,
3.516E008,2.700E+2,
3.52E08,2.490E+2,
3.524E008,2.670E+2,
3.528E008,3.130E+2,
3.532E008,2.820E+2,
3.536E008,2.570E+2,
3.54E08,2.550E+2,
3.544E008,2.340E+2,
3.548E008,2.710E+2,
3.552E008,2.590E+2,
3.556E008,2.460E+2,
3.56E08,2.850E+2,
3.564E008,2.690E+2,
3.568E008,2.850E+2,
3.572E008,3.020E+2,
3.576E008,2.450E+2,
3.58E08,2.830E+2,
3.584E008,2.750E+2,
3.588E008,2.770E+2,
3.592E008,2.570E+2,
3.596E008,2.740E+2,
3.6E08,2.980E+2,
3.604E008,2.850E+2,
3.608E008,2.820E+2,
3.612E008,2.690E+2,
3.616E008,2.730E+2,
3.62E08,3.090E+2,
3.624E008,2.680E+2,
3.628E008,2.680E+2,
3.632E008,2.480E+2,
3.636E008,2.880E+2,
3.64E08,2.880E+2,
3.644E008,2.370E+2,
3.648E008,2.630E+2,
3.652E008,2.960E+2,
3.656E008,2.770E+2,
3.66E08,2.550E+2,
3.664E008,2.520E+2,
3.668E008,3.100E+2,
3.672E008,2.790E+2,
3.676E008,2.730E+2,
3.68E08,3.030E+2,
3.684E008,2.630E+2,
3.688E008,2.480E+2,
3.692E008,2.540E+2,
3.696E008,2.960E+2,
3.7E08,3.020E+2,
3.704E008,2.810E+2,
3.708E008,2.920E+2,
3.712E008,2.620E+2,
3.716E008,2.990E+2,
3.72E08,2.840E+2,
3.724E008,2.460E+2,
3.728E008,2.760E+2,
3.732E008,2.840E+2,
3.736E008,2.860E+2,
3.74E08,2.980E+2,
3.744E008,2.780E+2,
3.748E008,2.450E+2,
3.752E008,2.520E+2,
3.756E008,2.900E+2,
3.76E08,2.930E+2,
3.764E008,2.900E+2,
3.768E008,2.670E+2,
3.772E008,2.670E+2,
3.776E008,2.860E+2,
3.78E08,2.580E+2,
3.784E008,2.650E+2,
3.788E008,2.770E+2,
3.792E008,2.510E+2,
3.796E008,2.760E+2,
3.8E08,2.990E+2,
3.804E008,2.750E+2,
3.808E008,2.810E+2,
3.812E008,2.640E+2,
3.816E008,2.590E+2,
3.82E08,2.870E+2,
3.824E008,2.730E+2,
3.828E008,3.080E+2,
3.832E008,3.050E+2,
3.836E008,3.140E+2,
3.84E08,2.350E+2,
3.844E008,2.780E+2,
3.848E008,2.740E+2,
3.852E008,2.770E+2,
3.856E008,2.460E+2,
3.86E08,2.760E+2,
3.864E008,2.700E+2,
3.868E008,2.720E+2,
3.872E008,2.860E+2,
3.876E008,2.750E+2,
3.88E08,2.780E+2,
3.884E008,2.630E+2,
3.888E008,2.760E+2,
3.892E008,2.630E+2,
3.896E008,2.770E+2,
3.9E08,2.560E+2,
3.904E008,2.840E+2,
3.908E008,2.600E+2,
3.912E008,2.530E+2,
3.916E008,2.780E+2,
3.92E08,2.700E+2,
3.924E008,2.620E+2,
3.928E008,2.450E+2,
3.932E008,2.640E+2,
3.936E008,2.990E+2,
3.94E08,2.790E+2,
3.944E008,2.480E+2,
3.948E008,2.380E+2,
3.952E008,2.560E+2,
3.956E008,2.710E+2,
3.96E08,2.490E+2,
3.964E008,2.860E+2,
3.968E008,2.460E+2,
3.972E008,2.780E+2,
3.976E008,2.650E+2,
3.98E08,2.740E+2,
3.984E008,2.480E+2,
3.988E008,2.780E+2,
3.992E008,3.010E+2,
3.996E008,2.980E+2,
