Labels,amplitude_6p5_10sweeps,
Type,Time Scan,
Comment,,
Start,0.00,
Stop,3.996E008,
Step,4E05,
Fixed/Offset, ,
XAxis,Time,
YAxis,Counts,

0.00,3.614E+4,
4E05,1.062E+5,
800000.060000,1.266E+5,
1.2E06,1.318E+5,
1.6E06,1.322E+5,
2E06,1.327E+5,
2.4E06,1.331E+5,
2.8E06,1.330E+5,
3.2E06,1.314E+5,
3.6E06,1.300E+5,
4E06,1.295E+5,
4.4E06,1.291E+5,
4.8E06,1.292E+5,
5.2E06,1.282E+5,
5.6E06,1.280E+5,
6E06,1.278E+5,
6400000.500000,1.282E+5,
6800000.500000,1.278E+5,
7200000.600000,1.275E+5,
7600000.600000,1.277E+5,
8000000.600000,1.265E+5,
8400000.700000,1.271E+5,
8800000.700000,1.263E+5,
9200000.700000,1.267E+5,
9600000.800000,1.264E+5,
1E07,1.262E+5,
1.04E07,1.263E+5,
1.08E07,1.261E+5,
1.12E07,1.258E+5,
1.16E07,1.260E+5,
1.2E07,1.257E+5,
1.24E07,1.254E+5,
1.28E07,1.254E+5,
1.32E07,1.253E+5,
1.36E07,1.251E+5,
1.4E07,1.246E+5,
1.44E07,1.251E+5,
1.48E07,1.243E+5,
1.52E07,1.250E+5,
1.56E07,1.239E+5,
1.6E07,1.242E+5,
1.64E07,1.245E+5,
1.68E07,1.245E+5,
1.72E07,1.237E+5,
1.76E07,1.244E+5,
1.8E07,1.241E+5,
1.84E07,1.237E+5,
1.88E07,1.237E+5,
1.92E07,1.236E+5,
1.96E07,1.238E+5,
2E07,1.237E+5,
2.04E07,1.238E+5,
2.08E07,1.236E+5,
2.12E07,1.238E+5,
2.16E07,1.233E+5,
2.2E07,1.239E+5,
2.24E07,1.235E+5,
2.28E07,1.236E+5,
2.32E07,1.238E+5,
2.36E07,1.241E+5,
2.4E07,1.236E+5,
2.44E07,1.239E+5,
2.48E07,1.241E+5,
2.52E07,1.239E+5,
2.56E07,1.238E+5,
2.6E07,1.239E+5,
2.64E07,1.235E+5,
2.68E07,1.240E+5,
2.72E07,1.242E+5,
2.76E07,1.238E+5,
2.8E07,1.240E+5,
2.84E07,1.242E+5,
2.88E07,1.238E+5,
2.92E07,1.240E+5,
2.96E07,1.234E+5,
3E07,1.238E+5,
3.04E07,1.239E+5,
3.08E07,1.244E+5,
3.12E07,1.238E+5,
3.16E07,1.237E+5,
3.2E07,1.240E+5,
3.24E07,1.237E+5,
3.28E07,1.244E+5,
3.32E07,1.239E+5,
3.36E07,1.241E+5,
3.4E07,1.242E+5,
3.44E07,1.243E+5,
3.48E07,1.245E+5,
3.52E07,1.242E+5,
3.56E07,1.242E+5,
3.6E07,1.243E+5,
3.64E07,1.240E+5,
3.68E07,1.239E+5,
3.72E07,1.246E+5,
3.76E07,1.238E+5,
3.8E07,1.250E+5,
3.84E07,1.243E+5,
3.88E07,1.245E+5,
3.92E07,1.246E+5,
3.96E07,1.249E+5,
4E07,1.252E+5,
4.04E07,1.248E+5,
4.08E07,1.248E+5,
4.12E07,1.246E+5,
4.16E07,1.247E+5,
4.2E07,1.244E+5,
4.24E07,1.245E+5,
4.28E07,1.247E+5,
4.32E07,1.243E+5,
4.36E07,1.245E+5,
4.4E07,1.243E+5,
4.44E07,1.249E+5,
4.48E07,1.250E+5,
4.52E07,1.245E+5,
4.56E07,1.248E+5,
4.6E07,1.247E+5,
4.64E07,1.249E+5,
4.68E07,1.249E+5,
4.72E07,1.250E+5,
4.76E07,1.250E+5,
4.8E07,1.253E+5,
4.84E07,1.248E+5,
4.88E07,1.248E+5,
4.92E07,1.250E+5,
4.96E07,1.253E+5,
5E07,1.254E+5,
5.04E07,1.251E+5,
5.08E07,1.249E+5,
5.12E07,1.252E+5,
5.16E07,1.255E+5,
5.2E07,1.256E+5,
5.24E07,1.252E+5,
5.28E07,1.252E+5,
5.32E07,1.254E+5,
5.36E07,1.253E+5,
5.4E07,1.255E+5,
5.44E07,1.252E+5,
5.48E07,1.252E+5,
5.52E07,1.256E+5,
5.56E07,1.253E+5,
5.6E07,1.253E+5,
5.64E07,1.253E+5,
5.68E07,1.257E+5,
5.72E07,1.257E+5,
5.76E07,1.258E+5,
5.8E07,1.257E+5,
5.84E07,1.257E+5,
5.88E07,1.261E+5,
5.92E07,1.260E+5,
5.96E07,1.258E+5,
6E07,1.263E+5,
6.04E07,1.257E+5,
6.08E07,1.260E+5,
6.12E07,1.257E+5,
6.16E07,1.262E+5,
6.2E07,1.255E+5,
6.24E07,1.261E+5,
6.28E07,1.260E+5,
6.32E07,1.263E+5,
6.36E07,1.258E+5,
64000005.000000,1.265E+5,
64400005.000000,1.258E+5,
64800005.000000,1.260E+5,
65200005.000000,1.260E+5,
65600005.000000,1.265E+5,
66000005.000000,1.261E+5,
66400005.000000,1.265E+5,
66800005.000000,1.261E+5,
67200005.000000,1.259E+5,
67600005.000000,1.261E+5,
68000005.000000,1.263E+5,
68400005.000000,1.260E+5,
68800005.000000,1.260E+5,
69200005.000000,1.268E+5,
69600005.000000,1.264E+5,
70000005.000000,1.268E+5,
70400006.000000,1.261E+5,
70800006.000000,1.267E+5,
71200006.000000,1.272E+5,
71600006.000000,1.262E+5,
72000006.000000,1.265E+5,
72400006.000000,1.265E+5,
72800006.000000,1.263E+5,
73200006.000000,1.264E+5,
73600006.000000,1.261E+5,
74000006.000000,1.267E+5,
74400006.000000,1.266E+5,
74800006.000000,1.269E+5,
75200006.000000,1.266E+5,
75600006.000000,1.269E+5,
76000006.000000,1.271E+5,
76400006.000000,1.263E+5,
76800006.000000,1.266E+5,
77200006.000000,1.270E+5,
77600006.000000,1.268E+5,
78000006.000000,1.268E+5,
78400006.000000,1.266E+5,
78800006.000000,1.269E+5,
79200006.000000,1.266E+5,
79600006.000000,1.274E+5,
80000006.000000,1.271E+5,
80400006.000000,1.273E+5,
80800006.000000,1.267E+5,
81200006.000000,1.268E+5,
81600006.000000,1.270E+5,
82000006.000000,1.271E+5,
82400006.000000,1.276E+5,
82800006.000000,1.269E+5,
83200007.000000,1.271E+5,
83600007.000000,1.273E+5,
84000007.000000,1.276E+5,
84400007.000000,1.274E+5,
84800007.000000,1.273E+5,
85200007.000000,1.270E+5,
85600007.000000,1.274E+5,
86000007.000000,1.269E+5,
86400007.000000,1.275E+5,
86800007.000000,1.270E+5,
87200007.000000,1.274E+5,
87600007.000000,1.272E+5,
88000007.000000,1.276E+5,
88400007.000000,1.277E+5,
88800007.000000,1.269E+5,
89200007.000000,1.273E+5,
89600007.000000,1.275E+5,
90000007.000000,1.273E+5,
90400007.000000,1.272E+5,
90800007.000000,1.269E+5,
91200007.000000,1.275E+5,
91600007.000000,1.273E+5,
92000007.000000,1.276E+5,
92400007.000000,1.274E+5,
92800007.000000,1.275E+5,
93200007.000000,1.270E+5,
93600007.000000,1.275E+5,
94000007.000000,1.278E+5,
94400007.000000,1.276E+5,
94800007.000000,1.279E+5,
95200007.000000,1.277E+5,
95600007.000000,1.276E+5,
96000008.000000,1.278E+5,
96400008.000000,1.278E+5,
96800008.000000,1.277E+5,
97200008.000000,1.275E+5,
97600008.000000,1.278E+5,
98000008.000000,1.275E+5,
98400008.000000,1.275E+5,
98800008.000000,1.278E+5,
99200008.000000,1.278E+5,
99600008.000000,1.281E+5,
1E08,1.276E+5,
1.004E008,1.279E+5,
1.008E008,1.292E+5,
1.012E008,1.298E+5,
1.016E008,1.299E+5,
1.02E08,1.315E+5,
1.024E008,1.312E+5,
1.028E008,1.322E+5,
1.032E008,1.331E+5,
1.036E008,1.334E+5,
1.04E08,1.339E+5,
1.044E008,1.338E+5,
1.048E008,1.338E+5,
1.052E008,1.336E+5,
1.056E008,1.334E+5,
1.06E08,1.327E+5,
1.064E008,1.318E+5,
1.068E008,1.319E+5,
1.072E008,1.308E+5,
1.076E008,1.293E+5,
1.08E08,1.276E+5,
1.084E008,1.259E+5,
1.088E008,1.241E+5,
1.092E008,1.226E+5,
1.096E008,1.202E+5,
1.1E08,1.183E+5,
1.104E008,1.161E+5,
1.108E008,1.135E+5,
1.112E008,1.114E+5,
1.116E008,1.088E+5,
1.12E08,1.068E+5,
1.124E008,1.050E+5,
1.128E008,1.020E+5,
1.132E008,1.002E+5,
1.136E008,9.799E+4,
1.14E08,9.546E+4,
1.144E008,9.341E+4,
1.148E008,9.089E+4,
1.152E008,8.871E+4,
1.156E008,8.631E+4,
1.16E08,8.417E+4,
1.164E008,8.207E+4,
1.168E008,8.007E+4,
1.172E008,7.716E+4,
1.176E008,7.540E+4,
1.18E08,7.309E+4,
1.184E008,7.092E+4,
1.188E008,6.927E+4,
1.192E008,6.705E+4,
1.196E008,6.515E+4,
1.2E08,6.287E+4,
1.204E008,6.078E+4,
1.208E008,5.914E+4,
1.212E008,5.755E+4,
1.216E008,5.525E+4,
1.22E08,5.355E+4,
1.224E008,5.191E+4,
1.228E008,5.014E+4,
1.232E008,4.814E+4,
1.236E008,4.699E+4,
1.24E08,4.560E+4,
1.244E008,4.424E+4,
1.248E008,4.287E+4,
1.252E008,4.088E+4,
1.256E008,3.963E+4,
1.26E08,3.823E+4,
1.264E008,3.691E+4,
1.268E008,3.539E+4,
1.272E008,3.467E+4,
1.276E008,3.325E+4,
1.28E08,3.184E+4,
1.284E008,3.068E+4,
1.288E008,2.947E+4,
1.292E008,2.840E+4,
1.296E008,2.731E+4,
1.3E08,2.632E+4,
1.304E008,2.557E+4,
1.308E008,2.484E+4,
1.312E008,2.364E+4,
1.316E008,2.285E+4,
1.32E08,2.194E+4,
1.324E008,2.086E+4,
1.328E008,2.047E+4,
1.332E008,1.942E+4,
1.336E008,1.878E+4,
1.34E08,1.778E+4,
1.344E008,1.746E+4,
1.348E008,1.654E+4,
1.352E008,1.605E+4,
1.356E008,1.544E+4,
1.36E08,1.473E+4,
1.364E008,1.425E+4,
1.368E008,1.381E+4,
1.372E008,1.318E+4,
1.376E008,1.273E+4,
1.38E08,1.214E+4,
1.384E008,1.172E+4,
1.388E008,1.131E+4,
1.392E008,1.101E+4,
1.396E008,1.050E+4,
1.4E08,1.016E+4,
1.404E008,9.886E+3,
1.408E008,9.347E+3,
1.412E008,8.930E+3,
1.416E008,8.684E+3,
1.42E08,8.175E+3,
1.424E008,8.025E+3,
1.428E008,7.702E+3,
1.432E008,7.164E+3,
1.436E008,7.077E+3,
1.44E08,6.774E+3,
1.444E008,6.637E+3,
1.448E008,6.210E+3,
1.452E008,6.087E+3,
1.456E008,5.903E+3,
1.46E08,5.766E+3,
1.464E008,5.428E+3,
1.468E008,5.059E+3,
1.472E008,4.998E+3,
1.476E008,4.875E+3,
1.48E08,4.634E+3,
1.484E008,4.541E+3,
1.488E008,4.405E+3,
1.492E008,4.034E+3,
1.496E008,4.105E+3,
1.5E08,3.990E+3,
1.504E008,3.617E+3,
1.508E008,3.656E+3,
1.512E008,3.546E+3,
1.516E008,3.424E+3,
1.52E08,3.173E+3,
1.524E008,3.116E+3,
1.528E008,3.098E+3,
1.532E008,2.987E+3,
1.536E008,2.766E+3,
1.54E08,2.843E+3,
1.544E008,2.601E+3,
1.548E008,2.625E+3,
1.552E008,2.394E+3,
1.556E008,2.498E+3,
1.56E08,2.388E+3,
1.564E008,2.264E+3,
1.568E008,2.216E+3,
1.572E008,2.135E+3,
1.576E008,2.086E+3,
1.58E08,2.073E+3,
1.584E008,2.049E+3,
1.588E008,1.834E+3,
1.592E008,1.850E+3,
1.596E008,1.781E+3,
1.6E08,1.716E+3,
1.604E008,1.754E+3,
1.608E008,1.671E+3,
1.612E008,1.625E+3,
1.616E008,1.598E+3,
1.62E08,1.531E+3,
1.624E008,1.558E+3,
1.628E008,1.469E+3,
1.632E008,1.456E+3,
1.636E008,1.451E+3,
1.64E08,1.341E+3,
1.644E008,1.377E+3,
1.648E008,1.367E+3,
1.652E008,1.286E+3,
1.656E008,1.298E+3,
1.66E08,1.271E+3,
1.664E008,1.228E+3,
1.668E008,1.269E+3,
1.672E008,1.204E+3,
1.676E008,1.197E+3,
1.68E08,1.083E+3,
1.684E008,1.088E+3,
1.688E008,1.146E+3,
1.692E008,1.087E+3,
1.696E008,1.089E+3,
1.7E08,1.084E+3,
1.704E008,1.102E+3,
1.708E008,1.033E+3,
1.712E008,1.050E+3,
1.716E008,9.490E+2,
1.72E08,1.054E+3,
1.724E008,9.330E+2,
1.728E008,1.026E+3,
1.732E008,9.290E+2,
1.736E008,9.870E+2,
1.74E08,9.590E+2,
1.744E008,9.310E+2,
1.748E008,9.270E+2,
1.752E008,9.350E+2,
1.756E008,8.910E+2,
1.76E08,9.410E+2,
1.764E008,9.250E+2,
1.768E008,9.090E+2,
1.772E008,9.140E+2,
1.776E008,9.180E+2,
1.78E08,9.010E+2,
1.784E008,8.100E+2,
1.788E008,8.600E+2,
1.792E008,8.680E+2,
1.796E008,8.350E+2,
1.8E08,8.460E+2,
1.804E008,8.560E+2,
1.808E008,8.320E+2,
1.812E008,7.310E+2,
1.816E008,8.390E+2,
1.82E08,8.110E+2,
1.824E008,8.010E+2,
1.828E008,8.040E+2,
1.832E008,7.520E+2,
1.836E008,7.460E+2,
1.84E08,8.110E+2,
1.844E008,7.690E+2,
1.848E008,8.090E+2,
1.852E008,8.210E+2,
1.856E008,7.850E+2,
1.86E08,7.790E+2,
1.864E008,7.920E+2,
1.868E008,8.060E+2,
1.872E008,7.250E+2,
1.876E008,7.610E+2,
1.88E08,7.930E+2,
1.884E008,7.120E+2,
1.888E008,7.190E+2,
1.892E008,8.070E+2,
1.896E008,7.570E+2,
1.9E08,7.190E+2,
1.904E008,7.660E+2,
1.908E008,7.390E+2,
1.912E008,7.830E+2,
1.916E008,7.270E+2,
1.92E08,7.300E+2,
1.924E008,7.170E+2,
1.928E008,7.110E+2,
1.932E008,7.170E+2,
1.936E008,6.830E+2,
1.94E08,6.790E+2,
1.944E008,7.520E+2,
1.948E008,6.930E+2,
1.952E008,7.430E+2,
1.956E008,6.990E+2,
1.96E08,6.570E+2,
1.964E008,8.100E+2,
1.968E008,7.180E+2,
1.972E008,7.200E+2,
1.976E008,7.610E+2,
1.98E08,7.330E+2,
1.984E008,7.660E+2,
1.988E008,6.900E+2,
1.992E008,7.320E+2,
1.996E008,7.050E+2,
2E08,7.370E+2,
2.004E008,7.050E+2,
2.008E008,7.140E+2,
2.012E008,6.820E+2,
2.016E008,7.280E+2,
2.02E08,7.270E+2,
2.024E008,7.820E+2,
2.028E008,7.140E+2,
2.032E008,7.310E+2,
2.036E008,7.070E+2,
2.04E08,7.200E+2,
2.044E008,6.950E+2,
2.048E008,7.140E+2,
2.052E008,7.440E+2,
2.056E008,7.050E+2,
2.06E08,7.000E+2,
2.064E008,7.340E+2,
2.068E008,7.220E+2,
2.072E008,6.990E+2,
2.076E008,6.730E+2,
2.08E08,7.360E+2,
2.084E008,6.690E+2,
2.088E008,6.680E+2,
2.092E008,6.900E+2,
2.096E008,7.200E+2,
2.1E08,7.310E+2,
2.104E008,6.990E+2,
2.108E008,7.150E+2,
2.112E008,6.970E+2,
2.116E008,6.600E+2,
2.12E08,7.120E+2,
2.124E008,6.660E+2,
2.128E008,7.310E+2,
2.132E008,6.950E+2,
2.136E008,7.140E+2,
2.14E08,6.770E+2,
2.144E008,7.070E+2,
2.148E008,6.940E+2,
2.152E008,6.970E+2,
2.156E008,6.560E+2,
2.16E08,7.010E+2,
2.164E008,6.690E+2,
2.168E008,7.130E+2,
2.172E008,6.810E+2,
2.176E008,7.030E+2,
2.18E08,6.330E+2,
2.184E008,6.700E+2,
2.188E008,7.030E+2,
2.192E008,7.240E+2,
2.196E008,7.190E+2,
2.2E08,7.010E+2,
2.204E008,7.080E+2,
2.208E008,7.000E+2,
2.212E008,6.720E+2,
2.216E008,7.320E+2,
2.22E08,7.250E+2,
2.224E008,7.700E+2,
2.228E008,6.930E+2,
2.232E008,6.630E+2,
2.236E008,6.640E+2,
2.24E08,7.120E+2,
2.244E008,7.490E+2,
2.248E008,6.780E+2,
2.252E008,7.360E+2,
2.256E008,6.780E+2,
2.26E08,7.370E+2,
2.264E008,7.180E+2,
2.268E008,7.110E+2,
2.272E008,7.240E+2,
2.276E008,6.900E+2,
2.28E08,7.200E+2,
2.284E008,7.070E+2,
2.288E008,7.150E+2,
2.292E008,6.590E+2,
2.296E008,7.460E+2,
2.3E08,6.970E+2,
2.304E008,7.560E+2,
2.308E008,6.850E+2,
2.312E008,6.960E+2,
2.316E008,6.860E+2,
2.32E08,6.970E+2,
2.324E008,6.250E+2,
2.328E008,7.010E+2,
2.332E008,7.060E+2,
2.336E008,7.630E+2,
2.34E08,6.540E+2,
2.344E008,6.990E+2,
2.348E008,6.950E+2,
2.352E008,6.890E+2,
2.356E008,6.820E+2,
2.36E08,6.930E+2,
2.364E008,7.030E+2,
2.368E008,6.480E+2,
2.372E008,6.760E+2,
2.376E008,6.660E+2,
2.38E08,7.270E+2,
2.384E008,6.900E+2,
2.388E008,7.010E+2,
2.392E008,6.950E+2,
2.396E008,6.850E+2,
2.4E08,7.130E+2,
2.404E008,6.900E+2,
2.408E008,7.160E+2,
2.412E008,7.410E+2,
2.416E008,6.570E+2,
2.42E08,6.810E+2,
2.424E008,6.830E+2,
2.428E008,6.360E+2,
2.432E008,7.250E+2,
2.436E008,6.940E+2,
2.44E08,6.770E+2,
2.444E008,7.560E+2,
2.448E008,7.430E+2,
2.452E008,7.070E+2,
2.456E008,6.680E+2,
2.46E08,6.800E+2,
2.464E008,7.450E+2,
2.468E008,7.000E+2,
2.472E008,6.970E+2,
2.476E008,7.580E+2,
2.48E08,6.330E+2,
2.484E008,7.100E+2,
2.488E008,7.110E+2,
2.492E008,7.300E+2,
2.496E008,7.240E+2,
2.5E08,7.080E+2,
2.504E008,6.810E+2,
2.508E008,7.520E+2,
2.512E008,6.860E+2,
2.516E008,7.190E+2,
2.52E08,6.670E+2,
2.524E008,7.110E+2,
2.528E008,6.950E+2,
2.532E008,7.200E+2,
2.536E008,6.880E+2,
2.54E08,6.780E+2,
2.544E008,7.260E+2,
2.548E008,7.300E+2,
2.552E008,6.860E+2,
2.556E008,6.870E+2,
2.56E08,6.870E+2,
2.564E008,6.840E+2,
2.568E008,7.600E+2,
2.572E008,7.160E+2,
2.576E008,6.750E+2,
2.58E08,7.500E+2,
2.584E008,7.190E+2,
2.588E008,6.810E+2,
2.592E008,7.020E+2,
2.596E008,6.470E+2,
2.6E08,6.800E+2,
2.604E008,7.220E+2,
2.608E008,6.690E+2,
2.612E008,7.410E+2,
2.616E008,6.980E+2,
2.62E08,7.500E+2,
2.624E008,7.190E+2,
2.628E008,6.660E+2,
2.632E008,6.890E+2,
2.636E008,6.770E+2,
2.64E08,7.320E+2,
2.644E008,7.180E+2,
2.648E008,7.190E+2,
2.652E008,7.090E+2,
2.656E008,6.780E+2,
2.66E08,7.550E+2,
2.664E008,7.120E+2,
2.668E008,7.020E+2,
2.672E008,6.840E+2,
2.676E008,7.310E+2,
2.68E08,6.820E+2,
2.684E008,6.780E+2,
2.688E008,7.010E+2,
2.692E008,7.130E+2,
2.696E008,6.910E+2,
2.7E08,7.590E+2,
2.704E008,6.960E+2,
2.708E008,7.000E+2,
2.712E008,7.550E+2,
2.716E008,6.860E+2,
2.72E08,7.270E+2,
2.724E008,7.230E+2,
2.728E008,6.420E+2,
2.732E008,6.400E+2,
2.736E008,6.720E+2,
2.74E08,7.000E+2,
2.744E008,7.160E+2,
2.748E008,7.410E+2,
2.752E008,6.390E+2,
2.756E008,7.230E+2,
2.76E08,7.120E+2,
2.764E008,7.200E+2,
2.768E008,6.690E+2,
2.772E008,6.550E+2,
2.776E008,7.330E+2,
2.78E08,7.220E+2,
2.784E008,7.520E+2,
2.788E008,6.590E+2,
2.792E008,6.950E+2,
2.796E008,6.670E+2,
2.8E08,7.390E+2,
2.804E008,7.030E+2,
2.808E008,7.020E+2,
2.812E008,6.870E+2,
2.816E008,6.650E+2,
2.82E08,7.760E+2,
2.824E008,6.970E+2,
2.828E008,7.290E+2,
2.832E008,6.890E+2,
2.836E008,7.250E+2,
2.84E08,7.500E+2,
2.844E008,6.230E+2,
2.848E008,6.900E+2,
2.852E008,6.650E+2,
2.856E008,7.030E+2,
2.86E08,6.530E+2,
2.864E008,6.710E+2,
2.868E008,7.230E+2,
2.872E008,7.000E+2,
2.876E008,6.940E+2,
2.88E08,7.120E+2,
2.884E008,7.380E+2,
2.888E008,7.000E+2,
2.892E008,6.810E+2,
2.896E008,7.040E+2,
2.9E08,7.010E+2,
2.904E008,7.310E+2,
2.908E008,6.480E+2,
2.912E008,7.140E+2,
2.916E008,7.420E+2,
2.92E08,7.150E+2,
2.924E008,7.340E+2,
2.928E008,6.670E+2,
2.932E008,7.190E+2,
2.936E008,7.170E+2,
2.94E08,6.640E+2,
2.944E008,6.560E+2,
2.948E008,6.710E+2,
2.952E008,6.760E+2,
2.956E008,7.030E+2,
2.96E08,6.870E+2,
2.964E008,6.330E+2,
2.968E008,6.900E+2,
2.972E008,7.530E+2,
2.976E008,6.670E+2,
2.98E08,7.490E+2,
2.984E008,7.210E+2,
2.988E008,7.870E+2,
2.992E008,7.060E+2,
2.996E008,7.330E+2,
3E08,7.020E+2,
3.004E008,7.510E+2,
3.008E008,6.900E+2,
3.012E008,7.110E+2,
3.016E008,6.800E+2,
3.02E08,6.960E+2,
3.024E008,7.170E+2,
3.028E008,7.220E+2,
3.032E008,7.400E+2,
3.036E008,6.830E+2,
3.04E08,6.680E+2,
3.044E008,6.710E+2,
3.048E008,7.220E+2,
3.052E008,6.930E+2,
3.056E008,6.750E+2,
3.06E08,6.510E+2,
3.064E008,6.790E+2,
3.068E008,6.910E+2,
3.072E008,6.970E+2,
3.076E008,6.840E+2,
3.08E08,7.200E+2,
3.084E008,7.270E+2,
3.088E008,7.060E+2,
3.092E008,7.470E+2,
3.096E008,7.020E+2,
3.1E08,7.150E+2,
3.104E008,6.940E+2,
3.108E008,7.110E+2,
3.112E008,7.330E+2,
3.116E008,6.930E+2,
3.12E08,6.890E+2,
3.124E008,6.990E+2,
3.128E008,6.640E+2,
3.132E008,6.840E+2,
3.136E008,7.440E+2,
3.14E08,7.000E+2,
3.144E008,6.540E+2,
3.148E008,7.100E+2,
3.152E008,6.810E+2,
3.156E008,6.680E+2,
3.16E08,6.900E+2,
3.164E008,7.320E+2,
3.168E008,7.020E+2,
3.172E008,7.140E+2,
3.176E008,7.240E+2,
3.18E08,7.210E+2,
3.184E008,6.460E+2,
3.188E008,7.190E+2,
3.192E008,6.920E+2,
3.196E008,6.490E+2,
3.2E08,7.550E+2,
3.204E008,6.400E+2,
3.208E008,7.390E+2,
3.212E008,6.590E+2,
3.216E008,7.240E+2,
3.22E08,6.770E+2,
3.224E008,7.200E+2,
3.228E008,7.460E+2,
3.232E008,6.990E+2,
3.236E008,7.000E+2,
3.24E08,7.350E+2,
3.244E008,6.930E+2,
3.248E008,6.630E+2,
3.252E008,7.700E+2,
3.256E008,7.210E+2,
3.26E08,7.410E+2,
3.264E008,7.100E+2,
3.268E008,6.610E+2,
3.272E008,7.330E+2,
3.276E008,6.840E+2,
3.28E08,6.880E+2,
3.284E008,6.960E+2,
3.288E008,7.610E+2,
3.292E008,7.040E+2,
3.296E008,6.890E+2,
3.3E08,6.710E+2,
3.304E008,7.060E+2,
3.308E008,6.820E+2,
3.312E008,6.890E+2,
3.316E008,6.860E+2,
3.32E08,7.190E+2,
3.324E008,7.480E+2,
3.328E008,6.840E+2,
3.332E008,7.030E+2,
3.336E008,6.770E+2,
3.34E08,7.190E+2,
3.344E008,7.380E+2,
3.348E008,6.980E+2,
3.352E008,6.760E+2,
3.356E008,7.120E+2,
3.36E08,7.160E+2,
3.364E008,7.200E+2,
3.368E008,6.840E+2,
3.372E008,7.020E+2,
3.376E008,6.890E+2,
3.38E08,7.220E+2,
3.384E008,6.880E+2,
3.388E008,6.710E+2,
3.392E008,7.010E+2,
3.396E008,6.660E+2,
3.4E08,7.170E+2,
3.404E008,7.360E+2,
3.408E008,6.730E+2,
3.412E008,7.190E+2,
3.416E008,6.600E+2,
3.42E08,6.870E+2,
3.424E008,7.430E+2,
3.428E008,6.910E+2,
3.432E008,7.180E+2,
3.436E008,6.710E+2,
3.44E08,7.370E+2,
3.444E008,6.940E+2,
3.448E008,7.030E+2,
3.452E008,6.980E+2,
3.456E008,6.500E+2,
3.46E08,7.180E+2,
3.464E008,6.960E+2,
3.468E008,6.600E+2,
3.472E008,6.580E+2,
3.476E008,6.780E+2,
3.48E08,6.800E+2,
3.484E008,7.270E+2,
3.488E008,7.200E+2,
3.492E008,7.610E+2,
3.496E008,6.500E+2,
3.5E08,7.100E+2,
3.504E008,7.010E+2,
3.508E008,6.830E+2,
3.512E008,7.260E+2,
3.516E008,7.220E+2,
3.52E08,7.750E+2,
3.524E008,6.960E+2,
3.528E008,7.150E+2,
3.532E008,7.070E+2,
3.536E008,7.180E+2,
3.54E08,6.710E+2,
3.544E008,6.560E+2,
3.548E008,6.840E+2,
3.552E008,7.000E+2,
3.556E008,6.980E+2,
3.56E08,7.570E+2,
3.564E008,7.120E+2,
3.568E008,6.840E+2,
3.572E008,7.060E+2,
3.576E008,7.060E+2,
3.58E08,7.080E+2,
3.584E008,7.300E+2,
3.588E008,6.800E+2,
3.592E008,7.220E+2,
3.596E008,7.390E+2,
3.6E08,7.030E+2,
3.604E008,7.160E+2,
3.608E008,7.050E+2,
3.612E008,6.750E+2,
3.616E008,7.060E+2,
3.62E08,6.620E+2,
3.624E008,7.030E+2,
3.628E008,7.230E+2,
3.632E008,7.160E+2,
3.636E008,7.440E+2,
3.64E08,7.320E+2,
3.644E008,7.150E+2,
3.648E008,6.700E+2,
3.652E008,6.890E+2,
3.656E008,6.940E+2,
3.66E08,6.390E+2,
3.664E008,7.310E+2,
3.668E008,7.380E+2,
3.672E008,7.390E+2,
3.676E008,6.710E+2,
3.68E08,6.540E+2,
3.684E008,7.660E+2,
3.688E008,7.150E+2,
3.692E008,7.280E+2,
3.696E008,7.200E+2,
3.7E08,6.420E+2,
3.704E008,6.670E+2,
3.708E008,6.400E+2,
3.712E008,6.980E+2,
3.716E008,7.040E+2,
3.72E08,7.250E+2,
3.724E008,6.700E+2,
3.728E008,7.070E+2,
3.732E008,6.940E+2,
3.736E008,6.470E+2,
3.74E08,6.630E+2,
3.744E008,6.850E+2,
3.748E008,7.250E+2,
3.752E008,6.470E+2,
3.756E008,7.460E+2,
3.76E08,7.250E+2,
3.764E008,6.980E+2,
3.768E008,7.360E+2,
3.772E008,7.240E+2,
3.776E008,7.100E+2,
3.78E08,6.960E+2,
3.784E008,6.970E+2,
3.788E008,6.690E+2,
3.792E008,7.340E+2,
3.796E008,7.350E+2,
3.8E08,7.090E+2,
3.804E008,7.140E+2,
3.808E008,6.690E+2,
3.812E008,6.550E+2,
3.816E008,7.350E+2,
3.82E08,7.300E+2,
3.824E008,7.270E+2,
3.828E008,6.640E+2,
3.832E008,6.440E+2,
3.836E008,7.050E+2,
3.84E08,7.300E+2,
3.844E008,6.790E+2,
3.848E008,7.010E+2,
3.852E008,6.810E+2,
3.856E008,7.110E+2,
3.86E08,7.250E+2,
3.864E008,6.970E+2,
3.868E008,7.010E+2,
3.872E008,6.750E+2,
3.876E008,7.240E+2,
3.88E08,7.320E+2,
3.884E008,6.520E+2,
3.888E008,6.960E+2,
3.892E008,6.980E+2,
3.896E008,6.950E+2,
3.9E08,7.410E+2,
3.904E008,6.970E+2,
3.908E008,7.100E+2,
3.912E008,6.990E+2,
3.916E008,7.440E+2,
3.92E08,7.130E+2,
3.924E008,7.030E+2,
3.928E008,6.500E+2,
3.932E008,7.020E+2,
3.936E008,7.680E+2,
3.94E08,7.120E+2,
3.944E008,6.970E+2,
3.948E008,6.890E+2,
3.952E008,7.050E+2,
3.956E008,7.230E+2,
3.96E08,7.090E+2,
3.964E008,6.960E+2,
3.968E008,7.610E+2,
3.972E008,7.270E+2,
3.976E008,6.970E+2,
3.98E08,7.430E+2,
3.984E008,6.820E+2,
3.988E008,7.040E+2,
3.992E008,6.710E+2,
3.996E008,6.850E+2,
