Labels,amplitude_3_1sweeps,
Type,Time Scan,
Comment,,
Start,0.00,
Stop,3.996E008,
Step,4E05,
Fixed/Offset, ,
XAxis,Time,
YAxis,Counts,

0.00,6.363E+3,
4E05,1.343E+4,
800000.060000,1.357E+4,
1.2E06,1.366E+4,
1.6E06,1.357E+4,
2E06,1.319E+4,
2.4E06,1.313E+4,
2.8E06,1.267E+4,
3.2E06,1.230E+4,
3.6E06,1.226E+4,
4E06,1.255E+4,
4.4E06,1.290E+4,
4.8E06,1.221E+4,
5.2E06,1.122E+4,
5.6E06,1.061E+4,
6E06,9.619E+3,
6400000.500000,9.308E+3,
6800000.500000,8.846E+3,
7200000.600000,8.625E+3,
7600000.600000,8.527E+3,
8000000.600000,8.329E+3,
8400000.700000,8.297E+3,
8800000.700000,8.436E+3,
9200000.700000,8.464E+3,
9600000.800000,8.321E+3,
1E07,8.273E+3,
1.04E07,8.192E+3,
1.08E07,8.304E+3,
1.12E07,8.257E+3,
1.16E07,7.973E+3,
1.2E07,8.060E+3,
1.24E07,8.113E+3,
1.28E07,8.112E+3,
1.32E07,8.032E+3,
1.36E07,8.248E+3,
1.4E07,8.137E+3,
1.44E07,8.124E+3,
1.48E07,8.129E+3,
1.52E07,8.211E+3,
1.56E07,8.129E+3,
1.6E07,7.918E+3,
1.64E07,8.238E+3,
1.68E07,8.013E+3,
1.72E07,8.118E+3,
1.76E07,8.111E+3,
1.8E07,8.074E+3,
1.84E07,8.181E+3,
1.88E07,8.111E+3,
1.92E07,8.068E+3,
1.96E07,8.141E+3,
2E07,8.105E+3,
2.04E07,8.088E+3,
2.08E07,8.112E+3,
2.12E07,8.004E+3,
2.16E07,8.180E+3,
2.2E07,8.119E+3,
2.24E07,8.117E+3,
2.28E07,8.319E+3,
2.32E07,8.133E+3,
2.36E07,8.245E+3,
2.4E07,8.167E+3,
2.44E07,8.230E+3,
2.48E07,8.050E+3,
2.52E07,8.133E+3,
2.56E07,8.266E+3,
2.6E07,8.105E+3,
2.64E07,8.133E+3,
2.68E07,8.095E+3,
2.72E07,8.186E+3,
2.76E07,8.127E+3,
2.8E07,8.130E+3,
2.84E07,8.247E+3,
2.88E07,8.152E+3,
2.92E07,8.179E+3,
2.96E07,8.220E+3,
3E07,8.091E+3,
3.04E07,8.305E+3,
3.08E07,2.047E+3,
3.12E07,8.224E+3,
3.16E07,8.090E+3,
3.2E07,8.020E+3,
3.24E07,8.244E+3,
3.28E07,8.172E+3,
3.32E07,8.230E+3,
3.36E07,8.244E+3,
3.4E07,8.202E+3,
3.44E07,8.191E+3,
3.48E07,8.224E+3,
3.52E07,8.178E+3,
3.56E07,8.209E+3,
3.6E07,8.143E+3,
3.64E07,8.192E+3,
3.68E07,8.196E+3,
3.72E07,8.245E+3,
3.76E07,8.147E+3,
3.8E07,8.097E+3,
3.84E07,8.232E+3,
3.88E07,8.263E+3,
3.92E07,8.285E+3,
3.96E07,8.326E+3,
4E07,8.193E+3,
4.04E07,8.194E+3,
4.08E07,8.251E+3,
4.12E07,8.276E+3,
4.16E07,8.201E+3,
4.2E07,8.298E+3,
4.24E07,8.200E+3,
4.28E07,8.200E+3,
4.32E07,8.125E+3,
4.36E07,8.224E+3,
4.4E07,8.310E+3,
4.44E07,8.261E+3,
4.48E07,8.099E+3,
4.52E07,8.309E+3,
4.56E07,8.195E+3,
4.6E07,8.300E+3,
4.64E07,8.402E+3,
4.68E07,8.212E+3,
4.72E07,8.388E+3,
4.76E07,8.239E+3,
4.8E07,8.243E+3,
4.84E07,8.266E+3,
4.88E07,8.186E+3,
4.92E07,8.474E+3,
4.96E07,8.345E+3,
5E07,8.450E+3,
5.04E07,8.357E+3,
5.08E07,8.349E+3,
5.12E07,8.310E+3,
5.16E07,8.420E+3,
5.2E07,8.241E+3,
5.24E07,8.335E+3,
5.28E07,8.147E+3,
5.32E07,8.277E+3,
5.36E07,8.406E+3,
5.4E07,8.272E+3,
5.44E07,8.416E+3,
5.48E07,8.342E+3,
5.52E07,8.290E+3,
5.56E07,8.406E+3,
5.6E07,8.464E+3,
5.64E07,8.295E+3,
5.68E07,8.377E+3,
5.72E07,8.257E+3,
5.76E07,8.343E+3,
5.8E07,8.259E+3,
5.84E07,8.329E+3,
5.88E07,8.353E+3,
5.92E07,8.514E+3,
5.96E07,8.567E+3,
6E07,8.226E+3,
6.04E07,8.310E+3,
6.08E07,8.332E+3,
6.12E07,8.294E+3,
6.16E07,8.228E+3,
6.2E07,8.252E+3,
6.24E07,8.469E+3,
6.28E07,8.339E+3,
6.32E07,8.402E+3,
6.36E07,8.407E+3,
64000005.000000,8.265E+3,
64400005.000000,8.329E+3,
64800005.000000,8.364E+3,
65200005.000000,8.557E+3,
65600005.000000,8.263E+3,
66000005.000000,8.428E+3,
66400005.000000,8.477E+3,
66800005.000000,8.476E+3,
67200005.000000,8.382E+3,
67600005.000000,8.371E+3,
68000005.000000,8.414E+3,
68400005.000000,8.437E+3,
68800005.000000,8.379E+3,
69200005.000000,8.609E+3,
69600005.000000,8.565E+3,
70000005.000000,8.424E+3,
70400006.000000,8.584E+3,
70800006.000000,8.490E+3,
71200006.000000,8.381E+3,
71600006.000000,8.405E+3,
72000006.000000,8.398E+3,
72400006.000000,8.434E+3,
72800006.000000,8.545E+3,
73200006.000000,8.412E+3,
73600006.000000,8.458E+3,
74000006.000000,8.559E+3,
74400006.000000,8.556E+3,
74800006.000000,8.498E+3,
75200006.000000,8.461E+3,
75600006.000000,8.484E+3,
76000006.000000,8.419E+3,
76400006.000000,8.450E+3,
76800006.000000,8.601E+3,
77200006.000000,8.565E+3,
77600006.000000,8.631E+3,
78000006.000000,8.479E+3,
78400006.000000,8.539E+3,
78800006.000000,8.613E+3,
79200006.000000,8.473E+3,
79600006.000000,8.588E+3,
80000006.000000,8.589E+3,
80400006.000000,8.437E+3,
80800006.000000,8.580E+3,
81200006.000000,8.580E+3,
81600006.000000,8.666E+3,
82000006.000000,8.669E+3,
82400006.000000,8.416E+3,
82800006.000000,8.557E+3,
83200007.000000,8.559E+3,
83600007.000000,8.530E+3,
84000007.000000,8.662E+3,
84400007.000000,8.612E+3,
84800007.000000,8.596E+3,
85200007.000000,8.675E+3,
85600007.000000,8.731E+3,
86000007.000000,8.663E+3,
86400007.000000,8.632E+3,
86800007.000000,8.626E+3,
87200007.000000,8.630E+3,
87600007.000000,8.757E+3,
88000007.000000,8.651E+3,
88400007.000000,8.727E+3,
88800007.000000,8.807E+3,
89200007.000000,8.668E+3,
89600007.000000,8.590E+3,
90000007.000000,8.603E+3,
90400007.000000,8.625E+3,
90800007.000000,8.697E+3,
91200007.000000,8.771E+3,
91600007.000000,8.668E+3,
92000007.000000,8.714E+3,
92400007.000000,8.577E+3,
92800007.000000,8.686E+3,
93200007.000000,8.725E+3,
93600007.000000,8.635E+3,
94000007.000000,8.812E+3,
94400007.000000,8.827E+3,
94800007.000000,8.627E+3,
95200007.000000,8.702E+3,
95600007.000000,8.662E+3,
96000008.000000,8.882E+3,
96400008.000000,8.817E+3,
96800008.000000,8.708E+3,
97200008.000000,8.734E+3,
97600008.000000,8.615E+3,
98000008.000000,8.611E+3,
98400008.000000,8.778E+3,
98800008.000000,8.862E+3,
99200008.000000,8.704E+3,
99600008.000000,8.673E+3,
1E08,8.772E+3,
1.004E008,9.081E+3,
1.008E008,9.220E+3,
1.012E008,9.386E+3,
1.016E008,9.864E+3,
1.02E08,1.041E+4,
1.024E008,1.072E+4,
1.028E008,1.102E+4,
1.032E008,1.150E+4,
1.036E008,1.168E+4,
1.04E08,1.191E+4,
1.044E008,1.211E+4,
1.048E008,1.229E+4,
1.052E008,1.233E+4,
1.056E008,1.244E+4,
1.06E08,1.261E+4,
1.064E008,1.283E+4,
1.068E008,1.294E+4,
1.072E008,1.304E+4,
1.076E008,1.296E+4,
1.08E08,1.319E+4,
1.084E008,1.312E+4,
1.088E008,1.319E+4,
1.092E008,1.318E+4,
1.096E008,1.334E+4,
1.1E08,1.341E+4,
1.104E008,1.339E+4,
1.108E008,1.351E+4,
1.112E008,1.342E+4,
1.116E008,1.340E+4,
1.12E08,1.330E+4,
1.124E008,1.344E+4,
1.128E008,1.333E+4,
1.132E008,1.341E+4,
1.136E008,1.346E+4,
1.14E08,1.349E+4,
1.144E008,1.345E+4,
1.148E008,1.337E+4,
1.152E008,1.332E+4,
1.156E008,1.349E+4,
1.16E08,1.342E+4,
1.164E008,1.332E+4,
1.168E008,1.304E+4,
1.172E008,1.291E+4,
1.176E008,1.278E+4,
1.18E08,1.255E+4,
1.184E008,1.245E+4,
1.188E008,1.223E+4,
1.192E008,1.205E+4,
1.196E008,1.181E+4,
1.2E08,1.163E+4,
1.204E008,1.148E+4,
1.208E008,1.136E+4,
1.212E008,1.100E+4,
1.216E008,1.074E+4,
1.22E08,1.057E+4,
1.224E008,1.036E+4,
1.228E008,1.010E+4,
1.232E008,9.859E+3,
1.236E008,9.495E+3,
1.24E08,9.226E+3,
1.244E008,9.093E+3,
1.248E008,8.985E+3,
1.252E008,8.699E+3,
1.256E008,8.470E+3,
1.26E08,8.210E+3,
1.264E008,7.709E+3,
1.268E008,7.570E+3,
1.272E008,7.323E+3,
1.276E008,7.237E+3,
1.28E08,7.015E+3,
1.284E008,6.771E+3,
1.288E008,6.459E+3,
1.292E008,6.458E+3,
1.296E008,6.178E+3,
1.3E08,6.021E+3,
1.304E008,5.721E+3,
1.308E008,5.630E+3,
1.312E008,5.490E+3,
1.316E008,5.287E+3,
1.32E08,5.026E+3,
1.324E008,4.883E+3,
1.328E008,4.722E+3,
1.332E008,4.675E+3,
1.336E008,4.257E+3,
1.34E08,4.259E+3,
1.344E008,4.145E+3,
1.348E008,4.047E+3,
1.352E008,3.852E+3,
1.356E008,3.628E+3,
1.36E08,3.541E+3,
1.364E008,3.454E+3,
1.368E008,3.288E+3,
1.372E008,3.274E+3,
1.376E008,3.077E+3,
1.38E08,2.991E+3,
1.384E008,2.902E+3,
1.388E008,2.741E+3,
1.392E008,2.528E+3,
1.396E008,2.525E+3,
1.4E08,2.437E+3,
1.404E008,2.434E+3,
1.408E008,2.304E+3,
1.412E008,2.086E+3,
1.416E008,2.116E+3,
1.42E08,1.934E+3,
1.424E008,1.916E+3,
1.428E008,1.856E+3,
1.432E008,1.697E+3,
1.436E008,1.730E+3,
1.44E08,1.546E+3,
1.444E008,1.571E+3,
1.448E008,1.513E+3,
1.452E008,1.457E+3,
1.456E008,1.358E+3,
1.46E08,1.374E+3,
1.464E008,1.340E+3,
1.468E008,1.257E+3,
1.472E008,1.202E+3,
1.476E008,1.181E+3,
1.48E08,1.140E+3,
1.484E008,1.083E+3,
1.488E008,1.081E+3,
1.492E008,9.540E+2,
1.496E008,9.580E+2,
1.5E08,9.230E+2,
1.504E008,9.300E+2,
1.508E008,8.840E+2,
1.512E008,7.480E+2,
1.516E008,8.240E+2,
1.52E08,7.430E+2,
1.524E008,7.360E+2,
1.528E008,7.010E+2,
1.532E008,6.290E+2,
1.536E008,6.550E+2,
1.54E08,6.400E+2,
1.544E008,5.890E+2,
1.548E008,5.470E+2,
1.552E008,6.030E+2,
1.556E008,5.180E+2,
1.56E08,5.300E+2,
1.564E008,5.380E+2,
1.568E008,4.670E+2,
1.572E008,4.630E+2,
1.576E008,4.210E+2,
1.58E08,4.150E+2,
1.584E008,4.360E+2,
1.588E008,4.070E+2,
1.592E008,4.220E+2,
1.596E008,3.810E+2,
1.6E08,3.770E+2,
1.604E008,3.260E+2,
1.608E008,3.340E+2,
1.612E008,2.960E+2,
1.616E008,3.200E+2,
1.62E08,2.700E+2,
1.624E008,2.630E+2,
1.628E008,2.690E+2,
1.632E008,2.350E+2,
1.636E008,2.830E+2,
1.64E08,2.390E+2,
1.644E008,2.550E+2,
1.648E008,2.680E+2,
1.652E008,2.410E+2,
1.656E008,2.290E+2,
1.66E08,2.330E+2,
1.664E008,2.010E+2,
1.668E008,2.070E+2,
1.672E008,1.990E+2,
1.676E008,2.010E+2,
1.68E08,2.070E+2,
1.684E008,2.080E+2,
1.688E008,1.760E+2,
1.692E008,1.880E+2,
1.696E008,1.950E+2,
1.7E08,1.620E+2,
1.704E008,1.430E+2,
1.708E008,1.530E+2,
1.712E008,1.360E+2,
1.716E008,1.470E+2,
1.72E08,1.600E+2,
1.724E008,1.430E+2,
1.728E008,1.570E+2,
1.732E008,1.170E+2,
1.736E008,1.400E+2,
1.74E08,1.390E+2,
1.744E008,1.440E+2,
1.748E008,1.460E+2,
1.752E008,1.280E+2,
1.756E008,1.590E+2,
1.76E08,1.180E+2,
1.764E008,1.240E+2,
1.768E008,1.300E+2,
1.772E008,1.050E+2,
1.776E008,1.420E+2,
1.78E08,1.320E+2,
1.784E008,1.030E+2,
1.788E008,1.110E+2,
1.792E008,1.150E+2,
1.796E008,9.700E+1,
1.8E08,9.800E+1,
1.804E008,9.700E+1,
1.808E008,1.140E+2,
1.812E008,1.020E+2,
1.816E008,1.000E+2,
1.82E08,8.600E+1,
1.824E008,1.020E+2,
1.828E008,1.060E+2,
1.832E008,1.090E+2,
1.836E008,8.400E+1,
1.84E08,9.500E+1,
1.844E008,9.900E+1,
1.848E008,1.390E+2,
1.852E008,9.700E+1,
1.856E008,1.050E+2,
1.86E08,7.500E+1,
1.864E008,9.000E+1,
1.868E008,6.900E+1,
1.872E008,8.700E+1,
1.876E008,6.200E+1,
1.88E08,8.600E+1,
1.884E008,8.400E+1,
1.888E008,9.100E+1,
1.892E008,9.100E+1,
1.896E008,8.900E+1,
1.9E08,8.300E+1,
1.904E008,9.800E+1,
1.908E008,7.100E+1,
1.912E008,9.300E+1,
1.916E008,6.700E+1,
1.92E08,7.800E+1,
1.924E008,9.200E+1,
1.928E008,7.100E+1,
1.932E008,7.200E+1,
1.936E008,8.500E+1,
1.94E08,8.400E+1,
1.944E008,7.300E+1,
1.948E008,8.200E+1,
1.952E008,7.500E+1,
1.956E008,6.000E+1,
1.96E08,8.200E+1,
1.964E008,6.300E+1,
1.968E008,6.900E+1,
1.972E008,9.400E+1,
1.976E008,7.800E+1,
1.98E08,7.400E+1,
1.984E008,8.600E+1,
1.988E008,9.600E+1,
1.992E008,6.900E+1,
1.996E008,7.200E+1,
2E08,7.000E+1,
2.004E008,9.000E+1,
2.008E008,6.000E+1,
2.012E008,7.300E+1,
2.016E008,6.800E+1,
2.02E08,7.400E+1,
2.024E008,6.700E+1,
2.028E008,6.900E+1,
2.032E008,7.600E+1,
2.036E008,7.800E+1,
2.04E08,8.300E+1,
2.044E008,7.400E+1,
2.048E008,7.800E+1,
2.052E008,7.200E+1,
2.056E008,8.100E+1,
2.06E08,8.600E+1,
2.064E008,9.500E+1,
2.068E008,5.700E+1,
2.072E008,7.700E+1,
2.076E008,7.500E+1,
2.08E08,8.300E+1,
2.084E008,6.700E+1,
2.088E008,7.800E+1,
2.092E008,6.100E+1,
2.096E008,7.800E+1,
2.1E08,6.300E+1,
2.104E008,8.200E+1,
2.108E008,9.000E+1,
2.112E008,5.900E+1,
2.116E008,7.500E+1,
2.12E08,7.500E+1,
2.124E008,7.300E+1,
2.128E008,8.300E+1,
2.132E008,8.800E+1,
2.136E008,6.400E+1,
2.14E08,7.600E+1,
2.144E008,6.600E+1,
2.148E008,8.000E+1,
2.152E008,7.400E+1,
2.156E008,7.600E+1,
2.16E08,8.000E+1,
2.164E008,6.700E+1,
2.168E008,7.100E+1,
2.172E008,7.900E+1,
2.176E008,6.900E+1,
2.18E08,7.000E+1,
2.184E008,8.400E+1,
2.188E008,8.000E+1,
2.192E008,7.000E+1,
2.196E008,5.900E+1,
2.2E08,8.000E+1,
2.204E008,7.600E+1,
2.208E008,6.200E+1,
2.212E008,6.500E+1,
2.216E008,8.200E+1,
2.22E08,7.900E+1,
2.224E008,8.900E+1,
2.228E008,9.200E+1,
2.232E008,6.400E+1,
2.236E008,5.600E+1,
2.24E08,7.400E+1,
2.244E008,6.400E+1,
2.248E008,7.200E+1,
2.252E008,7.900E+1,
2.256E008,6.100E+1,
2.26E08,7.800E+1,
2.264E008,7.800E+1,
2.268E008,6.500E+1,
2.272E008,6.300E+1,
2.276E008,6.900E+1,
2.28E08,6.600E+1,
2.284E008,6.900E+1,
2.288E008,7.300E+1,
2.292E008,5.200E+1,
2.296E008,5.800E+1,
2.3E08,7.700E+1,
2.304E008,6.200E+1,
2.308E008,7.800E+1,
2.312E008,7.100E+1,
2.316E008,7.100E+1,
2.32E08,6.600E+1,
2.324E008,5.700E+1,
2.328E008,7.100E+1,
2.332E008,7.100E+1,
2.336E008,9.100E+1,
2.34E08,7.400E+1,
2.344E008,7.500E+1,
2.348E008,5.400E+1,
2.352E008,7.200E+1,
2.356E008,7.100E+1,
2.36E08,7.100E+1,
2.364E008,7.400E+1,
2.368E008,7.600E+1,
2.372E008,7.000E+1,
2.376E008,7.200E+1,
2.38E08,7.900E+1,
2.384E008,5.700E+1,
2.388E008,8.000E+1,
2.392E008,8.100E+1,
2.396E008,7.000E+1,
2.4E08,8.100E+1,
2.404E008,6.300E+1,
2.408E008,6.700E+1,
2.412E008,6.200E+1,
2.416E008,7.500E+1,
2.42E08,5.900E+1,
2.424E008,7.200E+1,
2.428E008,6.300E+1,
2.432E008,5.800E+1,
2.436E008,7.700E+1,
2.44E08,8.800E+1,
2.444E008,6.900E+1,
2.448E008,7.800E+1,
2.452E008,9.100E+1,
2.456E008,6.900E+1,
2.46E08,6.300E+1,
2.464E008,7.400E+1,
2.468E008,8.300E+1,
2.472E008,6.600E+1,
2.476E008,6.200E+1,
2.48E08,8.800E+1,
2.484E008,8.700E+1,
2.488E008,7.300E+1,
2.492E008,6.700E+1,
2.496E008,7.600E+1,
2.5E08,8.000E+1,
2.504E008,7.400E+1,
2.508E008,6.300E+1,
2.512E008,7.100E+1,
2.516E008,7.400E+1,
2.52E08,8.000E+1,
2.524E008,8.300E+1,
2.528E008,7.000E+1,
2.532E008,7.600E+1,
2.536E008,7.200E+1,
2.54E08,7.300E+1,
2.544E008,7.500E+1,
2.548E008,7.200E+1,
2.552E008,6.100E+1,
2.556E008,7.400E+1,
2.56E08,7.200E+1,
2.564E008,7.800E+1,
2.568E008,5.800E+1,
2.572E008,6.600E+1,
2.576E008,7.000E+1,
2.58E08,7.300E+1,
2.584E008,7.900E+1,
2.588E008,7.000E+1,
2.592E008,7.500E+1,
2.596E008,7.100E+1,
2.6E08,6.500E+1,
2.604E008,6.100E+1,
2.608E008,9.100E+1,
2.612E008,7.000E+1,
2.616E008,5.800E+1,
2.62E08,6.000E+1,
2.624E008,7.200E+1,
2.628E008,8.200E+1,
2.632E008,6.800E+1,
2.636E008,7.600E+1,
2.64E08,7.900E+1,
2.644E008,8.000E+1,
2.648E008,8.400E+1,
2.652E008,5.900E+1,
2.656E008,7.700E+1,
2.66E08,8.100E+1,
2.664E008,6.100E+1,
2.668E008,7.400E+1,
2.672E008,7.000E+1,
2.676E008,6.700E+1,
2.68E08,6.900E+1,
2.684E008,7.300E+1,
2.688E008,8.000E+1,
2.692E008,5.700E+1,
2.696E008,7.800E+1,
2.7E08,5.800E+1,
2.704E008,5.600E+1,
2.708E008,6.600E+1,
2.712E008,7.100E+1,
2.716E008,6.800E+1,
2.72E08,6.000E+1,
2.724E008,7.200E+1,
2.728E008,6.200E+1,
2.732E008,6.600E+1,
2.736E008,6.900E+1,
2.74E08,6.700E+1,
2.744E008,6.500E+1,
2.748E008,7.400E+1,
2.752E008,8.900E+1,
2.756E008,6.000E+1,
2.76E08,8.000E+1,
2.764E008,7.100E+1,
2.768E008,6.600E+1,
2.772E008,7.100E+1,
2.776E008,6.900E+1,
2.78E08,7.700E+1,
2.784E008,6.500E+1,
2.788E008,7.400E+1,
2.792E008,8.000E+1,
2.796E008,7.000E+1,
2.8E08,7.200E+1,
2.804E008,6.500E+1,
2.808E008,9.200E+1,
2.812E008,6.900E+1,
2.816E008,6.900E+1,
2.82E08,6.200E+1,
2.824E008,6.400E+1,
2.828E008,6.200E+1,
2.832E008,7.000E+1,
2.836E008,6.600E+1,
2.84E08,8.800E+1,
2.844E008,9.100E+1,
2.848E008,6.000E+1,
2.852E008,7.400E+1,
2.856E008,6.800E+1,
2.86E08,7.000E+1,
2.864E008,6.700E+1,
2.868E008,4.000E+1,
2.872E008,7.500E+1,
2.876E008,7.100E+1,
2.88E08,6.600E+1,
2.884E008,8.100E+1,
2.888E008,6.700E+1,
2.892E008,7.800E+1,
2.896E008,5.700E+1,
2.9E08,6.300E+1,
2.904E008,7.500E+1,
2.908E008,5.700E+1,
2.912E008,7.400E+1,
2.916E008,7.500E+1,
2.92E08,4.900E+1,
2.924E008,6.600E+1,
2.928E008,7.100E+1,
2.932E008,9.000E+1,
2.936E008,7.100E+1,
2.94E08,6.600E+1,
2.944E008,7.300E+1,
2.948E008,7.000E+1,
2.952E008,7.100E+1,
2.956E008,8.600E+1,
2.96E08,8.200E+1,
2.964E008,8.300E+1,
2.968E008,7.300E+1,
2.972E008,6.700E+1,
2.976E008,6.800E+1,
2.98E08,7.600E+1,
2.984E008,8.200E+1,
2.988E008,6.200E+1,
2.992E008,7.100E+1,
2.996E008,5.700E+1,
3E08,5.700E+1,
3.004E008,7.900E+1,
3.008E008,5.100E+1,
3.012E008,6.500E+1,
3.016E008,6.800E+1,
3.02E08,5.400E+1,
3.024E008,7.300E+1,
3.028E008,6.500E+1,
3.032E008,8.300E+1,
3.036E008,7.000E+1,
3.04E08,6.900E+1,
3.044E008,6.400E+1,
3.048E008,7.400E+1,
3.052E008,8.300E+1,
3.056E008,7.700E+1,
3.06E08,7.800E+1,
3.064E008,6.800E+1,
3.068E008,7.000E+1,
3.072E008,7.100E+1,
3.076E008,7.500E+1,
3.08E08,6.200E+1,
3.084E008,6.800E+1,
3.088E008,8.600E+1,
3.092E008,7.800E+1,
3.096E008,7.100E+1,
3.1E08,8.100E+1,
3.104E008,7.800E+1,
3.108E008,6.300E+1,
3.112E008,6.500E+1,
3.116E008,6.500E+1,
3.12E08,7.200E+1,
3.124E008,6.400E+1,
3.128E008,8.100E+1,
3.132E008,7.100E+1,
3.136E008,8.200E+1,
3.14E08,7.500E+1,
3.144E008,7.200E+1,
3.148E008,6.700E+1,
3.152E008,6.400E+1,
3.156E008,6.300E+1,
3.16E08,7.000E+1,
3.164E008,8.600E+1,
3.168E008,5.400E+1,
3.172E008,7.300E+1,
3.176E008,6.600E+1,
3.18E08,6.800E+1,
3.184E008,7.900E+1,
3.188E008,8.000E+1,
3.192E008,7.000E+1,
3.196E008,9.200E+1,
3.2E08,7.900E+1,
3.204E008,5.500E+1,
3.208E008,7.100E+1,
3.212E008,7.100E+1,
3.216E008,6.700E+1,
3.22E08,8.900E+1,
3.224E008,3.600E+1,
3.228E008,7.800E+1,
3.232E008,8.000E+1,
3.236E008,6.500E+1,
3.24E08,8.600E+1,
3.244E008,5.900E+1,
3.248E008,6.900E+1,
3.252E008,5.600E+1,
3.256E008,7.800E+1,
3.26E08,7.800E+1,
3.264E008,7.100E+1,
3.268E008,6.000E+1,
3.272E008,6.900E+1,
3.276E008,7.000E+1,
3.28E08,7.500E+1,
3.284E008,6.900E+1,
3.288E008,6.500E+1,
3.292E008,8.000E+1,
3.296E008,6.600E+1,
3.3E08,6.800E+1,
3.304E008,6.100E+1,
3.308E008,7.200E+1,
3.312E008,7.200E+1,
3.316E008,7.600E+1,
3.32E08,6.200E+1,
3.324E008,6.600E+1,
3.328E008,5.500E+1,
3.332E008,6.800E+1,
3.336E008,5.800E+1,
3.34E08,5.900E+1,
3.344E008,8.300E+1,
3.348E008,7.700E+1,
3.352E008,6.200E+1,
3.356E008,6.800E+1,
3.36E08,8.300E+1,
3.364E008,6.900E+1,
3.368E008,6.400E+1,
3.372E008,6.300E+1,
3.376E008,6.900E+1,
3.38E08,8.400E+1,
3.384E008,7.800E+1,
3.388E008,6.300E+1,
3.392E008,7.600E+1,
3.396E008,7.800E+1,
3.4E08,7.900E+1,
3.404E008,6.300E+1,
3.408E008,7.000E+1,
3.412E008,6.700E+1,
3.416E008,6.100E+1,
3.42E08,7.200E+1,
3.424E008,5.800E+1,
3.428E008,7.100E+1,
3.432E008,6.600E+1,
3.436E008,8.100E+1,
3.44E08,6.700E+1,
3.444E008,7.200E+1,
3.448E008,6.400E+1,
3.452E008,6.200E+1,
3.456E008,5.300E+1,
3.46E08,7.800E+1,
3.464E008,6.500E+1,
3.468E008,8.200E+1,
3.472E008,7.000E+1,
3.476E008,7.100E+1,
3.48E08,7.100E+1,
3.484E008,5.200E+1,
3.488E008,6.400E+1,
3.492E008,6.100E+1,
3.496E008,6.300E+1,
3.5E08,6.700E+1,
3.504E008,5.300E+1,
3.508E008,5.900E+1,
3.512E008,7.800E+1,
3.516E008,6.500E+1,
3.52E08,8.300E+1,
3.524E008,7.200E+1,
3.528E008,6.500E+1,
3.532E008,7.800E+1,
3.536E008,6.100E+1,
3.54E08,7.300E+1,
3.544E008,7.100E+1,
3.548E008,6.400E+1,
3.552E008,7.800E+1,
3.556E008,7.200E+1,
3.56E08,7.400E+1,
3.564E008,7.300E+1,
3.568E008,7.700E+1,
3.572E008,5.000E+1,
3.576E008,7.200E+1,
3.58E08,8.100E+1,
3.584E008,6.600E+1,
3.588E008,6.200E+1,
3.592E008,7.600E+1,
3.596E008,7.600E+1,
3.6E08,9.300E+1,
3.604E008,6.600E+1,
3.608E008,6.500E+1,
3.612E008,6.500E+1,
3.616E008,5.700E+1,
3.62E08,6.900E+1,
3.624E008,5.800E+1,
3.628E008,8.300E+1,
3.632E008,9.500E+1,
3.636E008,7.300E+1,
3.64E08,5.700E+1,
3.644E008,6.100E+1,
3.648E008,7.900E+1,
3.652E008,5.200E+1,
3.656E008,6.600E+1,
3.66E08,7.300E+1,
3.664E008,6.900E+1,
3.668E008,7.400E+1,
3.672E008,6.100E+1,
3.676E008,6.100E+1,
3.68E08,5.900E+1,
3.684E008,6.100E+1,
3.688E008,5.900E+1,
3.692E008,6.400E+1,
3.696E008,7.500E+1,
3.7E08,7.000E+1,
3.704E008,7.300E+1,
3.708E008,6.100E+1,
3.712E008,6.900E+1,
3.716E008,8.000E+1,
3.72E08,7.300E+1,
3.724E008,7.600E+1,
3.728E008,7.300E+1,
3.732E008,7.400E+1,
3.736E008,7.100E+1,
3.74E08,8.100E+1,
3.744E008,7.200E+1,
3.748E008,6.800E+1,
3.752E008,7.200E+1,
3.756E008,7.300E+1,
3.76E08,6.700E+1,
3.764E008,8.900E+1,
3.768E008,7.300E+1,
3.772E008,8.900E+1,
3.776E008,6.500E+1,
3.78E08,6.600E+1,
3.784E008,6.800E+1,
3.788E008,6.600E+1,
3.792E008,9.600E+1,
3.796E008,6.400E+1,
3.8E08,8.100E+1,
3.804E008,6.200E+1,
3.808E008,7.300E+1,
3.812E008,5.700E+1,
3.816E008,6.400E+1,
3.82E08,8.000E+1,
3.824E008,5.500E+1,
3.828E008,7.900E+1,
3.832E008,6.500E+1,
3.836E008,7.400E+1,
3.84E08,7.800E+1,
3.844E008,6.500E+1,
3.848E008,6.700E+1,
3.852E008,6.200E+1,
3.856E008,6.800E+1,
3.86E08,6.800E+1,
3.864E008,8.300E+1,
3.868E008,8.500E+1,
3.872E008,7.700E+1,
3.876E008,6.400E+1,
3.88E08,5.200E+1,
3.884E008,6.600E+1,
3.888E008,6.300E+1,
3.892E008,6.700E+1,
3.896E008,7.000E+1,
3.9E08,8.500E+1,
3.904E008,7.800E+1,
3.908E008,7.800E+1,
3.912E008,5.400E+1,
3.916E008,7.000E+1,
3.92E08,6.400E+1,
3.924E008,8.300E+1,
3.928E008,8.300E+1,
3.932E008,6.200E+1,
3.936E008,5.600E+1,
3.94E08,6.400E+1,
3.944E008,7.100E+1,
3.948E008,5.300E+1,
3.952E008,5.300E+1,
3.956E008,7.500E+1,
3.96E08,7.400E+1,
3.964E008,7.300E+1,
3.968E008,7.700E+1,
3.972E008,6.400E+1,
3.976E008,7.700E+1,
3.98E08,6.500E+1,
3.984E008,7.200E+1,
3.988E008,9.000E+1,
3.992E008,6.500E+1,
3.996E008,7.600E+1,
