Labels,100us_77k,
Type,Time Scan,
Comment,,
Start,0.00,
Stop,1.998E008,
Step,2E05,
Fixed/Offset, ,
XAxis,Time,
YAxis,Counts,

0.00,1.104E+4,
2E05,2.386E+4,
4E05,2.316E+4,
6E05,2.296E+4,
800000.060000,2.222E+4,
1E06,2.195E+4,
1.2E06,2.189E+4,
1.4E06,2.171E+4,
1.6E06,2.106E+4,
1.8E06,2.086E+4,
2E06,2.036E+4,
2.2E06,2.036E+4,
2.4E06,2.020E+4,
2.6E06,1.970E+4,
2.8E06,1.947E+4,
3E06,1.917E+4,
3.2E06,1.906E+4,
3.4E06,1.837E+4,
3.6E06,1.841E+4,
3.8E06,1.838E+4,
4E06,1.818E+4,
4.2E06,1.811E+4,
4.4E06,1.760E+4,
4.6E06,1.743E+4,
4.8E06,1.753E+4,
5E06,1.709E+4,
5.2E06,1.670E+4,
5.4E06,1.659E+4,
5.6E06,1.677E+4,
5.8E06,1.632E+4,
6E06,1.659E+4,
6.2E06,1.588E+4,
6400000.500000,1.582E+4,
6600000.500000,1.559E+4,
6800000.500000,1.558E+4,
7000000.500000,1.551E+4,
7200000.600000,1.526E+4,
7400000.600000,1.485E+4,
7600000.600000,1.486E+4,
7800000.600000,1.474E+4,
8000000.600000,1.466E+4,
8200000.600000,1.459E+4,
8400000.700000,1.439E+4,
8600000.700000,1.429E+4,
8800000.700000,1.371E+4,
9000000.700000,1.377E+4,
9200000.700000,1.379E+4,
9400000.700000,1.389E+4,
9600000.800000,1.327E+4,
9800000.800000,1.344E+4,
1E07,1.315E+4,
1.02E07,1.306E+4,
1.04E07,1.292E+4,
1.06E07,1.296E+4,
1.08E07,1.272E+4,
1.1E07,1.263E+4,
1.12E07,1.284E+4,
1.14E07,1.260E+4,
1.16E07,1.250E+4,
1.18E07,1.234E+4,
1.2E07,1.217E+4,
1.22E07,1.204E+4,
1.24E07,1.193E+4,
1.26E07,1.180E+4,
1.28E07,1.187E+4,
1.3E07,1.164E+4,
1.32E07,1.153E+4,
1.34E07,1.163E+4,
1.36E07,1.136E+4,
1.38E07,1.143E+4,
1.4E07,1.118E+4,
1.42E07,1.120E+4,
1.44E07,1.119E+4,
1.46E07,1.097E+4,
1.48E07,1.090E+4,
1.5E07,1.078E+4,
1.52E07,1.062E+4,
1.54E07,1.057E+4,
1.56E07,1.061E+4,
1.58E07,1.062E+4,
1.6E07,1.055E+4,
1.62E07,1.032E+4,
1.64E07,1.048E+4,
1.66E07,1.041E+4,
1.68E07,1.003E+4,
1.7E07,1.009E+4,
1.72E07,1.020E+4,
1.74E07,1.011E+4,
1.76E07,1.009E+4,
1.78E07,9.736E+3,
1.8E07,9.850E+3,
1.82E07,9.672E+3,
1.84E07,9.909E+3,
1.86E07,9.684E+3,
1.88E07,9.229E+3,
1.9E07,9.276E+3,
1.92E07,9.340E+3,
1.94E07,9.200E+3,
1.96E07,9.237E+3,
1.98E07,9.247E+3,
2E07,9.141E+3,
2.02E07,9.192E+3,
2.04E07,9.264E+3,
2.06E07,9.057E+3,
2.08E07,8.969E+3,
2.1E07,8.771E+3,
2.12E07,8.847E+3,
2.14E07,9.013E+3,
2.16E07,8.813E+3,
2.18E07,8.758E+3,
2.2E07,8.790E+3,
2.22E07,8.677E+3,
2.24E07,8.634E+3,
2.26E07,8.534E+3,
2.28E07,8.673E+3,
2.3E07,8.487E+3,
2.32E07,8.523E+3,
2.34E07,8.308E+3,
2.36E07,8.402E+3,
2.38E07,8.281E+3,
2.4E07,8.475E+3,
2.42E07,8.298E+3,
2.44E07,8.241E+3,
2.46E07,8.170E+3,
2.48E07,8.241E+3,
2.5E07,8.126E+3,
2.52E07,8.001E+3,
2.54E07,8.155E+3,
2.56E07,7.917E+3,
2.58E07,7.855E+3,
2.6E07,8.072E+3,
2.62E07,7.858E+3,
2.64E07,7.814E+3,
2.66E07,7.640E+3,
2.68E07,7.778E+3,
2.7E07,7.737E+3,
2.72E07,7.805E+3,
2.74E07,7.535E+3,
2.76E07,7.814E+3,
2.78E07,7.847E+3,
2.8E07,7.530E+3,
2.82E07,7.441E+3,
2.84E07,7.419E+3,
2.86E07,7.469E+3,
2.88E07,7.602E+3,
2.9E07,7.509E+3,
2.92E07,7.468E+3,
2.94E07,7.581E+3,
2.96E07,7.307E+3,
2.98E07,7.298E+3,
3E07,7.415E+3,
3.02E07,7.313E+3,
3.04E07,7.290E+3,
3.06E07,7.212E+3,
3.08E07,7.291E+3,
3.1E07,7.111E+3,
3.12E07,7.210E+3,
3.14E07,7.162E+3,
3.16E07,7.141E+3,
3.18E07,7.084E+3,
3.2E07,6.929E+3,
3.22E07,7.148E+3,
3.24E07,7.092E+3,
3.26E07,6.982E+3,
3.28E07,7.069E+3,
3.3E07,7.186E+3,
3.32E07,7.138E+3,
3.34E07,6.947E+3,
3.36E07,7.045E+3,
3.38E07,6.930E+3,
3.4E07,6.923E+3,
3.42E07,6.880E+3,
3.44E07,6.924E+3,
3.46E07,6.977E+3,
3.48E07,6.856E+3,
3.5E07,6.794E+3,
3.52E07,6.834E+3,
3.54E07,6.819E+3,
3.56E07,6.967E+3,
3.58E07,6.923E+3,
3.6E07,6.736E+3,
3.62E07,6.688E+3,
3.64E07,6.832E+3,
3.66E07,6.803E+3,
3.68E07,6.624E+3,
3.7E07,6.642E+3,
3.72E07,6.540E+3,
3.74E07,6.720E+3,
3.76E07,6.870E+3,
3.78E07,6.778E+3,
3.8E07,6.733E+3,
3.82E07,6.550E+3,
3.84E07,6.771E+3,
3.86E07,6.454E+3,
3.88E07,6.629E+3,
3.9E07,6.551E+3,
3.92E07,6.531E+3,
3.94E07,6.606E+3,
3.96E07,6.602E+3,
3.98E07,6.476E+3,
4E07,6.454E+3,
4.02E07,6.445E+3,
4.04E07,6.436E+3,
4.06E07,6.581E+3,
4.08E07,6.447E+3,
4.1E07,6.395E+3,
4.12E07,6.455E+3,
4.14E07,6.453E+3,
4.16E07,6.521E+3,
4.18E07,6.282E+3,
4.2E07,6.362E+3,
4.22E07,6.355E+3,
4.24E07,6.349E+3,
4.26E07,6.387E+3,
4.28E07,6.275E+3,
4.3E07,6.393E+3,
4.32E07,6.424E+3,
4.34E07,6.451E+3,
4.36E07,6.369E+3,
4.38E07,6.525E+3,
4.4E07,6.411E+3,
4.42E07,6.509E+3,
4.44E07,6.330E+3,
4.46E07,6.372E+3,
4.48E07,6.316E+3,
4.5E07,6.236E+3,
4.52E07,6.474E+3,
4.54E07,6.241E+3,
4.56E07,6.051E+3,
4.58E07,6.162E+3,
4.6E07,6.194E+3,
4.62E07,6.274E+3,
4.64E07,6.233E+3,
4.66E07,6.157E+3,
4.68E07,6.174E+3,
4.7E07,6.183E+3,
4.72E07,6.236E+3,
4.74E07,6.282E+3,
4.76E07,6.134E+3,
4.78E07,6.083E+3,
4.8E07,6.136E+3,
4.82E07,6.192E+3,
4.84E07,6.248E+3,
4.86E07,6.093E+3,
4.88E07,6.226E+3,
4.9E07,6.085E+3,
4.92E07,6.234E+3,
4.94E07,5.981E+3,
4.96E07,6.128E+3,
4.98E07,5.926E+3,
5E07,6.124E+3,
5.02E07,6.161E+3,
5.04E07,5.955E+3,
5.06E07,5.962E+3,
5.08E07,6.143E+3,
5.1E07,6.095E+3,
5.12E07,6.113E+3,
5.14E07,6.210E+3,
5.16E07,6.052E+3,
5.18E07,5.976E+3,
5.2E07,5.976E+3,
5.22E07,6.153E+3,
5.24E07,6.267E+3,
5.26E07,6.176E+3,
5.28E07,6.220E+3,
5.3E07,6.048E+3,
5.32E07,5.994E+3,
5.34E07,6.030E+3,
5.36E07,6.150E+3,
5.38E07,5.987E+3,
5.4E07,6.101E+3,
5.42E07,6.091E+3,
5.44E07,5.894E+3,
5.46E07,6.171E+3,
5.48E07,6.017E+3,
5.5E07,5.928E+3,
5.52E07,6.059E+3,
5.54E07,5.915E+3,
5.56E07,6.130E+3,
5.58E07,6.099E+3,
5.6E07,6.006E+3,
5.62E07,6.085E+3,
5.64E07,6.037E+3,
5.66E07,6.015E+3,
5.68E07,5.943E+3,
5.7E07,5.808E+3,
5.72E07,5.894E+3,
5.74E07,5.922E+3,
5.76E07,6.015E+3,
5.78E07,6.016E+3,
5.8E07,5.885E+3,
5.82E07,6.076E+3,
5.84E07,5.942E+3,
5.86E07,5.952E+3,
5.88E07,5.870E+3,
5.9E07,5.857E+3,
5.92E07,6.079E+3,
5.94E07,5.880E+3,
5.96E07,6.041E+3,
5.98E07,5.761E+3,
6E07,5.788E+3,
6.02E07,5.767E+3,
6.04E07,5.859E+3,
6.06E07,5.942E+3,
6.08E07,5.872E+3,
6.1E07,5.855E+3,
6.12E07,5.891E+3,
6.14E07,5.966E+3,
6.16E07,5.852E+3,
6.18E07,5.998E+3,
6.2E07,5.930E+3,
6.22E07,6.069E+3,
6.24E07,5.989E+3,
6.26E07,5.759E+3,
6.28E07,5.771E+3,
6.3E07,5.826E+3,
6.32E07,5.853E+3,
6.34E07,5.869E+3,
6.36E07,5.956E+3,
6.38E07,5.857E+3,
64000005.000000,5.970E+3,
64200005.000000,5.752E+3,
64400005.000000,5.935E+3,
64600005.000000,5.889E+3,
64800005.000000,5.837E+3,
65000005.000000,5.880E+3,
65200005.000000,5.865E+3,
65400005.000000,5.755E+3,
65600005.000000,5.795E+3,
65800005.000000,5.757E+3,
66000005.000000,5.851E+3,
66200005.000000,5.843E+3,
66400005.000000,5.868E+3,
66600005.000000,5.762E+3,
66800005.000000,5.863E+3,
67000005.000000,5.771E+3,
67200005.000000,5.932E+3,
67400005.000000,5.929E+3,
67600005.000000,5.834E+3,
67800005.000000,5.759E+3,
68000005.000000,5.914E+3,
68200005.000000,5.723E+3,
68400005.000000,5.753E+3,
68600005.000000,5.829E+3,
68800005.000000,5.921E+3,
69000005.000000,5.921E+3,
69200005.000000,5.885E+3,
69400005.000000,5.714E+3,
69600005.000000,5.760E+3,
69800005.000000,5.710E+3,
70000005.000000,5.776E+3,
70200005.000000,5.839E+3,
70400006.000000,5.783E+3,
70600006.000000,5.733E+3,
70800006.000000,5.905E+3,
71000006.000000,5.761E+3,
71200006.000000,5.850E+3,
71400006.000000,5.898E+3,
71600006.000000,5.798E+3,
71800006.000000,5.746E+3,
72000006.000000,5.779E+3,
72200006.000000,5.761E+3,
72400006.000000,5.859E+3,
72600006.000000,5.776E+3,
72800006.000000,5.741E+3,
73000006.000000,5.750E+3,
73200006.000000,5.913E+3,
73400006.000000,5.811E+3,
73600006.000000,5.826E+3,
73800006.000000,5.753E+3,
74000006.000000,5.551E+3,
74200006.000000,5.802E+3,
74400006.000000,5.680E+3,
74600006.000000,5.877E+3,
74800006.000000,5.884E+3,
75000006.000000,5.739E+3,
75200006.000000,5.799E+3,
75400006.000000,5.843E+3,
75600006.000000,5.837E+3,
75800006.000000,5.940E+3,
76000006.000000,5.803E+3,
76200006.000000,5.753E+3,
76400006.000000,5.705E+3,
76600006.000000,5.778E+3,
76800006.000000,5.819E+3,
77000006.000000,5.869E+3,
77200006.000000,5.849E+3,
77400006.000000,5.750E+3,
77600006.000000,5.680E+3,
77800006.000000,5.871E+3,
78000006.000000,5.739E+3,
78200006.000000,5.721E+3,
78400006.000000,5.866E+3,
78600006.000000,5.798E+3,
78800006.000000,5.770E+3,
79000006.000000,5.812E+3,
79200006.000000,5.930E+3,
79400006.000000,5.790E+3,
79600006.000000,5.796E+3,
79800006.000000,5.752E+3,
80000006.000000,5.635E+3,
80200006.000000,5.941E+3,
80400006.000000,5.837E+3,
80600006.000000,5.806E+3,
80800006.000000,5.709E+3,
81000006.000000,5.799E+3,
81200006.000000,5.829E+3,
81400006.000000,5.820E+3,
81600006.000000,5.673E+3,
81800006.000000,5.777E+3,
82000006.000000,5.598E+3,
82200006.000000,5.831E+3,
82400006.000000,5.776E+3,
82600006.000000,5.806E+3,
82800006.000000,5.661E+3,
83000006.000000,5.739E+3,
83200007.000000,5.797E+3,
83400007.000000,5.829E+3,
83600007.000000,5.689E+3,
83800007.000000,5.676E+3,
84000007.000000,5.664E+3,
84200007.000000,5.801E+3,
84400007.000000,5.807E+3,
84600007.000000,5.561E+3,
84800007.000000,5.702E+3,
85000007.000000,5.748E+3,
85200007.000000,5.686E+3,
85400007.000000,5.680E+3,
85600007.000000,5.723E+3,
85800007.000000,5.808E+3,
86000007.000000,5.912E+3,
86200007.000000,5.670E+3,
86400007.000000,5.874E+3,
86600007.000000,5.862E+3,
86800007.000000,5.805E+3,
87000007.000000,5.845E+3,
87200007.000000,5.809E+3,
87400007.000000,5.792E+3,
87600007.000000,5.656E+3,
87800007.000000,5.665E+3,
88000007.000000,5.709E+3,
88200007.000000,5.686E+3,
88400007.000000,5.782E+3,
88600007.000000,5.811E+3,
88800007.000000,5.871E+3,
89000007.000000,5.620E+3,
89200007.000000,5.868E+3,
89400007.000000,5.870E+3,
89600007.000000,5.917E+3,
89800007.000000,5.739E+3,
90000007.000000,5.798E+3,
90200007.000000,5.864E+3,
90400007.000000,5.747E+3,
90600007.000000,5.681E+3,
90800007.000000,5.619E+3,
91000007.000000,5.714E+3,
91200007.000000,5.779E+3,
91400007.000000,5.862E+3,
91600007.000000,5.755E+3,
91800007.000000,5.737E+3,
92000007.000000,5.722E+3,
92200007.000000,5.867E+3,
92400007.000000,5.738E+3,
92600007.000000,5.765E+3,
92800007.000000,5.807E+3,
93000007.000000,5.793E+3,
93200007.000000,5.768E+3,
93400007.000000,5.889E+3,
93600007.000000,5.860E+3,
93800007.000000,5.810E+3,
94000007.000000,5.724E+3,
94200007.000000,5.836E+3,
94400007.000000,5.630E+3,
94600007.000000,5.885E+3,
94800007.000000,5.734E+3,
95000007.000000,5.742E+3,
95200007.000000,5.656E+3,
95400007.000000,5.715E+3,
95600007.000000,5.608E+3,
95800007.000000,5.759E+3,
96000008.000000,5.844E+3,
96200008.000000,5.789E+3,
96400008.000000,5.841E+3,
96600008.000000,5.638E+3,
96800008.000000,5.817E+3,
97000008.000000,5.718E+3,
97200008.000000,5.774E+3,
97400008.000000,5.737E+3,
97600008.000000,5.776E+3,
97800008.000000,5.818E+3,
98000008.000000,5.722E+3,
98200008.000000,5.797E+3,
98400008.000000,5.691E+3,
98600008.000000,5.756E+3,
98800008.000000,5.701E+3,
99000008.000000,5.811E+3,
99200008.000000,5.750E+3,
99400008.000000,5.755E+3,
99600008.000000,5.735E+3,
99800008.000000,5.775E+3,
1E08,5.769E+3,
1.002E008,5.815E+3,
1.004E008,5.717E+3,
1.006E008,5.797E+3,
1.008E008,5.753E+3,
1.01E08,5.875E+3,
1.012E008,5.637E+3,
1.014E008,5.812E+3,
1.016E008,5.804E+3,
1.018E008,5.669E+3,
1.02E08,5.789E+3,
1.022E008,5.698E+3,
1.024E008,5.676E+3,
1.026E008,5.784E+3,
1.028E008,5.779E+3,
1.03E08,5.731E+3,
1.032E008,5.748E+3,
1.034E008,5.502E+3,
1.036E008,5.755E+3,
1.038E008,5.689E+3,
1.04E08,5.745E+3,
1.042E008,5.819E+3,
1.044E008,5.878E+3,
1.046E008,5.741E+3,
1.048E008,5.727E+3,
1.05E08,5.791E+3,
1.052E008,5.707E+3,
1.054E008,5.712E+3,
1.056E008,5.605E+3,
1.058E008,5.784E+3,
1.06E08,5.718E+3,
1.062E008,5.697E+3,
1.064E008,5.855E+3,
1.066E008,5.718E+3,
1.068E008,5.670E+3,
1.07E08,5.734E+3,
1.072E008,5.691E+3,
1.074E008,5.677E+3,
1.076E008,5.773E+3,
1.078E008,5.751E+3,
1.08E08,5.826E+3,
1.082E008,5.687E+3,
1.084E008,5.829E+3,
1.086E008,5.686E+3,
1.088E008,5.729E+3,
1.09E08,5.836E+3,
1.092E008,5.655E+3,
1.094E008,5.900E+3,
1.096E008,5.653E+3,
1.098E008,5.601E+3,
1.1E08,5.795E+3,
1.102E008,5.641E+3,
1.104E008,5.739E+3,
1.106E008,5.733E+3,
1.108E008,5.855E+3,
1.11E08,5.761E+3,
1.112E008,5.800E+3,
1.114E008,5.679E+3,
1.116E008,5.862E+3,
1.118E008,5.690E+3,
1.12E08,5.755E+3,
1.122E008,5.764E+3,
1.124E008,5.688E+3,
1.126E008,5.746E+3,
1.128E008,5.879E+3,
1.13E08,5.604E+3,
1.132E008,5.722E+3,
1.134E008,5.696E+3,
1.136E008,5.746E+3,
1.138E008,5.550E+3,
1.14E08,5.699E+3,
1.142E008,5.829E+3,
1.144E008,5.854E+3,
1.146E008,5.814E+3,
1.148E008,5.724E+3,
1.15E08,5.814E+3,
1.152E008,5.728E+3,
1.154E008,5.772E+3,
1.156E008,5.913E+3,
1.158E008,5.608E+3,
1.16E08,5.527E+3,
1.162E008,5.617E+3,
1.164E008,5.736E+3,
1.166E008,5.574E+3,
1.168E008,5.666E+3,
1.17E08,5.769E+3,
1.172E008,5.800E+3,
1.174E008,5.826E+3,
1.176E008,5.699E+3,
1.178E008,5.791E+3,
1.18E08,5.724E+3,
1.182E008,5.684E+3,
1.184E008,5.770E+3,
1.186E008,5.646E+3,
1.188E008,5.663E+3,
1.19E08,5.633E+3,
1.192E008,5.820E+3,
1.194E008,5.804E+3,
1.196E008,5.766E+3,
1.198E008,5.734E+3,
1.2E08,5.852E+3,
1.202E008,5.545E+3,
1.204E008,5.724E+3,
1.206E008,5.795E+3,
1.208E008,5.698E+3,
1.21E08,5.697E+3,
1.212E008,5.854E+3,
1.214E008,5.759E+3,
1.216E008,5.766E+3,
1.218E008,5.720E+3,
1.22E08,5.800E+3,
1.222E008,5.642E+3,
1.224E008,5.836E+3,
1.226E008,5.822E+3,
1.228E008,5.873E+3,
1.23E08,5.755E+3,
1.232E008,5.698E+3,
1.234E008,5.691E+3,
1.236E008,5.678E+3,
1.238E008,5.737E+3,
1.24E08,5.600E+3,
1.242E008,5.748E+3,
1.244E008,5.706E+3,
1.246E008,5.707E+3,
1.248E008,5.766E+3,
1.25E08,5.723E+3,
1.252E008,5.685E+3,
1.254E008,5.634E+3,
1.256E008,5.769E+3,
1.258E008,5.762E+3,
1.26E08,5.754E+3,
1.262E008,5.735E+3,
1.264E008,5.722E+3,
1.266E008,5.716E+3,
1.268E008,5.785E+3,
1.27E08,5.747E+3,
1.272E008,5.764E+3,
1.274E008,5.663E+3,
1.276E008,5.702E+3,
1.278E008,5.643E+3,
1.28E08,5.775E+3,
1.282E008,5.766E+3,
1.284E008,5.807E+3,
1.286E008,5.765E+3,
1.288E008,5.640E+3,
1.29E08,5.729E+3,
1.292E008,5.611E+3,
1.294E008,5.758E+3,
1.296E008,5.697E+3,
1.298E008,5.894E+3,
1.3E08,5.594E+3,
1.302E008,5.585E+3,
1.304E008,5.687E+3,
1.306E008,5.918E+3,
1.308E008,5.576E+3,
1.31E08,5.656E+3,
1.312E008,5.733E+3,
1.314E008,5.846E+3,
1.316E008,5.714E+3,
1.318E008,5.734E+3,
1.32E08,5.913E+3,
1.322E008,5.680E+3,
1.324E008,5.768E+3,
1.326E008,5.667E+3,
1.328E008,5.703E+3,
1.33E08,5.748E+3,
1.332E008,5.810E+3,
1.334E008,5.592E+3,
1.336E008,5.703E+3,
1.338E008,5.787E+3,
1.34E08,5.488E+3,
1.342E008,5.677E+3,
1.344E008,5.775E+3,
1.346E008,5.713E+3,
1.348E008,5.811E+3,
1.35E08,5.825E+3,
1.352E008,5.692E+3,
1.354E008,5.757E+3,
1.356E008,5.604E+3,
1.358E008,5.910E+3,
1.36E08,5.734E+3,
1.362E008,5.702E+3,
1.364E008,5.923E+3,
1.366E008,5.571E+3,
1.368E008,5.595E+3,
1.37E08,5.766E+3,
1.372E008,5.817E+3,
1.374E008,5.768E+3,
1.376E008,5.714E+3,
1.378E008,5.696E+3,
1.38E08,5.759E+3,
1.382E008,5.769E+3,
1.384E008,5.718E+3,
1.386E008,5.694E+3,
1.388E008,5.822E+3,
1.39E08,5.766E+3,
1.392E008,5.737E+3,
1.394E008,5.624E+3,
1.396E008,5.669E+3,
1.398E008,5.707E+3,
1.4E08,5.766E+3,
1.402E008,5.697E+3,
1.404E008,5.743E+3,
1.406E008,5.679E+3,
1.408E008,5.768E+3,
1.41E08,5.800E+3,
1.412E008,5.706E+3,
1.414E008,5.786E+3,
1.416E008,5.763E+3,
1.418E008,5.858E+3,
1.42E08,5.595E+3,
1.422E008,5.774E+3,
1.424E008,5.936E+3,
1.426E008,5.681E+3,
1.428E008,5.677E+3,
1.43E08,5.653E+3,
1.432E008,5.716E+3,
1.434E008,5.732E+3,
1.436E008,5.549E+3,
1.438E008,5.716E+3,
1.44E08,5.588E+3,
1.442E008,5.696E+3,
1.444E008,5.657E+3,
1.446E008,5.722E+3,
1.448E008,5.764E+3,
1.45E08,5.745E+3,
1.452E008,5.682E+3,
1.454E008,5.780E+3,
1.456E008,5.683E+3,
1.458E008,5.670E+3,
1.46E08,5.597E+3,
1.462E008,5.725E+3,
1.464E008,5.685E+3,
1.466E008,5.709E+3,
1.468E008,5.823E+3,
1.47E08,5.689E+3,
1.472E008,5.772E+3,
1.474E008,5.673E+3,
1.476E008,5.717E+3,
1.478E008,5.680E+3,
1.48E08,5.775E+3,
1.482E008,5.687E+3,
1.484E008,5.836E+3,
1.486E008,5.830E+3,
1.488E008,5.843E+3,
1.49E08,5.847E+3,
1.492E008,5.739E+3,
1.494E008,5.685E+3,
1.496E008,5.732E+3,
1.498E008,5.795E+3,
1.5E08,5.733E+3,
1.502E008,5.777E+3,
1.504E008,5.779E+3,
1.506E008,5.790E+3,
1.508E008,5.604E+3,
1.51E08,5.821E+3,
1.512E008,5.746E+3,
1.514E008,5.797E+3,
1.516E008,5.627E+3,
1.518E008,5.696E+3,
1.52E08,5.750E+3,
1.522E008,5.718E+3,
1.524E008,5.665E+3,
1.526E008,5.685E+3,
1.528E008,5.595E+3,
1.53E08,5.781E+3,
1.532E008,5.707E+3,
1.534E008,5.713E+3,
1.536E008,5.646E+3,
1.538E008,5.913E+3,
1.54E08,5.710E+3,
1.542E008,5.790E+3,
1.544E008,5.634E+3,
1.546E008,5.604E+3,
1.548E008,5.648E+3,
1.55E08,5.858E+3,
1.552E008,5.769E+3,
1.554E008,5.598E+3,
1.556E008,5.740E+3,
1.558E008,5.652E+3,
1.56E08,5.663E+3,
1.562E008,5.791E+3,
1.564E008,5.683E+3,
1.566E008,5.784E+3,
1.568E008,5.740E+3,
1.57E08,5.678E+3,
1.572E008,5.745E+3,
1.574E008,5.618E+3,
1.576E008,5.743E+3,
1.578E008,5.822E+3,
1.58E08,5.678E+3,
1.582E008,5.781E+3,
1.584E008,5.812E+3,
1.586E008,5.780E+3,
1.588E008,5.653E+3,
1.59E08,5.781E+3,
1.592E008,5.646E+3,
1.594E008,5.731E+3,
1.596E008,5.594E+3,
1.598E008,5.722E+3,
1.6E08,5.835E+3,
1.602E008,5.781E+3,
1.604E008,5.692E+3,
1.606E008,5.825E+3,
1.608E008,5.698E+3,
1.61E08,5.773E+3,
1.612E008,5.488E+3,
1.614E008,5.664E+3,
1.616E008,5.911E+3,
1.618E008,5.701E+3,
1.62E08,5.783E+3,
1.622E008,5.763E+3,
1.624E008,5.778E+3,
1.626E008,5.796E+3,
1.628E008,5.723E+3,
1.63E08,5.691E+3,
1.632E008,5.693E+3,
1.634E008,5.795E+3,
1.636E008,5.794E+3,
1.638E008,5.672E+3,
1.64E08,5.728E+3,
1.642E008,5.716E+3,
1.644E008,5.624E+3,
1.646E008,5.740E+3,
1.648E008,5.724E+3,
1.65E08,5.592E+3,
1.652E008,5.836E+3,
1.654E008,5.744E+3,
1.656E008,5.670E+3,
1.658E008,5.777E+3,
1.66E08,5.711E+3,
1.662E008,5.637E+3,
1.664E008,5.819E+3,
1.666E008,5.678E+3,
1.668E008,5.589E+3,
1.67E08,5.706E+3,
1.672E008,5.725E+3,
1.674E008,5.683E+3,
1.676E008,5.701E+3,
1.678E008,5.735E+3,
1.68E08,5.665E+3,
1.682E008,5.654E+3,
1.684E008,5.772E+3,
1.686E008,5.659E+3,
1.688E008,5.710E+3,
1.69E08,5.723E+3,
1.692E008,5.879E+3,
1.694E008,5.807E+3,
1.696E008,5.624E+3,
1.698E008,5.745E+3,
1.7E08,5.666E+3,
1.702E008,5.806E+3,
1.704E008,5.818E+3,
1.706E008,5.726E+3,
1.708E008,5.938E+3,
1.71E08,5.864E+3,
1.712E008,5.803E+3,
1.714E008,5.673E+3,
1.716E008,5.752E+3,
1.718E008,5.768E+3,
1.72E08,5.716E+3,
1.722E008,5.739E+3,
1.724E008,5.804E+3,
1.726E008,5.697E+3,
1.728E008,5.696E+3,
1.73E08,5.758E+3,
1.732E008,5.724E+3,
1.734E008,5.809E+3,
1.736E008,5.730E+3,
1.738E008,5.742E+3,
1.74E08,5.700E+3,
1.742E008,5.761E+3,
1.744E008,5.715E+3,
1.746E008,5.683E+3,
1.748E008,5.763E+3,
1.75E08,5.817E+3,
1.752E008,5.737E+3,
1.754E008,5.703E+3,
1.756E008,5.658E+3,
1.758E008,5.731E+3,
1.76E08,5.752E+3,
1.762E008,5.628E+3,
1.764E008,5.685E+3,
1.766E008,5.687E+3,
1.768E008,5.772E+3,
1.77E08,5.592E+3,
1.772E008,5.732E+3,
1.774E008,5.527E+3,
1.776E008,5.633E+3,
1.778E008,5.590E+3,
1.78E08,5.634E+3,
1.782E008,5.871E+3,
1.784E008,5.669E+3,
1.786E008,5.699E+3,
1.788E008,5.715E+3,
1.79E08,5.640E+3,
1.792E008,5.790E+3,
1.794E008,5.591E+3,
1.796E008,5.857E+3,
1.798E008,5.913E+3,
1.8E08,5.711E+3,
1.802E008,5.731E+3,
1.804E008,5.802E+3,
1.806E008,5.900E+3,
1.808E008,5.768E+3,
1.81E08,5.618E+3,
1.812E008,5.718E+3,
1.814E008,5.758E+3,
1.816E008,5.714E+3,
1.818E008,5.707E+3,
1.82E08,5.882E+3,
1.822E008,5.697E+3,
1.824E008,5.685E+3,
1.826E008,5.765E+3,
1.828E008,5.714E+3,
1.83E08,5.749E+3,
1.832E008,5.645E+3,
1.834E008,5.669E+3,
1.836E008,5.564E+3,
1.838E008,5.911E+3,
1.84E08,5.823E+3,
1.842E008,5.847E+3,
1.844E008,5.724E+3,
1.846E008,5.685E+3,
1.848E008,5.481E+3,
1.85E08,5.754E+3,
1.852E008,5.849E+3,
1.854E008,5.740E+3,
1.856E008,5.633E+3,
1.858E008,5.774E+3,
1.86E08,5.740E+3,
1.862E008,5.713E+3,
1.864E008,5.766E+3,
1.866E008,5.713E+3,
1.868E008,5.752E+3,
1.87E08,5.767E+3,
1.872E008,5.723E+3,
1.874E008,5.825E+3,
1.876E008,5.621E+3,
1.878E008,5.673E+3,
1.88E08,5.780E+3,
1.882E008,5.631E+3,
1.884E008,5.912E+3,
1.886E008,5.802E+3,
1.888E008,5.710E+3,
1.89E08,5.790E+3,
1.892E008,5.675E+3,
1.894E008,5.666E+3,
1.896E008,5.744E+3,
1.898E008,5.721E+3,
1.9E08,5.878E+3,
1.902E008,5.910E+3,
1.904E008,5.746E+3,
1.906E008,5.829E+3,
1.908E008,5.779E+3,
1.91E08,5.783E+3,
1.912E008,5.678E+3,
1.914E008,5.600E+3,
1.916E008,5.775E+3,
1.918E008,5.712E+3,
1.92E08,5.727E+3,
1.922E008,5.837E+3,
1.924E008,5.814E+3,
1.926E008,5.822E+3,
1.928E008,5.701E+3,
1.93E08,5.735E+3,
1.932E008,5.672E+3,
1.934E008,5.770E+3,
1.936E008,5.766E+3,
1.938E008,5.679E+3,
1.94E08,5.558E+3,
1.942E008,5.839E+3,
1.944E008,5.802E+3,
1.946E008,5.760E+3,
1.948E008,5.685E+3,
1.95E08,5.867E+3,
1.952E008,5.738E+3,
1.954E008,5.885E+3,
1.956E008,5.793E+3,
1.958E008,5.636E+3,
1.96E08,5.774E+3,
1.962E008,5.686E+3,
1.964E008,5.698E+3,
1.966E008,5.668E+3,
1.968E008,5.658E+3,
1.97E08,5.617E+3,
1.972E008,5.652E+3,
1.974E008,5.715E+3,
1.976E008,5.653E+3,
1.978E008,5.792E+3,
1.98E08,5.649E+3,
1.982E008,5.684E+3,
1.984E008,5.660E+3,
1.986E008,5.722E+3,
1.988E008,5.703E+3,
1.99E08,5.577E+3,
1.992E008,5.636E+3,
1.994E008,5.833E+3,
1.996E008,5.641E+3,
1.998E008,5.664E+3,
