Labels,100us_150k,
Type,Time Scan,
Comment,,
Start,0.00,
Stop,1.998E008,
Step,2E05,
Fixed/Offset, ,
XAxis,Time,
YAxis,Counts,

0.00,1.373E+4,
2E05,2.416E+4,
4E05,2.346E+4,
6E05,2.283E+4,
800000.060000,2.240E+4,
1E06,2.200E+4,
1.2E06,2.156E+4,
1.4E06,2.127E+4,
1.6E06,2.124E+4,
1.8E06,2.064E+4,
2E06,2.066E+4,
2.2E06,2.011E+4,
2.4E06,1.979E+4,
2.6E06,1.948E+4,
2.8E06,1.941E+4,
3E06,1.908E+4,
3.2E06,1.905E+4,
3.4E06,1.840E+4,
3.6E06,1.837E+4,
3.8E06,1.819E+4,
4E06,1.788E+4,
4.2E06,1.770E+4,
4.4E06,1.770E+4,
4.6E06,1.729E+4,
4.8E06,1.714E+4,
5E06,1.691E+4,
5.2E06,1.643E+4,
5.4E06,1.666E+4,
5.6E06,1.645E+4,
5.8E06,1.596E+4,
6E06,1.627E+4,
6.2E06,1.558E+4,
6400000.500000,1.532E+4,
6600000.500000,1.538E+4,
6800000.500000,1.521E+4,
7000000.500000,1.503E+4,
7200000.600000,1.500E+4,
7400000.600000,1.476E+4,
7600000.600000,1.442E+4,
7800000.600000,1.460E+4,
8000000.600000,1.445E+4,
8200000.600000,1.421E+4,
8400000.700000,1.410E+4,
8600000.700000,1.378E+4,
8800000.700000,1.392E+4,
9000000.700000,1.372E+4,
9200000.700000,1.340E+4,
9400000.700000,1.331E+4,
9600000.800000,1.323E+4,
9800000.800000,1.323E+4,
1E07,1.305E+4,
1.02E07,1.305E+4,
1.04E07,1.280E+4,
1.06E07,1.259E+4,
1.08E07,1.257E+4,
1.1E07,1.245E+4,
1.12E07,1.223E+4,
1.14E07,1.246E+4,
1.16E07,1.212E+4,
1.18E07,1.210E+4,
1.2E07,1.204E+4,
1.22E07,1.195E+4,
1.24E07,1.198E+4,
1.26E07,1.159E+4,
1.28E07,1.165E+4,
1.3E07,1.142E+4,
1.32E07,1.134E+4,
1.34E07,1.136E+4,
1.36E07,1.115E+4,
1.38E07,1.119E+4,
1.4E07,1.099E+4,
1.42E07,1.087E+4,
1.44E07,1.083E+4,
1.46E07,1.097E+4,
1.48E07,1.085E+4,
1.5E07,1.055E+4,
1.52E07,1.055E+4,
1.54E07,1.037E+4,
1.56E07,1.055E+4,
1.58E07,1.018E+4,
1.6E07,1.029E+4,
1.62E07,1.023E+4,
1.64E07,1.012E+4,
1.66E07,1.005E+4,
1.68E07,9.893E+3,
1.7E07,9.935E+3,
1.72E07,9.714E+3,
1.74E07,9.750E+3,
1.76E07,9.547E+3,
1.78E07,9.951E+3,
1.8E07,9.649E+3,
1.82E07,9.581E+3,
1.84E07,9.463E+3,
1.86E07,9.290E+3,
1.88E07,9.344E+3,
1.9E07,9.562E+3,
1.92E07,9.152E+3,
1.94E07,9.255E+3,
1.96E07,8.995E+3,
1.98E07,9.241E+3,
2E07,9.202E+3,
2.02E07,9.132E+3,
2.04E07,8.736E+3,
2.06E07,9.014E+3,
2.08E07,8.851E+3,
2.1E07,8.793E+3,
2.12E07,8.832E+3,
2.14E07,8.706E+3,
2.16E07,8.790E+3,
2.18E07,8.568E+3,
2.2E07,8.635E+3,
2.22E07,8.419E+3,
2.24E07,8.587E+3,
2.26E07,8.508E+3,
2.28E07,8.625E+3,
2.3E07,8.097E+3,
2.32E07,8.504E+3,
2.34E07,8.370E+3,
2.36E07,8.115E+3,
2.38E07,8.205E+3,
2.4E07,8.131E+3,
2.42E07,8.176E+3,
2.44E07,7.992E+3,
2.46E07,8.098E+3,
2.48E07,8.194E+3,
2.5E07,8.157E+3,
2.52E07,8.017E+3,
2.54E07,7.992E+3,
2.56E07,7.896E+3,
2.58E07,7.804E+3,
2.6E07,7.902E+3,
2.62E07,7.960E+3,
2.64E07,7.901E+3,
2.66E07,7.936E+3,
2.68E07,7.706E+3,
2.7E07,7.830E+3,
2.72E07,7.731E+3,
2.74E07,7.590E+3,
2.76E07,7.666E+3,
2.78E07,7.725E+3,
2.8E07,7.552E+3,
2.82E07,7.560E+3,
2.84E07,7.584E+3,
2.86E07,7.489E+3,
2.88E07,7.689E+3,
2.9E07,7.543E+3,
2.92E07,7.458E+3,
2.94E07,7.581E+3,
2.96E07,7.301E+3,
2.98E07,7.355E+3,
3E07,7.422E+3,
3.02E07,7.449E+3,
3.04E07,7.226E+3,
3.06E07,7.502E+3,
3.08E07,7.139E+3,
3.1E07,7.196E+3,
3.12E07,7.269E+3,
3.14E07,7.088E+3,
3.16E07,7.257E+3,
3.18E07,7.343E+3,
3.2E07,7.116E+3,
3.22E07,7.146E+3,
3.24E07,7.043E+3,
3.26E07,7.192E+3,
3.28E07,6.979E+3,
3.3E07,7.174E+3,
3.32E07,6.968E+3,
3.34E07,7.009E+3,
3.36E07,7.111E+3,
3.38E07,7.075E+3,
3.4E07,7.045E+3,
3.42E07,7.023E+3,
3.44E07,6.820E+3,
3.46E07,7.019E+3,
3.48E07,6.899E+3,
3.5E07,6.862E+3,
3.52E07,6.776E+3,
3.54E07,6.904E+3,
3.56E07,7.062E+3,
3.58E07,7.278E+3,
3.6E07,6.933E+3,
3.62E07,6.764E+3,
3.64E07,6.947E+3,
3.66E07,6.725E+3,
3.68E07,6.757E+3,
3.7E07,6.758E+3,
3.72E07,6.749E+3,
3.74E07,6.674E+3,
3.76E07,6.754E+3,
3.78E07,6.667E+3,
3.8E07,6.696E+3,
3.82E07,6.614E+3,
3.84E07,6.750E+3,
3.86E07,6.747E+3,
3.88E07,6.800E+3,
3.9E07,6.784E+3,
3.92E07,6.739E+3,
3.94E07,6.767E+3,
3.96E07,6.712E+3,
3.98E07,6.577E+3,
4E07,6.843E+3,
4.02E07,6.392E+3,
4.04E07,6.505E+3,
4.06E07,6.529E+3,
4.08E07,6.683E+3,
4.1E07,6.437E+3,
4.12E07,6.534E+3,
4.14E07,6.539E+3,
4.16E07,6.623E+3,
4.18E07,6.530E+3,
4.2E07,6.532E+3,
4.22E07,6.450E+3,
4.24E07,6.528E+3,
4.26E07,6.464E+3,
4.28E07,6.584E+3,
4.3E07,6.550E+3,
4.32E07,6.400E+3,
4.34E07,6.287E+3,
4.36E07,6.552E+3,
4.38E07,6.469E+3,
4.4E07,6.288E+3,
4.42E07,6.378E+3,
4.44E07,6.497E+3,
4.46E07,6.508E+3,
4.48E07,6.419E+3,
4.5E07,6.294E+3,
4.52E07,6.433E+3,
4.54E07,6.395E+3,
4.56E07,6.368E+3,
4.58E07,6.320E+3,
4.6E07,6.291E+3,
4.62E07,6.308E+3,
4.64E07,6.411E+3,
4.66E07,6.400E+3,
4.68E07,6.427E+3,
4.7E07,6.359E+3,
4.72E07,6.324E+3,
4.74E07,6.221E+3,
4.76E07,6.407E+3,
4.78E07,6.360E+3,
4.8E07,6.443E+3,
4.82E07,6.416E+3,
4.84E07,6.461E+3,
4.86E07,6.338E+3,
4.88E07,6.158E+3,
4.9E07,6.332E+3,
4.92E07,6.279E+3,
4.94E07,6.296E+3,
4.96E07,6.297E+3,
4.98E07,6.233E+3,
5E07,6.401E+3,
5.02E07,6.381E+3,
5.04E07,6.224E+3,
5.06E07,6.240E+3,
5.08E07,6.314E+3,
5.1E07,6.191E+3,
5.12E07,6.378E+3,
5.14E07,6.470E+3,
5.16E07,6.142E+3,
5.18E07,6.234E+3,
5.2E07,6.185E+3,
5.22E07,6.231E+3,
5.24E07,6.243E+3,
5.26E07,6.226E+3,
5.28E07,6.201E+3,
5.3E07,6.318E+3,
5.32E07,6.181E+3,
5.34E07,6.307E+3,
5.36E07,6.080E+3,
5.38E07,6.260E+3,
5.4E07,6.355E+3,
5.42E07,6.282E+3,
5.44E07,6.221E+3,
5.46E07,6.237E+3,
5.48E07,6.161E+3,
5.5E07,6.195E+3,
5.52E07,6.079E+3,
5.54E07,6.050E+3,
5.56E07,6.210E+3,
5.58E07,6.317E+3,
5.6E07,6.143E+3,
5.62E07,6.043E+3,
5.64E07,6.353E+3,
5.66E07,6.022E+3,
5.68E07,6.211E+3,
5.7E07,5.992E+3,
5.72E07,6.067E+3,
5.74E07,6.047E+3,
5.76E07,6.086E+3,
5.78E07,6.199E+3,
5.8E07,6.006E+3,
5.82E07,6.218E+3,
5.84E07,6.353E+3,
5.86E07,6.141E+3,
5.88E07,6.173E+3,
5.9E07,6.211E+3,
5.92E07,6.056E+3,
5.94E07,6.048E+3,
5.96E07,6.171E+3,
5.98E07,6.274E+3,
6E07,6.219E+3,
6.02E07,6.202E+3,
6.04E07,6.116E+3,
6.06E07,6.212E+3,
6.08E07,6.068E+3,
6.1E07,5.995E+3,
6.12E07,6.198E+3,
6.14E07,6.264E+3,
6.16E07,6.155E+3,
6.18E07,6.220E+3,
6.2E07,6.139E+3,
6.22E07,6.020E+3,
6.24E07,6.025E+3,
6.26E07,6.124E+3,
6.28E07,6.015E+3,
6.3E07,5.983E+3,
6.32E07,6.202E+3,
6.34E07,6.058E+3,
6.36E07,6.036E+3,
6.38E07,6.243E+3,
64000005.000000,6.082E+3,
64200005.000000,6.029E+3,
64400005.000000,6.072E+3,
64600005.000000,5.966E+3,
64800005.000000,6.114E+3,
65000005.000000,6.020E+3,
65200005.000000,6.031E+3,
65400005.000000,6.241E+3,
65600005.000000,6.034E+3,
65800005.000000,6.172E+3,
66000005.000000,6.172E+3,
66200005.000000,6.201E+3,
66400005.000000,6.189E+3,
66600005.000000,6.068E+3,
66800005.000000,5.938E+3,
67000005.000000,6.101E+3,
67200005.000000,5.953E+3,
67400005.000000,6.229E+3,
67600005.000000,6.093E+3,
67800005.000000,6.199E+3,
68000005.000000,6.067E+3,
68200005.000000,6.106E+3,
68400005.000000,6.070E+3,
68600005.000000,5.902E+3,
68800005.000000,5.965E+3,
69000005.000000,6.004E+3,
69200005.000000,6.164E+3,
69400005.000000,5.911E+3,
69600005.000000,5.922E+3,
69800005.000000,6.165E+3,
70000005.000000,5.952E+3,
70200005.000000,6.048E+3,
70400006.000000,6.178E+3,
70600006.000000,5.924E+3,
70800006.000000,6.098E+3,
71000006.000000,5.990E+3,
71200006.000000,6.246E+3,
71400006.000000,5.970E+3,
71600006.000000,6.105E+3,
71800006.000000,6.164E+3,
72000006.000000,6.220E+3,
72200006.000000,6.079E+3,
72400006.000000,5.935E+3,
72600006.000000,6.111E+3,
72800006.000000,6.029E+3,
73000006.000000,6.059E+3,
73200006.000000,6.038E+3,
73400006.000000,6.182E+3,
73600006.000000,5.997E+3,
73800006.000000,6.028E+3,
74000006.000000,6.055E+3,
74200006.000000,6.061E+3,
74400006.000000,6.046E+3,
74600006.000000,6.071E+3,
74800006.000000,6.148E+3,
75000006.000000,6.105E+3,
75200006.000000,5.994E+3,
75400006.000000,6.084E+3,
75600006.000000,5.966E+3,
75800006.000000,6.201E+3,
76000006.000000,6.059E+3,
76200006.000000,6.135E+3,
76400006.000000,6.043E+3,
76600006.000000,6.143E+3,
76800006.000000,5.865E+3,
77000006.000000,5.975E+3,
77200006.000000,6.168E+3,
77400006.000000,6.093E+3,
77600006.000000,6.060E+3,
77800006.000000,6.064E+3,
78000006.000000,6.013E+3,
78200006.000000,6.186E+3,
78400006.000000,6.075E+3,
78600006.000000,6.135E+3,
78800006.000000,6.062E+3,
79000006.000000,6.045E+3,
79200006.000000,6.063E+3,
79400006.000000,6.074E+3,
79600006.000000,6.018E+3,
79800006.000000,6.105E+3,
80000006.000000,5.972E+3,
80200006.000000,6.039E+3,
80400006.000000,5.990E+3,
80600006.000000,5.995E+3,
80800006.000000,6.015E+3,
81000006.000000,5.997E+3,
81200006.000000,5.814E+3,
81400006.000000,6.150E+3,
81600006.000000,5.925E+3,
81800006.000000,6.082E+3,
82000006.000000,6.139E+3,
82200006.000000,6.108E+3,
82400006.000000,5.982E+3,
82600006.000000,5.944E+3,
82800006.000000,5.964E+3,
83000006.000000,6.153E+3,
83200007.000000,6.122E+3,
83400007.000000,6.018E+3,
83600007.000000,5.945E+3,
83800007.000000,5.961E+3,
84000007.000000,5.977E+3,
84200007.000000,6.090E+3,
84400007.000000,6.046E+3,
84600007.000000,6.024E+3,
84800007.000000,6.129E+3,
85000007.000000,6.000E+3,
85200007.000000,6.057E+3,
85400007.000000,5.993E+3,
85600007.000000,6.081E+3,
85800007.000000,6.029E+3,
86000007.000000,5.962E+3,
86200007.000000,6.118E+3,
86400007.000000,5.980E+3,
86600007.000000,5.963E+3,
86800007.000000,6.121E+3,
87000007.000000,5.980E+3,
87200007.000000,6.078E+3,
87400007.000000,5.907E+3,
87600007.000000,6.122E+3,
87800007.000000,6.141E+3,
88000007.000000,6.126E+3,
88200007.000000,5.887E+3,
88400007.000000,6.233E+3,
88600007.000000,5.945E+3,
88800007.000000,6.075E+3,
89000007.000000,6.019E+3,
89200007.000000,5.931E+3,
89400007.000000,5.952E+3,
89600007.000000,5.983E+3,
89800007.000000,6.022E+3,
90000007.000000,6.082E+3,
90200007.000000,6.194E+3,
90400007.000000,6.154E+3,
90600007.000000,6.034E+3,
90800007.000000,5.982E+3,
91000007.000000,6.122E+3,
91200007.000000,6.111E+3,
91400007.000000,6.147E+3,
91600007.000000,5.977E+3,
91800007.000000,6.086E+3,
92000007.000000,6.105E+3,
92200007.000000,5.900E+3,
92400007.000000,5.932E+3,
92600007.000000,6.085E+3,
92800007.000000,6.004E+3,
93000007.000000,6.049E+3,
93200007.000000,6.168E+3,
93400007.000000,5.916E+3,
93600007.000000,6.079E+3,
93800007.000000,5.875E+3,
94000007.000000,5.887E+3,
94200007.000000,6.114E+3,
94400007.000000,5.810E+3,
94600007.000000,5.838E+3,
94800007.000000,5.967E+3,
95000007.000000,5.902E+3,
95200007.000000,6.002E+3,
95400007.000000,6.172E+3,
95600007.000000,6.009E+3,
95800007.000000,6.088E+3,
96000008.000000,5.916E+3,
96200008.000000,6.026E+3,
96400008.000000,6.086E+3,
96600008.000000,6.120E+3,
96800008.000000,5.952E+3,
97000008.000000,6.114E+3,
97200008.000000,6.143E+3,
97400008.000000,6.081E+3,
97600008.000000,5.978E+3,
97800008.000000,5.933E+3,
98000008.000000,5.947E+3,
98200008.000000,6.020E+3,
98400008.000000,5.893E+3,
98600008.000000,6.000E+3,
98800008.000000,6.215E+3,
99000008.000000,5.985E+3,
99200008.000000,6.005E+3,
99400008.000000,6.075E+3,
99600008.000000,6.020E+3,
99800008.000000,5.912E+3,
1E08,6.002E+3,
1.002E008,5.986E+3,
1.004E008,6.097E+3,
1.006E008,5.866E+3,
1.008E008,6.022E+3,
1.01E08,5.940E+3,
1.012E008,6.232E+3,
1.014E008,5.864E+3,
1.016E008,6.129E+3,
1.018E008,6.030E+3,
1.02E08,5.979E+3,
1.022E008,6.247E+3,
1.024E008,5.993E+3,
1.026E008,6.101E+3,
1.028E008,5.960E+3,
1.03E08,5.904E+3,
1.032E008,5.938E+3,
1.034E008,6.093E+3,
1.036E008,6.001E+3,
1.038E008,5.945E+3,
1.04E08,5.927E+3,
1.042E008,6.102E+3,
1.044E008,6.118E+3,
1.046E008,6.073E+3,
1.048E008,6.017E+3,
1.05E08,6.075E+3,
1.052E008,5.963E+3,
1.054E008,6.172E+3,
1.056E008,5.983E+3,
1.058E008,6.155E+3,
1.06E08,6.027E+3,
1.062E008,6.037E+3,
1.064E008,6.055E+3,
1.066E008,6.015E+3,
1.068E008,6.043E+3,
1.07E08,5.986E+3,
1.072E008,6.163E+3,
1.074E008,5.977E+3,
1.076E008,6.131E+3,
1.078E008,6.057E+3,
1.08E08,6.072E+3,
1.082E008,6.032E+3,
1.084E008,6.029E+3,
1.086E008,6.066E+3,
1.088E008,6.023E+3,
1.09E08,6.016E+3,
1.092E008,5.817E+3,
1.094E008,5.939E+3,
1.096E008,6.079E+3,
1.098E008,6.072E+3,
1.1E08,6.156E+3,
1.102E008,6.135E+3,
1.104E008,6.071E+3,
1.106E008,5.865E+3,
1.108E008,6.013E+3,
1.11E08,5.952E+3,
1.112E008,6.179E+3,
1.114E008,5.952E+3,
1.116E008,5.985E+3,
1.118E008,6.023E+3,
1.12E08,6.115E+3,
1.122E008,6.044E+3,
1.124E008,6.109E+3,
1.126E008,6.147E+3,
1.128E008,6.074E+3,
1.13E08,5.923E+3,
1.132E008,6.043E+3,
1.134E008,5.980E+3,
1.136E008,5.931E+3,
1.138E008,6.024E+3,
1.14E08,5.962E+3,
1.142E008,6.208E+3,
1.144E008,5.900E+3,
1.146E008,5.970E+3,
1.148E008,6.080E+3,
1.15E08,5.989E+3,
1.152E008,6.044E+3,
1.154E008,5.948E+3,
1.156E008,6.076E+3,
1.158E008,6.027E+3,
1.16E08,6.035E+3,
1.162E008,6.083E+3,
1.164E008,5.989E+3,
1.166E008,6.200E+3,
1.168E008,6.012E+3,
1.17E08,6.002E+3,
1.172E008,6.067E+3,
1.174E008,5.961E+3,
1.176E008,6.047E+3,
1.178E008,5.903E+3,
1.18E08,5.913E+3,
1.182E008,6.110E+3,
1.184E008,6.016E+3,
1.186E008,6.044E+3,
1.188E008,6.135E+3,
1.19E08,6.066E+3,
1.192E008,6.040E+3,
1.194E008,6.024E+3,
1.196E008,6.104E+3,
1.198E008,6.005E+3,
1.2E08,6.082E+3,
1.202E008,6.004E+3,
1.204E008,6.028E+3,
1.206E008,5.975E+3,
1.208E008,5.872E+3,
1.21E08,6.011E+3,
1.212E008,6.035E+3,
1.214E008,5.855E+3,
1.216E008,5.858E+3,
1.218E008,5.947E+3,
1.22E08,6.084E+3,
1.222E008,5.998E+3,
1.224E008,5.945E+3,
1.226E008,5.988E+3,
1.228E008,5.823E+3,
1.23E08,5.942E+3,
1.232E008,5.979E+3,
1.234E008,5.953E+3,
1.236E008,6.019E+3,
1.238E008,5.962E+3,
1.24E08,6.103E+3,
1.242E008,6.060E+3,
1.244E008,6.017E+3,
1.246E008,5.899E+3,
1.248E008,6.114E+3,
1.25E08,5.990E+3,
1.252E008,5.993E+3,
1.254E008,6.142E+3,
1.256E008,6.111E+3,
1.258E008,5.937E+3,
1.26E08,5.831E+3,
1.262E008,5.967E+3,
1.264E008,5.788E+3,
1.266E008,6.049E+3,
1.268E008,6.006E+3,
1.27E08,6.070E+3,
1.272E008,5.958E+3,
1.274E008,6.000E+3,
1.276E008,6.081E+3,
1.278E008,6.081E+3,
1.28E08,5.942E+3,
1.282E008,6.038E+3,
1.284E008,5.881E+3,
1.286E008,6.093E+3,
1.288E008,5.890E+3,
1.29E08,6.044E+3,
1.292E008,5.868E+3,
1.294E008,6.065E+3,
1.296E008,5.956E+3,
1.298E008,6.087E+3,
1.3E08,5.951E+3,
1.302E008,6.145E+3,
1.304E008,6.075E+3,
1.306E008,5.949E+3,
1.308E008,5.984E+3,
1.31E08,6.076E+3,
1.312E008,5.997E+3,
1.314E008,6.009E+3,
1.316E008,6.084E+3,
1.318E008,5.887E+3,
1.32E08,6.043E+3,
1.322E008,6.077E+3,
1.324E008,6.063E+3,
1.326E008,5.914E+3,
1.328E008,6.083E+3,
1.33E08,5.871E+3,
1.332E008,5.893E+3,
1.334E008,5.999E+3,
1.336E008,5.958E+3,
1.338E008,5.952E+3,
1.34E08,5.890E+3,
1.342E008,5.916E+3,
1.344E008,6.053E+3,
1.346E008,5.885E+3,
1.348E008,6.074E+3,
1.35E08,5.972E+3,
1.352E008,5.925E+3,
1.354E008,6.067E+3,
1.356E008,5.876E+3,
1.358E008,6.015E+3,
1.36E08,6.308E+3,
1.362E008,6.132E+3,
1.364E008,5.901E+3,
1.366E008,5.853E+3,
1.368E008,5.980E+3,
1.37E08,6.137E+3,
1.372E008,6.031E+3,
1.374E008,6.062E+3,
1.376E008,5.851E+3,
1.378E008,5.914E+3,
1.38E08,5.846E+3,
1.382E008,6.065E+3,
1.384E008,5.919E+3,
1.386E008,6.044E+3,
1.388E008,6.014E+3,
1.39E08,5.852E+3,
1.392E008,5.805E+3,
1.394E008,5.945E+3,
1.396E008,5.949E+3,
1.398E008,5.883E+3,
1.4E08,6.074E+3,
1.402E008,6.206E+3,
1.404E008,5.990E+3,
1.406E008,6.030E+3,
1.408E008,6.012E+3,
1.41E08,5.951E+3,
1.412E008,5.988E+3,
1.414E008,6.172E+3,
1.416E008,5.899E+3,
1.418E008,5.995E+3,
1.42E08,6.000E+3,
1.422E008,6.039E+3,
1.424E008,6.225E+3,
1.426E008,5.984E+3,
1.428E008,6.081E+3,
1.43E08,6.034E+3,
1.432E008,5.893E+3,
1.434E008,6.120E+3,
1.436E008,6.067E+3,
1.438E008,6.055E+3,
1.44E08,6.013E+3,
1.442E008,6.091E+3,
1.444E008,6.100E+3,
1.446E008,5.953E+3,
1.448E008,5.995E+3,
1.45E08,5.930E+3,
1.452E008,6.050E+3,
1.454E008,5.938E+3,
1.456E008,6.104E+3,
1.458E008,5.954E+3,
1.46E08,6.155E+3,
1.462E008,6.082E+3,
1.464E008,5.880E+3,
1.466E008,6.047E+3,
1.468E008,5.955E+3,
1.47E08,5.853E+3,
1.472E008,5.986E+3,
1.474E008,6.154E+3,
1.476E008,5.846E+3,
1.478E008,6.020E+3,
1.48E08,5.985E+3,
1.482E008,5.957E+3,
1.484E008,6.180E+3,
1.486E008,6.099E+3,
1.488E008,6.121E+3,
1.49E08,5.925E+3,
1.492E008,6.065E+3,
1.494E008,5.998E+3,
1.496E008,5.912E+3,
1.498E008,5.962E+3,
1.5E08,5.997E+3,
1.502E008,6.149E+3,
1.504E008,5.937E+3,
1.506E008,6.036E+3,
1.508E008,5.954E+3,
1.51E08,5.906E+3,
1.512E008,5.902E+3,
1.514E008,6.064E+3,
1.516E008,5.838E+3,
1.518E008,6.081E+3,
1.52E08,5.974E+3,
1.522E008,6.084E+3,
1.524E008,5.939E+3,
1.526E008,6.116E+3,
1.528E008,6.214E+3,
1.53E08,5.977E+3,
1.532E008,6.001E+3,
1.534E008,5.931E+3,
1.536E008,6.152E+3,
1.538E008,5.892E+3,
1.54E08,6.087E+3,
1.542E008,5.860E+3,
1.544E008,6.154E+3,
1.546E008,6.132E+3,
1.548E008,6.046E+3,
1.55E08,5.949E+3,
1.552E008,6.130E+3,
1.554E008,5.903E+3,
1.556E008,5.948E+3,
1.558E008,6.027E+3,
1.56E08,5.964E+3,
1.562E008,5.907E+3,
1.564E008,5.924E+3,
1.566E008,6.078E+3,
1.568E008,5.818E+3,
1.57E08,6.049E+3,
1.572E008,5.961E+3,
1.574E008,5.959E+3,
1.576E008,5.917E+3,
1.578E008,6.057E+3,
1.58E08,6.068E+3,
1.582E008,5.953E+3,
1.584E008,6.078E+3,
1.586E008,6.017E+3,
1.588E008,5.870E+3,
1.59E08,6.083E+3,
1.592E008,5.880E+3,
1.594E008,6.001E+3,
1.596E008,6.123E+3,
1.598E008,6.019E+3,
1.6E08,5.856E+3,
1.602E008,6.090E+3,
1.604E008,5.935E+3,
1.606E008,6.079E+3,
1.608E008,5.939E+3,
1.61E08,5.776E+3,
1.612E008,5.893E+3,
1.614E008,5.990E+3,
1.616E008,5.918E+3,
1.618E008,5.870E+3,
1.62E08,6.036E+3,
1.622E008,6.145E+3,
1.624E008,6.026E+3,
1.626E008,5.872E+3,
1.628E008,6.043E+3,
1.63E08,6.198E+3,
1.632E008,6.045E+3,
1.634E008,5.885E+3,
1.636E008,6.161E+3,
1.638E008,5.902E+3,
1.64E08,5.959E+3,
1.642E008,5.968E+3,
1.644E008,6.032E+3,
1.646E008,5.953E+3,
1.648E008,5.989E+3,
1.65E08,5.916E+3,
1.652E008,5.946E+3,
1.654E008,5.924E+3,
1.656E008,6.047E+3,
1.658E008,6.015E+3,
1.66E08,6.121E+3,
1.662E008,5.840E+3,
1.664E008,6.072E+3,
1.666E008,5.993E+3,
1.668E008,5.972E+3,
1.67E08,5.833E+3,
1.672E008,6.048E+3,
1.674E008,6.075E+3,
1.676E008,5.886E+3,
1.678E008,5.925E+3,
1.68E08,6.009E+3,
1.682E008,5.854E+3,
1.684E008,6.037E+3,
1.686E008,5.940E+3,
1.688E008,5.908E+3,
1.69E08,6.012E+3,
1.692E008,6.027E+3,
1.694E008,5.981E+3,
1.696E008,6.146E+3,
1.698E008,5.932E+3,
1.7E08,6.052E+3,
1.702E008,6.027E+3,
1.704E008,5.977E+3,
1.706E008,6.087E+3,
1.708E008,5.925E+3,
1.71E08,6.101E+3,
1.712E008,6.117E+3,
1.714E008,5.976E+3,
1.716E008,6.090E+3,
1.718E008,5.983E+3,
1.72E08,6.150E+3,
1.722E008,5.964E+3,
1.724E008,6.184E+3,
1.726E008,5.968E+3,
1.728E008,6.025E+3,
1.73E08,6.023E+3,
1.732E008,5.919E+3,
1.734E008,5.958E+3,
1.736E008,6.158E+3,
1.738E008,6.005E+3,
1.74E08,6.073E+3,
1.742E008,6.015E+3,
1.744E008,5.899E+3,
1.746E008,6.050E+3,
1.748E008,6.127E+3,
1.75E08,6.154E+3,
1.752E008,6.110E+3,
1.754E008,6.085E+3,
1.756E008,5.940E+3,
1.758E008,5.792E+3,
1.76E08,5.945E+3,
1.762E008,5.904E+3,
1.764E008,6.027E+3,
1.766E008,5.941E+3,
1.768E008,6.043E+3,
1.77E08,5.927E+3,
1.772E008,5.955E+3,
1.774E008,5.976E+3,
1.776E008,5.908E+3,
1.778E008,5.888E+3,
1.78E08,6.130E+3,
1.782E008,5.948E+3,
1.784E008,6.029E+3,
1.786E008,5.925E+3,
1.788E008,5.877E+3,
1.79E08,5.901E+3,
1.792E008,6.046E+3,
1.794E008,5.984E+3,
1.796E008,5.833E+3,
1.798E008,5.909E+3,
1.8E08,6.065E+3,
1.802E008,5.954E+3,
1.804E008,6.115E+3,
1.806E008,6.038E+3,
1.808E008,6.012E+3,
1.81E08,5.976E+3,
1.812E008,6.038E+3,
1.814E008,6.230E+3,
1.816E008,6.052E+3,
1.818E008,6.024E+3,
1.82E08,6.113E+3,
1.822E008,5.894E+3,
1.824E008,5.968E+3,
1.826E008,6.113E+3,
1.828E008,6.122E+3,
1.83E08,5.966E+3,
1.832E008,5.975E+3,
1.834E008,5.991E+3,
1.836E008,5.985E+3,
1.838E008,6.077E+3,
1.84E08,5.965E+3,
1.842E008,5.931E+3,
1.844E008,5.946E+3,
1.846E008,5.972E+3,
1.848E008,6.102E+3,
1.85E08,5.934E+3,
1.852E008,6.085E+3,
1.854E008,5.948E+3,
1.856E008,6.050E+3,
1.858E008,6.092E+3,
1.86E08,6.128E+3,
1.862E008,5.992E+3,
1.864E008,5.935E+3,
1.866E008,5.925E+3,
1.868E008,6.142E+3,
1.87E08,6.113E+3,
1.872E008,6.028E+3,
1.874E008,5.968E+3,
1.876E008,5.992E+3,
1.878E008,6.021E+3,
1.88E08,5.906E+3,
1.882E008,5.987E+3,
1.884E008,6.034E+3,
1.886E008,5.949E+3,
1.888E008,5.969E+3,
1.89E08,6.010E+3,
1.892E008,6.207E+3,
1.894E008,5.917E+3,
1.896E008,6.078E+3,
1.898E008,6.130E+3,
1.9E08,5.884E+3,
1.902E008,6.029E+3,
1.904E008,6.046E+3,
1.906E008,6.136E+3,
1.908E008,5.952E+3,
1.91E08,5.951E+3,
1.912E008,5.909E+3,
1.914E008,6.049E+3,
1.916E008,6.113E+3,
1.918E008,5.865E+3,
1.92E08,5.933E+3,
1.922E008,6.097E+3,
1.924E008,6.061E+3,
1.926E008,6.035E+3,
1.928E008,6.005E+3,
1.93E08,6.051E+3,
1.932E008,6.017E+3,
1.934E008,6.126E+3,
1.936E008,5.939E+3,
1.938E008,6.071E+3,
1.94E08,6.083E+3,
1.942E008,6.077E+3,
1.944E008,6.098E+3,
1.946E008,5.962E+3,
1.948E008,6.016E+3,
1.95E08,5.985E+3,
1.952E008,6.103E+3,
1.954E008,6.081E+3,
1.956E008,6.115E+3,
1.958E008,6.081E+3,
1.96E08,5.990E+3,
1.962E008,6.091E+3,
1.964E008,6.118E+3,
1.966E008,5.918E+3,
1.968E008,6.032E+3,
1.97E08,6.054E+3,
1.972E008,6.121E+3,
1.974E008,5.877E+3,
1.976E008,5.864E+3,
1.978E008,5.789E+3,
1.98E08,6.029E+3,
1.982E008,5.965E+3,
1.984E008,6.105E+3,
1.986E008,5.874E+3,
1.988E008,6.019E+3,
1.99E08,5.929E+3,
1.992E008,5.998E+3,
1.994E008,5.826E+3,
1.996E008,5.961E+3,
1.998E008,5.989E+3,
