Labels,2ms_100k,
Type,Time Scan,
Comment,,
Start,0.00,
Stop,1.998E008,
Step,2E05,
Fixed/Offset, ,
XAxis,Time,
YAxis,Counts,

0.00,1.227E+4,
2E05,4.538E+4,
4E05,7.826E+4,
6E05,1.089E+5,
800000.060000,1.375E+5,
1E06,1.658E+5,
1.2E06,1.914E+5,
1.4E06,2.150E+5,
1.6E06,2.389E+5,
1.8E06,2.614E+5,
2E06,2.824E+5,
2.2E06,2.860E+5,
2.4E06,2.794E+5,
2.6E06,2.760E+5,
2.8E06,2.715E+5,
3E06,2.678E+5,
3.2E06,2.631E+5,
3.4E06,2.574E+5,
3.6E06,2.538E+5,
3.8E06,2.498E+5,
4E06,2.467E+5,
4.2E06,2.425E+5,
4.4E06,2.384E+5,
4.6E06,2.359E+5,
4.8E06,2.314E+5,
5E06,2.277E+5,
5.2E06,2.241E+5,
5.4E06,2.203E+5,
5.6E06,2.180E+5,
5.8E06,2.134E+5,
6E06,2.107E+5,
6.2E06,2.077E+5,
6400000.500000,2.045E+5,
6600000.500000,2.024E+5,
6800000.500000,1.994E+5,
7000000.500000,1.964E+5,
7200000.600000,1.921E+5,
7400000.600000,1.891E+5,
7600000.600000,1.872E+5,
7800000.600000,1.842E+5,
8000000.600000,1.819E+5,
8200000.600000,1.785E+5,
8400000.700000,1.759E+5,
8600000.700000,1.737E+5,
8800000.700000,1.715E+5,
9000000.700000,1.689E+5,
9200000.700000,1.661E+5,
9400000.700000,1.638E+5,
9600000.800000,1.609E+5,
9800000.800000,1.585E+5,
1E07,1.554E+5,
1.02E07,1.546E+5,
1.04E07,1.527E+5,
1.06E07,1.499E+5,
1.08E07,1.476E+5,
1.1E07,1.459E+5,
1.12E07,1.434E+5,
1.14E07,1.418E+5,
1.16E07,1.393E+5,
1.18E07,1.372E+5,
1.2E07,1.359E+5,
1.22E07,1.332E+5,
1.24E07,1.315E+5,
1.26E07,1.296E+5,
1.28E07,1.279E+5,
1.3E07,1.271E+5,
1.32E07,1.238E+5,
1.34E07,1.219E+5,
1.36E07,1.213E+5,
1.38E07,1.190E+5,
1.4E07,1.174E+5,
1.42E07,1.155E+5,
1.44E07,1.143E+5,
1.46E07,1.124E+5,
1.48E07,1.110E+5,
1.5E07,1.091E+5,
1.52E07,1.068E+5,
1.54E07,1.059E+5,
1.56E07,1.044E+5,
1.58E07,1.036E+5,
1.6E07,1.018E+5,
1.62E07,1.007E+5,
1.64E07,9.930E+4,
1.66E07,9.724E+4,
1.68E07,9.630E+4,
1.7E07,9.491E+4,
1.72E07,9.349E+4,
1.74E07,9.197E+4,
1.76E07,9.068E+4,
1.78E07,8.980E+4,
1.8E07,8.763E+4,
1.82E07,8.657E+4,
1.84E07,8.588E+4,
1.86E07,8.443E+4,
1.88E07,8.336E+4,
1.9E07,8.257E+4,
1.92E07,8.172E+4,
1.94E07,8.002E+4,
1.96E07,7.940E+4,
1.98E07,7.822E+4,
2E07,7.597E+4,
2.02E07,7.586E+4,
2.04E07,7.444E+4,
2.06E07,7.331E+4,
2.08E07,7.263E+4,
2.1E07,7.179E+4,
2.12E07,7.094E+4,
2.14E07,6.950E+4,
2.16E07,6.896E+4,
2.18E07,6.786E+4,
2.2E07,6.728E+4,
2.22E07,6.549E+4,
2.24E07,6.510E+4,
2.26E07,6.458E+4,
2.28E07,6.341E+4,
2.3E07,6.255E+4,
2.32E07,6.205E+4,
2.34E07,6.061E+4,
2.36E07,6.009E+4,
2.38E07,5.895E+4,
2.4E07,5.826E+4,
2.42E07,5.786E+4,
2.44E07,5.696E+4,
2.46E07,5.645E+4,
2.48E07,5.521E+4,
2.5E07,5.424E+4,
2.52E07,5.371E+4,
2.54E07,5.323E+4,
2.56E07,5.232E+4,
2.58E07,5.197E+4,
2.6E07,5.074E+4,
2.62E07,5.052E+4,
2.64E07,5.015E+4,
2.66E07,4.894E+4,
2.68E07,4.845E+4,
2.7E07,4.762E+4,
2.72E07,4.687E+4,
2.74E07,4.634E+4,
2.76E07,4.609E+4,
2.78E07,4.587E+4,
2.8E07,4.478E+4,
2.82E07,4.429E+4,
2.84E07,4.352E+4,
2.86E07,4.297E+4,
2.88E07,4.289E+4,
2.9E07,4.198E+4,
2.92E07,4.127E+4,
2.94E07,4.096E+4,
2.96E07,4.022E+4,
2.98E07,3.977E+4,
3E07,3.933E+4,
3.02E07,3.868E+4,
3.04E07,3.839E+4,
3.06E07,3.815E+4,
3.08E07,3.737E+4,
3.1E07,3.699E+4,
3.12E07,3.630E+4,
3.14E07,3.562E+4,
3.16E07,3.524E+4,
3.18E07,3.493E+4,
3.2E07,3.437E+4,
3.22E07,3.444E+4,
3.24E07,3.368E+4,
3.26E07,3.317E+4,
3.28E07,3.315E+4,
3.3E07,3.271E+4,
3.32E07,3.230E+4,
3.34E07,3.151E+4,
3.36E07,3.102E+4,
3.38E07,3.078E+4,
3.4E07,3.060E+4,
3.42E07,3.028E+4,
3.44E07,3.009E+4,
3.46E07,2.965E+4,
3.48E07,2.899E+4,
3.5E07,2.888E+4,
3.52E07,2.872E+4,
3.54E07,2.805E+4,
3.56E07,2.774E+4,
3.58E07,2.753E+4,
3.6E07,2.706E+4,
3.62E07,2.678E+4,
3.64E07,2.668E+4,
3.66E07,2.602E+4,
3.68E07,2.590E+4,
3.7E07,2.560E+4,
3.72E07,2.528E+4,
3.74E07,2.518E+4,
3.76E07,2.478E+4,
3.78E07,2.441E+4,
3.8E07,2.417E+4,
3.82E07,2.393E+4,
3.84E07,2.359E+4,
3.86E07,2.318E+4,
3.88E07,2.313E+4,
3.9E07,2.275E+4,
3.92E07,2.244E+4,
3.94E07,2.243E+4,
3.96E07,2.236E+4,
3.98E07,2.210E+4,
4E07,2.135E+4,
4.02E07,2.134E+4,
4.04E07,2.104E+4,
4.06E07,2.081E+4,
4.08E07,2.058E+4,
4.1E07,2.075E+4,
4.12E07,2.017E+4,
4.14E07,1.999E+4,
4.16E07,1.989E+4,
4.18E07,1.968E+4,
4.2E07,1.927E+4,
4.22E07,1.916E+4,
4.24E07,1.890E+4,
4.26E07,1.890E+4,
4.28E07,1.835E+4,
4.3E07,1.826E+4,
4.32E07,1.794E+4,
4.34E07,1.800E+4,
4.36E07,1.776E+4,
4.38E07,1.774E+4,
4.4E07,1.739E+4,
4.42E07,1.737E+4,
4.44E07,1.712E+4,
4.46E07,1.717E+4,
4.48E07,1.693E+4,
4.5E07,1.666E+4,
4.52E07,1.669E+4,
4.54E07,1.628E+4,
4.56E07,1.608E+4,
4.58E07,1.575E+4,
4.6E07,1.602E+4,
4.62E07,1.587E+4,
4.64E07,1.544E+4,
4.66E07,1.551E+4,
4.68E07,1.532E+4,
4.7E07,1.513E+4,
4.72E07,1.518E+4,
4.74E07,1.475E+4,
4.76E07,1.478E+4,
4.78E07,1.473E+4,
4.8E07,1.457E+4,
4.82E07,1.440E+4,
4.84E07,1.421E+4,
4.86E07,1.425E+4,
4.88E07,1.403E+4,
4.9E07,1.383E+4,
4.92E07,1.364E+4,
4.94E07,1.355E+4,
4.96E07,1.354E+4,
4.98E07,1.330E+4,
5E07,1.334E+4,
5.02E07,1.312E+4,
5.04E07,1.280E+4,
5.06E07,1.289E+4,
5.08E07,1.278E+4,
5.1E07,1.265E+4,
5.12E07,1.266E+4,
5.14E07,1.247E+4,
5.16E07,1.276E+4,
5.18E07,1.228E+4,
5.2E07,1.223E+4,
5.22E07,1.216E+4,
5.24E07,1.197E+4,
5.26E07,1.211E+4,
5.28E07,1.173E+4,
5.3E07,1.155E+4,
5.32E07,1.147E+4,
5.34E07,1.165E+4,
5.36E07,1.135E+4,
5.38E07,1.164E+4,
5.4E07,1.150E+4,
5.42E07,1.111E+4,
5.44E07,1.123E+4,
5.46E07,1.115E+4,
5.48E07,1.112E+4,
5.5E07,1.091E+4,
5.52E07,1.086E+4,
5.54E07,1.061E+4,
5.56E07,1.085E+4,
5.58E07,1.071E+4,
5.6E07,1.047E+4,
5.62E07,1.041E+4,
5.64E07,1.029E+4,
5.66E07,1.040E+4,
5.68E07,1.025E+4,
5.7E07,1.019E+4,
5.72E07,1.015E+4,
5.74E07,1.008E+4,
5.76E07,1.018E+4,
5.78E07,9.913E+3,
5.8E07,9.776E+3,
5.82E07,9.665E+3,
5.84E07,9.619E+3,
5.86E07,9.425E+3,
5.88E07,9.655E+3,
5.9E07,9.607E+3,
5.92E07,9.690E+3,
5.94E07,9.499E+3,
5.96E07,9.540E+3,
5.98E07,9.434E+3,
6E07,9.278E+3,
6.02E07,9.351E+3,
6.04E07,8.990E+3,
6.06E07,9.121E+3,
6.08E07,8.970E+3,
6.1E07,9.119E+3,
6.12E07,8.970E+3,
6.14E07,8.753E+3,
6.16E07,9.104E+3,
6.18E07,8.791E+3,
6.2E07,8.683E+3,
6.22E07,8.707E+3,
6.24E07,8.778E+3,
6.26E07,8.647E+3,
6.28E07,8.573E+3,
6.3E07,8.622E+3,
6.32E07,8.542E+3,
6.34E07,8.488E+3,
6.36E07,8.417E+3,
6.38E07,8.187E+3,
64000005.000000,8.475E+3,
64200005.000000,8.307E+3,
64400005.000000,8.341E+3,
64600005.000000,8.289E+3,
64800005.000000,8.261E+3,
65000005.000000,8.136E+3,
65200005.000000,8.107E+3,
65400005.000000,8.284E+3,
65600005.000000,8.091E+3,
65800005.000000,8.100E+3,
66000005.000000,7.981E+3,
66200005.000000,7.914E+3,
66400005.000000,7.978E+3,
66600005.000000,8.004E+3,
66800005.000000,7.965E+3,
67000005.000000,7.911E+3,
67200005.000000,7.773E+3,
67400005.000000,7.759E+3,
67600005.000000,7.749E+3,
67800005.000000,7.794E+3,
68000005.000000,7.546E+3,
68200005.000000,7.596E+3,
68400005.000000,7.723E+3,
68600005.000000,7.721E+3,
68800005.000000,7.502E+3,
69000005.000000,7.460E+3,
69200005.000000,7.479E+3,
69400005.000000,7.570E+3,
69600005.000000,7.408E+3,
69800005.000000,7.450E+3,
70000005.000000,7.446E+3,
70200005.000000,7.293E+3,
70400006.000000,7.333E+3,
70600006.000000,7.468E+3,
70800006.000000,7.266E+3,
71000006.000000,7.298E+3,
71200006.000000,7.282E+3,
71400006.000000,7.339E+3,
71600006.000000,7.216E+3,
71800006.000000,7.287E+3,
72000006.000000,7.295E+3,
72200006.000000,7.029E+3,
72400006.000000,7.013E+3,
72600006.000000,7.012E+3,
72800006.000000,7.149E+3,
73000006.000000,7.040E+3,
73200006.000000,7.030E+3,
73400006.000000,7.063E+3,
73600006.000000,7.010E+3,
73800006.000000,7.046E+3,
74000006.000000,7.115E+3,
74200006.000000,6.953E+3,
74400006.000000,6.902E+3,
74600006.000000,6.742E+3,
74800006.000000,6.857E+3,
75000006.000000,6.810E+3,
75200006.000000,6.857E+3,
75400006.000000,6.801E+3,
75600006.000000,6.817E+3,
75800006.000000,6.833E+3,
76000006.000000,6.661E+3,
76200006.000000,6.909E+3,
76400006.000000,6.850E+3,
76600006.000000,6.733E+3,
76800006.000000,6.738E+3,
77000006.000000,6.810E+3,
77200006.000000,6.744E+3,
77400006.000000,6.755E+3,
77600006.000000,6.777E+3,
77800006.000000,6.806E+3,
78000006.000000,6.533E+3,
78200006.000000,6.776E+3,
78400006.000000,6.624E+3,
78600006.000000,6.573E+3,
78800006.000000,6.684E+3,
79000006.000000,6.590E+3,
79200006.000000,6.641E+3,
79400006.000000,6.571E+3,
79600006.000000,6.589E+3,
79800006.000000,6.541E+3,
80000006.000000,6.498E+3,
80200006.000000,6.457E+3,
80400006.000000,6.557E+3,
80600006.000000,6.502E+3,
80800006.000000,6.642E+3,
81000006.000000,6.459E+3,
81200006.000000,6.376E+3,
81400006.000000,6.437E+3,
81600006.000000,6.529E+3,
81800006.000000,6.458E+3,
82000006.000000,6.391E+3,
82200006.000000,6.344E+3,
82400006.000000,6.407E+3,
82600006.000000,6.450E+3,
82800006.000000,6.321E+3,
83000006.000000,6.384E+3,
83200007.000000,6.433E+3,
83400007.000000,6.224E+3,
83600007.000000,6.366E+3,
83800007.000000,6.309E+3,
84000007.000000,6.309E+3,
84200007.000000,6.337E+3,
84400007.000000,6.379E+3,
84600007.000000,6.275E+3,
84800007.000000,6.147E+3,
85000007.000000,6.373E+3,
85200007.000000,6.338E+3,
85400007.000000,6.269E+3,
85600007.000000,6.146E+3,
85800007.000000,6.133E+3,
86000007.000000,6.161E+3,
86200007.000000,6.171E+3,
86400007.000000,6.087E+3,
86600007.000000,6.340E+3,
86800007.000000,6.330E+3,
87000007.000000,6.144E+3,
87200007.000000,6.236E+3,
87400007.000000,6.154E+3,
87600007.000000,6.175E+3,
87800007.000000,6.219E+3,
88000007.000000,6.169E+3,
88200007.000000,6.197E+3,
88400007.000000,6.171E+3,
88600007.000000,6.104E+3,
88800007.000000,6.054E+3,
89000007.000000,6.182E+3,
89200007.000000,6.021E+3,
89400007.000000,6.095E+3,
89600007.000000,6.245E+3,
89800007.000000,6.085E+3,
90000007.000000,6.045E+3,
90200007.000000,6.134E+3,
90400007.000000,6.242E+3,
90600007.000000,5.984E+3,
90800007.000000,6.261E+3,
91000007.000000,6.052E+3,
91200007.000000,6.082E+3,
91400007.000000,5.992E+3,
91600007.000000,5.951E+3,
91800007.000000,6.256E+3,
92000007.000000,6.043E+3,
92200007.000000,6.129E+3,
92400007.000000,5.924E+3,
92600007.000000,6.169E+3,
92800007.000000,5.926E+3,
93000007.000000,6.060E+3,
93200007.000000,6.020E+3,
93400007.000000,6.052E+3,
93600007.000000,6.069E+3,
93800007.000000,5.975E+3,
94000007.000000,5.989E+3,
94200007.000000,5.965E+3,
94400007.000000,6.028E+3,
94600007.000000,6.024E+3,
94800007.000000,6.036E+3,
95000007.000000,5.974E+3,
95200007.000000,5.869E+3,
95400007.000000,5.921E+3,
95600007.000000,5.995E+3,
95800007.000000,6.083E+3,
96000008.000000,5.947E+3,
96200008.000000,5.870E+3,
96400008.000000,5.968E+3,
96600008.000000,6.039E+3,
96800008.000000,5.885E+3,
97000008.000000,5.860E+3,
97200008.000000,5.909E+3,
97400008.000000,5.684E+3,
97600008.000000,5.834E+3,
97800008.000000,5.852E+3,
98000008.000000,5.950E+3,
98200008.000000,6.049E+3,
98400008.000000,5.962E+3,
98600008.000000,5.902E+3,
98800008.000000,5.823E+3,
99000008.000000,5.924E+3,
99200008.000000,5.862E+3,
99400008.000000,5.964E+3,
99600008.000000,6.010E+3,
99800008.000000,5.942E+3,
1E08,5.806E+3,
1.002E008,5.990E+3,
1.004E008,5.998E+3,
1.006E008,5.843E+3,
1.008E008,5.904E+3,
1.01E08,5.867E+3,
1.012E008,5.925E+3,
1.014E008,5.877E+3,
1.016E008,5.853E+3,
1.018E008,5.843E+3,
1.02E08,5.941E+3,
1.022E008,5.764E+3,
1.024E008,5.710E+3,
1.026E008,5.776E+3,
1.028E008,5.728E+3,
1.03E08,5.979E+3,
1.032E008,5.954E+3,
1.034E008,5.743E+3,
1.036E008,5.774E+3,
1.038E008,5.882E+3,
1.04E08,5.801E+3,
1.042E008,5.931E+3,
1.044E008,5.820E+3,
1.046E008,5.991E+3,
1.048E008,5.822E+3,
1.05E08,5.814E+3,
1.052E008,5.712E+3,
1.054E008,5.871E+3,
1.056E008,5.769E+3,
1.058E008,5.855E+3,
1.06E08,5.812E+3,
1.062E008,5.881E+3,
1.064E008,5.710E+3,
1.066E008,5.796E+3,
1.068E008,5.969E+3,
1.07E08,5.672E+3,
1.072E008,5.825E+3,
1.074E008,5.762E+3,
1.076E008,5.916E+3,
1.078E008,5.662E+3,
1.08E08,5.934E+3,
1.082E008,5.694E+3,
1.084E008,5.678E+3,
1.086E008,5.745E+3,
1.088E008,5.781E+3,
1.09E08,5.640E+3,
1.092E008,5.950E+3,
1.094E008,5.650E+3,
1.096E008,5.804E+3,
1.098E008,5.881E+3,
1.1E08,5.801E+3,
1.102E008,5.933E+3,
1.104E008,5.848E+3,
1.106E008,5.770E+3,
1.108E008,5.978E+3,
1.11E08,5.706E+3,
1.112E008,6.007E+3,
1.114E008,5.937E+3,
1.116E008,5.861E+3,
1.118E008,5.775E+3,
1.12E08,5.785E+3,
1.122E008,5.806E+3,
1.124E008,5.842E+3,
1.126E008,5.781E+3,
1.128E008,5.667E+3,
1.13E08,5.722E+3,
1.132E008,5.840E+3,
1.134E008,5.869E+3,
1.136E008,5.778E+3,
1.138E008,5.713E+3,
1.14E08,5.849E+3,
1.142E008,5.735E+3,
1.144E008,5.610E+3,
1.146E008,5.707E+3,
1.148E008,5.833E+3,
1.15E08,5.628E+3,
1.152E008,5.729E+3,
1.154E008,5.793E+3,
1.156E008,5.827E+3,
1.158E008,5.825E+3,
1.16E08,5.846E+3,
1.162E008,5.761E+3,
1.164E008,5.698E+3,
1.166E008,5.681E+3,
1.168E008,5.733E+3,
1.17E08,5.886E+3,
1.172E008,5.700E+3,
1.174E008,5.801E+3,
1.176E008,5.807E+3,
1.178E008,5.789E+3,
1.18E08,5.746E+3,
1.182E008,5.645E+3,
1.184E008,5.774E+3,
1.186E008,5.811E+3,
1.188E008,5.791E+3,
1.19E08,5.742E+3,
1.192E008,5.680E+3,
1.194E008,5.816E+3,
1.196E008,5.673E+3,
1.198E008,5.711E+3,
1.2E08,5.725E+3,
1.202E008,5.731E+3,
1.204E008,5.859E+3,
1.206E008,5.661E+3,
1.208E008,5.799E+3,
1.21E08,5.823E+3,
1.212E008,5.921E+3,
1.214E008,5.660E+3,
1.216E008,5.866E+3,
1.218E008,5.672E+3,
1.22E08,5.696E+3,
1.222E008,5.660E+3,
1.224E008,5.827E+3,
1.226E008,5.856E+3,
1.228E008,5.793E+3,
1.23E08,5.762E+3,
1.232E008,5.602E+3,
1.234E008,5.733E+3,
1.236E008,5.713E+3,
1.238E008,5.792E+3,
1.24E08,5.800E+3,
1.242E008,5.772E+3,
1.244E008,5.736E+3,
1.246E008,5.728E+3,
1.248E008,5.778E+3,
1.25E08,5.600E+3,
1.252E008,5.809E+3,
1.254E008,5.555E+3,
1.256E008,5.814E+3,
1.258E008,5.817E+3,
1.26E08,5.743E+3,
1.262E008,5.609E+3,
1.264E008,5.835E+3,
1.266E008,5.739E+3,
1.268E008,5.791E+3,
1.27E08,5.872E+3,
1.272E008,5.913E+3,
1.274E008,5.685E+3,
1.276E008,5.706E+3,
1.278E008,5.767E+3,
1.28E08,5.757E+3,
1.282E008,5.644E+3,
1.284E008,5.795E+3,
1.286E008,5.898E+3,
1.288E008,5.581E+3,
1.29E08,5.673E+3,
1.292E008,5.828E+3,
1.294E008,5.823E+3,
1.296E008,5.664E+3,
1.298E008,5.795E+3,
1.3E08,5.863E+3,
1.302E008,5.570E+3,
1.304E008,5.754E+3,
1.306E008,5.717E+3,
1.308E008,5.693E+3,
1.31E08,5.830E+3,
1.312E008,5.732E+3,
1.314E008,5.820E+3,
1.316E008,5.589E+3,
1.318E008,5.748E+3,
1.32E08,5.658E+3,
1.322E008,5.730E+3,
1.324E008,5.690E+3,
1.326E008,5.741E+3,
1.328E008,5.668E+3,
1.33E08,5.714E+3,
1.332E008,5.702E+3,
1.334E008,5.822E+3,
1.336E008,5.854E+3,
1.338E008,5.729E+3,
1.34E08,5.792E+3,
1.342E008,5.667E+3,
1.344E008,5.776E+3,
1.346E008,5.732E+3,
1.348E008,5.692E+3,
1.35E08,5.784E+3,
1.352E008,5.778E+3,
1.354E008,5.754E+3,
1.356E008,5.728E+3,
1.358E008,5.650E+3,
1.36E08,5.641E+3,
1.362E008,5.561E+3,
1.364E008,5.751E+3,
1.366E008,5.809E+3,
1.368E008,5.638E+3,
1.37E08,5.748E+3,
1.372E008,5.623E+3,
1.374E008,5.752E+3,
1.376E008,5.799E+3,
1.378E008,5.824E+3,
1.38E08,5.609E+3,
1.382E008,5.775E+3,
1.384E008,5.616E+3,
1.386E008,5.645E+3,
1.388E008,5.763E+3,
1.39E08,5.668E+3,
1.392E008,5.721E+3,
1.394E008,5.753E+3,
1.396E008,5.792E+3,
1.398E008,5.660E+3,
1.4E08,5.647E+3,
1.402E008,5.719E+3,
1.404E008,5.632E+3,
1.406E008,5.598E+3,
1.408E008,5.754E+3,
1.41E08,5.594E+3,
1.412E008,5.857E+3,
1.414E008,5.700E+3,
1.416E008,5.727E+3,
1.418E008,5.703E+3,
1.42E08,5.851E+3,
1.422E008,5.786E+3,
1.424E008,5.714E+3,
1.426E008,5.645E+3,
1.428E008,5.688E+3,
1.43E08,5.744E+3,
1.432E008,5.775E+3,
1.434E008,5.574E+3,
1.436E008,5.690E+3,
1.438E008,5.718E+3,
1.44E08,5.801E+3,
1.442E008,5.702E+3,
1.444E008,5.639E+3,
1.446E008,5.587E+3,
1.448E008,5.737E+3,
1.45E08,5.776E+3,
1.452E008,5.615E+3,
1.454E008,5.719E+3,
1.456E008,5.544E+3,
1.458E008,5.724E+3,
1.46E08,5.729E+3,
1.462E008,5.544E+3,
1.464E008,5.759E+3,
1.466E008,5.766E+3,
1.468E008,5.851E+3,
1.47E08,5.762E+3,
1.472E008,5.697E+3,
1.474E008,5.639E+3,
1.476E008,5.503E+3,
1.478E008,5.771E+3,
1.48E08,5.639E+3,
1.482E008,5.704E+3,
1.484E008,5.605E+3,
1.486E008,5.652E+3,
1.488E008,5.841E+3,
1.49E08,5.800E+3,
1.492E008,5.713E+3,
1.494E008,5.785E+3,
1.496E008,5.606E+3,
1.498E008,5.860E+3,
1.5E08,5.706E+3,
1.502E008,5.721E+3,
1.504E008,5.667E+3,
1.506E008,5.617E+3,
1.508E008,5.865E+3,
1.51E08,5.691E+3,
1.512E008,5.714E+3,
1.514E008,5.671E+3,
1.516E008,5.668E+3,
1.518E008,5.753E+3,
1.52E08,5.642E+3,
1.522E008,5.726E+3,
1.524E008,5.833E+3,
1.526E008,5.782E+3,
1.528E008,5.681E+3,
1.53E08,5.737E+3,
1.532E008,5.746E+3,
1.534E008,5.716E+3,
1.536E008,5.670E+3,
1.538E008,5.883E+3,
1.54E08,5.883E+3,
1.542E008,5.772E+3,
1.544E008,5.854E+3,
1.546E008,5.594E+3,
1.548E008,5.629E+3,
1.55E08,5.691E+3,
1.552E008,5.601E+3,
1.554E008,5.605E+3,
1.556E008,5.821E+3,
1.558E008,5.659E+3,
1.56E08,5.798E+3,
1.562E008,5.722E+3,
1.564E008,5.686E+3,
1.566E008,5.659E+3,
1.568E008,5.759E+3,
1.57E08,5.758E+3,
1.572E008,5.751E+3,
1.574E008,5.775E+3,
1.576E008,5.720E+3,
1.578E008,5.635E+3,
1.58E08,5.684E+3,
1.582E008,5.622E+3,
1.584E008,5.621E+3,
1.586E008,5.732E+3,
1.588E008,5.664E+3,
1.59E08,5.804E+3,
1.592E008,5.682E+3,
1.594E008,5.605E+3,
1.596E008,5.652E+3,
1.598E008,5.820E+3,
1.6E08,5.822E+3,
1.602E008,5.671E+3,
1.604E008,5.632E+3,
1.606E008,5.852E+3,
1.608E008,5.778E+3,
1.61E08,6.031E+3,
1.612E008,5.738E+3,
1.614E008,5.656E+3,
1.616E008,5.580E+3,
1.618E008,5.667E+3,
1.62E08,5.879E+3,
1.622E008,5.699E+3,
1.624E008,5.556E+3,
1.626E008,5.733E+3,
1.628E008,5.765E+3,
1.63E08,5.728E+3,
1.632E008,5.719E+3,
1.634E008,5.656E+3,
1.636E008,5.639E+3,
1.638E008,5.700E+3,
1.64E08,5.652E+3,
1.642E008,5.763E+3,
1.644E008,5.711E+3,
1.646E008,5.797E+3,
1.648E008,5.582E+3,
1.65E08,5.624E+3,
1.652E008,5.779E+3,
1.654E008,5.799E+3,
1.656E008,5.610E+3,
1.658E008,5.771E+3,
1.66E08,5.716E+3,
1.662E008,5.594E+3,
1.664E008,5.681E+3,
1.666E008,5.601E+3,
1.668E008,5.782E+3,
1.67E08,5.768E+3,
1.672E008,5.714E+3,
1.674E008,5.698E+3,
1.676E008,5.781E+3,
1.678E008,5.705E+3,
1.68E08,5.514E+3,
1.682E008,5.673E+3,
1.684E008,5.510E+3,
1.686E008,5.595E+3,
1.688E008,5.722E+3,
1.69E08,5.759E+3,
1.692E008,5.777E+3,
1.694E008,5.802E+3,
1.696E008,5.828E+3,
1.698E008,5.717E+3,
1.7E08,5.513E+3,
1.702E008,5.773E+3,
1.704E008,5.676E+3,
1.706E008,5.668E+3,
1.708E008,5.544E+3,
1.71E08,5.630E+3,
1.712E008,5.549E+3,
1.714E008,5.608E+3,
1.716E008,5.521E+3,
1.718E008,5.671E+3,
1.72E08,5.678E+3,
1.722E008,5.688E+3,
1.724E008,5.672E+3,
1.726E008,5.665E+3,
1.728E008,5.736E+3,
1.73E08,5.684E+3,
1.732E008,5.770E+3,
1.734E008,5.710E+3,
1.736E008,5.836E+3,
1.738E008,5.754E+3,
1.74E08,5.761E+3,
1.742E008,5.627E+3,
1.744E008,5.613E+3,
1.746E008,5.689E+3,
1.748E008,5.782E+3,
1.75E08,5.757E+3,
1.752E008,5.729E+3,
1.754E008,5.690E+3,
1.756E008,5.711E+3,
1.758E008,5.655E+3,
1.76E08,5.702E+3,
1.762E008,5.583E+3,
1.764E008,5.710E+3,
1.766E008,5.726E+3,
1.768E008,5.754E+3,
1.77E08,5.716E+3,
1.772E008,5.806E+3,
1.774E008,5.636E+3,
1.776E008,5.572E+3,
1.778E008,5.733E+3,
1.78E08,5.837E+3,
1.782E008,5.698E+3,
1.784E008,5.721E+3,
1.786E008,5.778E+3,
1.788E008,5.601E+3,
1.79E08,5.723E+3,
1.792E008,5.717E+3,
1.794E008,5.760E+3,
1.796E008,5.793E+3,
1.798E008,5.623E+3,
1.8E08,5.790E+3,
1.802E008,5.656E+3,
1.804E008,5.774E+3,
1.806E008,5.628E+3,
1.808E008,5.637E+3,
1.81E08,5.674E+3,
1.812E008,5.663E+3,
1.814E008,5.722E+3,
1.816E008,5.714E+3,
1.818E008,5.798E+3,
1.82E08,5.786E+3,
1.822E008,5.642E+3,
1.824E008,5.676E+3,
1.826E008,5.813E+3,
1.828E008,5.814E+3,
1.83E08,5.780E+3,
1.832E008,5.701E+3,
1.834E008,5.805E+3,
1.836E008,5.699E+3,
1.838E008,5.807E+3,
1.84E08,5.676E+3,
1.842E008,5.712E+3,
1.844E008,5.752E+3,
1.846E008,5.761E+3,
1.848E008,5.838E+3,
1.85E08,5.788E+3,
1.852E008,5.738E+3,
1.854E008,5.681E+3,
1.856E008,5.577E+3,
1.858E008,5.693E+3,
1.86E08,5.569E+3,
1.862E008,5.644E+3,
1.864E008,5.581E+3,
1.866E008,5.687E+3,
1.868E008,5.643E+3,
1.87E08,5.957E+3,
1.872E008,5.693E+3,
1.874E008,5.599E+3,
1.876E008,5.535E+3,
1.878E008,5.612E+3,
1.88E08,5.755E+3,
1.882E008,5.625E+3,
1.884E008,5.691E+3,
1.886E008,5.797E+3,
1.888E008,5.699E+3,
1.89E08,5.704E+3,
1.892E008,5.721E+3,
1.894E008,5.642E+3,
1.896E008,5.692E+3,
1.898E008,5.583E+3,
1.9E08,5.710E+3,
1.902E008,5.568E+3,
1.904E008,5.788E+3,
1.906E008,5.776E+3,
1.908E008,5.652E+3,
1.91E08,5.819E+3,
1.912E008,5.661E+3,
1.914E008,5.822E+3,
1.916E008,5.636E+3,
1.918E008,5.885E+3,
1.92E08,5.785E+3,
1.922E008,5.798E+3,
1.924E008,5.760E+3,
1.926E008,5.697E+3,
1.928E008,5.838E+3,
1.93E08,5.726E+3,
1.932E008,5.756E+3,
1.934E008,5.697E+3,
1.936E008,5.761E+3,
1.938E008,5.632E+3,
1.94E08,5.756E+3,
1.942E008,5.480E+3,
1.944E008,5.671E+3,
1.946E008,5.752E+3,
1.948E008,5.647E+3,
1.95E08,5.719E+3,
1.952E008,5.794E+3,
1.954E008,5.720E+3,
1.956E008,5.550E+3,
1.958E008,5.617E+3,
1.96E08,5.873E+3,
1.962E008,5.858E+3,
1.964E008,5.596E+3,
1.966E008,5.736E+3,
1.968E008,5.712E+3,
1.97E08,5.732E+3,
1.972E008,5.780E+3,
1.974E008,5.633E+3,
1.976E008,5.760E+3,
1.978E008,5.651E+3,
1.98E08,5.653E+3,
1.982E008,5.606E+3,
1.984E008,5.726E+3,
1.986E008,5.596E+3,
1.988E008,5.711E+3,
1.99E08,5.643E+3,
1.992E008,5.855E+3,
1.994E008,5.750E+3,
1.996E008,5.738E+3,
1.998E008,5.738E+3,
