Labels,2ms_150k,
Type,Time Scan,
Comment,,
Start,0.00,
Stop,1.998E008,
Step,2E05,
Fixed/Offset, ,
XAxis,Time,
YAxis,Counts,

0.00,1.367E+4,
2E05,4.644E+4,
4E05,7.786E+4,
6E05,1.077E+5,
800000.060000,1.350E+5,
1E06,1.603E+5,
1.2E06,1.840E+5,
1.4E06,2.074E+5,
1.6E06,2.296E+5,
1.8E06,2.496E+5,
2E06,2.604E+5,
2.2E06,2.551E+5,
2.4E06,2.508E+5,
2.6E06,2.460E+5,
2.8E06,2.419E+5,
3E06,2.379E+5,
3.2E06,2.347E+5,
3.4E06,2.305E+5,
3.6E06,2.272E+5,
3.8E06,2.230E+5,
4E06,2.203E+5,
4.2E06,2.164E+5,
4.4E06,2.128E+5,
4.6E06,2.101E+5,
4.8E06,2.062E+5,
5E06,2.024E+5,
5.2E06,1.996E+5,
5.4E06,1.967E+5,
5.6E06,1.938E+5,
5.8E06,1.906E+5,
6E06,1.877E+5,
6.2E06,1.859E+5,
6400000.500000,1.815E+5,
6600000.500000,1.799E+5,
6800000.500000,1.763E+5,
7000000.500000,1.738E+5,
7200000.600000,1.711E+5,
7400000.600000,1.678E+5,
7600000.600000,1.658E+5,
7800000.600000,1.629E+5,
8000000.600000,1.600E+5,
8200000.600000,1.585E+5,
8400000.700000,1.569E+5,
8600000.700000,1.536E+5,
8800000.700000,1.515E+5,
9000000.700000,1.489E+5,
9200000.700000,1.462E+5,
9400000.700000,1.444E+5,
9600000.800000,1.425E+5,
9800000.800000,1.398E+5,
1E07,1.380E+5,
1.02E07,1.360E+5,
1.04E07,1.343E+5,
1.06E07,1.323E+5,
1.08E07,1.296E+5,
1.1E07,1.280E+5,
1.12E07,1.262E+5,
1.14E07,1.247E+5,
1.16E07,1.230E+5,
1.18E07,1.209E+5,
1.2E07,1.190E+5,
1.22E07,1.175E+5,
1.24E07,1.156E+5,
1.26E07,1.133E+5,
1.28E07,1.115E+5,
1.3E07,1.105E+5,
1.32E07,1.086E+5,
1.34E07,1.070E+5,
1.36E07,1.056E+5,
1.38E07,1.043E+5,
1.4E07,1.024E+5,
1.42E07,1.008E+5,
1.44E07,9.952E+4,
1.46E07,9.764E+4,
1.48E07,9.703E+4,
1.5E07,9.522E+4,
1.52E07,9.390E+4,
1.54E07,9.271E+4,
1.56E07,9.028E+4,
1.58E07,8.950E+4,
1.6E07,8.823E+4,
1.62E07,8.681E+4,
1.64E07,8.550E+4,
1.66E07,8.462E+4,
1.68E07,8.353E+4,
1.7E07,8.179E+4,
1.72E07,8.121E+4,
1.74E07,8.001E+4,
1.76E07,7.818E+4,
1.78E07,7.718E+4,
1.8E07,7.586E+4,
1.82E07,7.566E+4,
1.84E07,7.420E+4,
1.86E07,7.312E+4,
1.88E07,7.188E+4,
1.9E07,7.082E+4,
1.92E07,7.028E+4,
1.94E07,6.921E+4,
1.96E07,6.793E+4,
1.98E07,6.714E+4,
2E07,6.594E+4,
2.02E07,6.491E+4,
2.04E07,6.420E+4,
2.06E07,6.320E+4,
2.08E07,6.200E+4,
2.1E07,6.152E+4,
2.12E07,6.029E+4,
2.14E07,5.908E+4,
2.16E07,5.921E+4,
2.18E07,5.758E+4,
2.2E07,5.756E+4,
2.22E07,5.625E+4,
2.24E07,5.573E+4,
2.26E07,5.523E+4,
2.28E07,5.440E+4,
2.3E07,5.340E+4,
2.32E07,5.294E+4,
2.34E07,5.198E+4,
2.36E07,5.104E+4,
2.38E07,5.092E+4,
2.4E07,4.969E+4,
2.42E07,4.931E+4,
2.44E07,4.877E+4,
2.46E07,4.802E+4,
2.48E07,4.709E+4,
2.5E07,4.604E+4,
2.52E07,4.605E+4,
2.54E07,4.564E+4,
2.56E07,4.433E+4,
2.58E07,4.426E+4,
2.6E07,4.394E+4,
2.62E07,4.277E+4,
2.64E07,4.267E+4,
2.66E07,4.146E+4,
2.68E07,4.105E+4,
2.7E07,4.054E+4,
2.72E07,4.014E+4,
2.74E07,3.948E+4,
2.76E07,3.870E+4,
2.78E07,3.863E+4,
2.8E07,3.807E+4,
2.82E07,3.712E+4,
2.84E07,3.677E+4,
2.86E07,3.639E+4,
2.88E07,3.577E+4,
2.9E07,3.528E+4,
2.92E07,3.552E+4,
2.94E07,3.437E+4,
2.96E07,3.413E+4,
2.98E07,3.364E+4,
3E07,3.262E+4,
3.02E07,3.266E+4,
3.04E07,3.234E+4,
3.06E07,3.197E+4,
3.08E07,3.156E+4,
3.1E07,3.127E+4,
3.12E07,3.100E+4,
3.14E07,3.018E+4,
3.16E07,3.046E+4,
3.18E07,3.009E+4,
3.2E07,2.906E+4,
3.22E07,2.889E+4,
3.24E07,2.868E+4,
3.26E07,2.815E+4,
3.28E07,2.786E+4,
3.3E07,2.748E+4,
3.32E07,2.724E+4,
3.34E07,2.672E+4,
3.36E07,2.650E+4,
3.38E07,2.615E+4,
3.4E07,2.581E+4,
3.42E07,2.580E+4,
3.44E07,2.518E+4,
3.46E07,2.519E+4,
3.48E07,2.453E+4,
3.5E07,2.430E+4,
3.52E07,2.408E+4,
3.54E07,2.391E+4,
3.56E07,2.368E+4,
3.58E07,2.334E+4,
3.6E07,2.291E+4,
3.62E07,2.254E+4,
3.64E07,2.253E+4,
3.66E07,2.230E+4,
3.68E07,2.193E+4,
3.7E07,2.185E+4,
3.72E07,2.146E+4,
3.74E07,2.116E+4,
3.76E07,2.109E+4,
3.78E07,2.079E+4,
3.8E07,2.074E+4,
3.82E07,2.017E+4,
3.84E07,2.013E+4,
3.86E07,2.009E+4,
3.88E07,2.000E+4,
3.9E07,1.929E+4,
3.92E07,1.925E+4,
3.94E07,1.902E+4,
3.96E07,1.896E+4,
3.98E07,1.858E+4,
4E07,1.859E+4,
4.02E07,1.837E+4,
4.04E07,1.811E+4,
4.06E07,1.785E+4,
4.08E07,1.797E+4,
4.1E07,1.749E+4,
4.12E07,1.740E+4,
4.14E07,1.709E+4,
4.16E07,1.682E+4,
4.18E07,1.702E+4,
4.2E07,1.661E+4,
4.22E07,1.658E+4,
4.24E07,1.600E+4,
4.26E07,1.617E+4,
4.28E07,1.587E+4,
4.3E07,1.616E+4,
4.32E07,1.550E+4,
4.34E07,1.537E+4,
4.36E07,1.527E+4,
4.38E07,1.523E+4,
4.4E07,1.505E+4,
4.42E07,1.498E+4,
4.44E07,1.489E+4,
4.46E07,1.464E+4,
4.48E07,1.454E+4,
4.5E07,1.432E+4,
4.52E07,1.444E+4,
4.54E07,1.434E+4,
4.56E07,1.392E+4,
4.58E07,1.402E+4,
4.6E07,1.380E+4,
4.62E07,1.362E+4,
4.64E07,1.350E+4,
4.66E07,1.330E+4,
4.68E07,1.332E+4,
4.7E07,1.310E+4,
4.72E07,1.323E+4,
4.74E07,1.287E+4,
4.76E07,1.276E+4,
4.78E07,1.250E+4,
4.8E07,1.268E+4,
4.82E07,1.251E+4,
4.84E07,1.237E+4,
4.86E07,1.239E+4,
4.88E07,1.229E+4,
4.9E07,1.216E+4,
4.92E07,1.197E+4,
4.94E07,1.163E+4,
4.96E07,1.195E+4,
4.98E07,1.167E+4,
5E07,1.172E+4,
5.02E07,1.164E+4,
5.04E07,1.119E+4,
5.06E07,1.131E+4,
5.08E07,1.131E+4,
5.1E07,1.131E+4,
5.12E07,1.118E+4,
5.14E07,1.097E+4,
5.16E07,1.109E+4,
5.18E07,1.098E+4,
5.2E07,1.066E+4,
5.22E07,1.064E+4,
5.24E07,1.065E+4,
5.26E07,1.065E+4,
5.28E07,1.050E+4,
5.3E07,1.046E+4,
5.32E07,1.062E+4,
5.34E07,1.031E+4,
5.36E07,1.036E+4,
5.38E07,1.003E+4,
5.4E07,1.027E+4,
5.42E07,9.812E+3,
5.44E07,9.972E+3,
5.46E07,9.755E+3,
5.48E07,9.847E+3,
5.5E07,9.907E+3,
5.52E07,9.559E+3,
5.54E07,9.766E+3,
5.56E07,9.581E+3,
5.58E07,9.538E+3,
5.6E07,9.472E+3,
5.62E07,9.538E+3,
5.64E07,9.253E+3,
5.66E07,9.378E+3,
5.68E07,9.331E+3,
5.7E07,9.242E+3,
5.72E07,9.258E+3,
5.74E07,9.388E+3,
5.76E07,9.154E+3,
5.78E07,9.095E+3,
5.8E07,8.938E+3,
5.82E07,8.845E+3,
5.84E07,8.874E+3,
5.86E07,8.910E+3,
5.88E07,8.679E+3,
5.9E07,8.731E+3,
5.92E07,8.530E+3,
5.94E07,8.656E+3,
5.96E07,8.633E+3,
5.98E07,8.707E+3,
6E07,8.793E+3,
6.02E07,8.527E+3,
6.04E07,8.586E+3,
6.06E07,8.468E+3,
6.08E07,8.351E+3,
6.1E07,8.504E+3,
6.12E07,8.338E+3,
6.14E07,8.403E+3,
6.16E07,8.229E+3,
6.18E07,8.386E+3,
6.2E07,8.236E+3,
6.22E07,8.238E+3,
6.24E07,8.035E+3,
6.26E07,8.080E+3,
6.28E07,8.256E+3,
6.3E07,8.033E+3,
6.32E07,8.040E+3,
6.34E07,8.104E+3,
6.36E07,8.003E+3,
6.38E07,7.771E+3,
64000005.000000,7.655E+3,
64200005.000000,7.830E+3,
64400005.000000,7.849E+3,
64600005.000000,7.848E+3,
64800005.000000,7.772E+3,
65000005.000000,7.812E+3,
65200005.000000,7.846E+3,
65400005.000000,7.779E+3,
65600005.000000,7.617E+3,
65800005.000000,7.621E+3,
66000005.000000,7.536E+3,
66200005.000000,7.589E+3,
66400005.000000,7.777E+3,
66600005.000000,7.529E+3,
66800005.000000,7.515E+3,
67000005.000000,7.405E+3,
67200005.000000,7.445E+3,
67400005.000000,7.322E+3,
67600005.000000,7.524E+3,
67800005.000000,7.455E+3,
68000005.000000,7.576E+3,
68200005.000000,7.505E+3,
68400005.000000,7.242E+3,
68600005.000000,7.322E+3,
68800005.000000,7.324E+3,
69000005.000000,7.405E+3,
69200005.000000,7.353E+3,
69400005.000000,7.088E+3,
69600005.000000,7.205E+3,
69800005.000000,7.095E+3,
70000005.000000,7.057E+3,
70200005.000000,7.083E+3,
70400006.000000,7.196E+3,
70600006.000000,7.151E+3,
70800006.000000,7.074E+3,
71000006.000000,7.120E+3,
71200006.000000,7.183E+3,
71400006.000000,7.176E+3,
71600006.000000,6.956E+3,
71800006.000000,6.999E+3,
72000006.000000,7.056E+3,
72200006.000000,6.915E+3,
72400006.000000,6.983E+3,
72600006.000000,7.037E+3,
72800006.000000,6.913E+3,
73000006.000000,6.851E+3,
73200006.000000,7.138E+3,
73400006.000000,7.086E+3,
73600006.000000,6.875E+3,
73800006.000000,6.963E+3,
74000006.000000,6.714E+3,
74200006.000000,6.825E+3,
74400006.000000,6.925E+3,
74600006.000000,6.810E+3,
74800006.000000,6.808E+3,
75000006.000000,6.809E+3,
75200006.000000,6.675E+3,
75400006.000000,6.750E+3,
75600006.000000,6.815E+3,
75800006.000000,6.786E+3,
76000006.000000,6.706E+3,
76200006.000000,6.772E+3,
76400006.000000,6.540E+3,
76600006.000000,6.722E+3,
76800006.000000,6.609E+3,
77000006.000000,6.976E+3,
77200006.000000,6.687E+3,
77400006.000000,6.602E+3,
77600006.000000,6.622E+3,
77800006.000000,6.488E+3,
78000006.000000,6.556E+3,
78200006.000000,6.608E+3,
78400006.000000,6.656E+3,
78600006.000000,6.696E+3,
78800006.000000,6.611E+3,
79000006.000000,6.607E+3,
79200006.000000,6.637E+3,
79400006.000000,6.598E+3,
79600006.000000,6.649E+3,
79800006.000000,6.409E+3,
80000006.000000,6.306E+3,
80200006.000000,6.567E+3,
80400006.000000,6.547E+3,
80600006.000000,6.546E+3,
80800006.000000,6.434E+3,
81000006.000000,6.367E+3,
81200006.000000,6.379E+3,
81400006.000000,6.522E+3,
81600006.000000,6.536E+3,
81800006.000000,6.623E+3,
82000006.000000,6.424E+3,
82200006.000000,6.459E+3,
82400006.000000,6.466E+3,
82600006.000000,6.485E+3,
82800006.000000,6.453E+3,
83000006.000000,6.288E+3,
83200007.000000,6.535E+3,
83400007.000000,6.535E+3,
83600007.000000,6.505E+3,
83800007.000000,6.443E+3,
84000007.000000,6.347E+3,
84200007.000000,6.515E+3,
84400007.000000,6.392E+3,
84600007.000000,6.381E+3,
84800007.000000,6.351E+3,
85000007.000000,6.396E+3,
85200007.000000,6.517E+3,
85400007.000000,6.304E+3,
85600007.000000,6.282E+3,
85800007.000000,6.266E+3,
86000007.000000,6.463E+3,
86200007.000000,6.328E+3,
86400007.000000,6.304E+3,
86600007.000000,6.176E+3,
86800007.000000,6.124E+3,
87000007.000000,6.182E+3,
87200007.000000,6.373E+3,
87400007.000000,6.283E+3,
87600007.000000,6.320E+3,
87800007.000000,6.334E+3,
88000007.000000,6.337E+3,
88200007.000000,6.330E+3,
88400007.000000,6.300E+3,
88600007.000000,6.185E+3,
88800007.000000,6.049E+3,
89000007.000000,6.190E+3,
89200007.000000,6.244E+3,
89400007.000000,6.297E+3,
89600007.000000,6.174E+3,
89800007.000000,6.163E+3,
90000007.000000,6.249E+3,
90200007.000000,6.279E+3,
90400007.000000,6.233E+3,
90600007.000000,6.139E+3,
90800007.000000,6.271E+3,
91000007.000000,6.069E+3,
91200007.000000,6.128E+3,
91400007.000000,6.370E+3,
91600007.000000,6.296E+3,
91800007.000000,6.155E+3,
92000007.000000,6.301E+3,
92200007.000000,6.122E+3,
92400007.000000,6.118E+3,
92600007.000000,6.296E+3,
92800007.000000,6.115E+3,
93000007.000000,6.355E+3,
93200007.000000,6.175E+3,
93400007.000000,6.361E+3,
93600007.000000,6.168E+3,
93800007.000000,6.092E+3,
94000007.000000,6.150E+3,
94200007.000000,6.355E+3,
94400007.000000,6.232E+3,
94600007.000000,6.279E+3,
94800007.000000,6.209E+3,
95000007.000000,6.179E+3,
95200007.000000,6.099E+3,
95400007.000000,6.371E+3,
95600007.000000,6.190E+3,
95800007.000000,6.029E+3,
96000008.000000,6.207E+3,
96200008.000000,6.136E+3,
96400008.000000,6.048E+3,
96600008.000000,6.217E+3,
96800008.000000,6.182E+3,
97000008.000000,6.341E+3,
97200008.000000,6.127E+3,
97400008.000000,6.098E+3,
97600008.000000,6.022E+3,
97800008.000000,6.047E+3,
98000008.000000,6.146E+3,
98200008.000000,6.239E+3,
98400008.000000,6.262E+3,
98600008.000000,6.088E+3,
98800008.000000,6.220E+3,
99000008.000000,6.039E+3,
99200008.000000,6.129E+3,
99400008.000000,6.112E+3,
99600008.000000,6.035E+3,
99800008.000000,6.071E+3,
1E08,5.953E+3,
1.002E008,6.086E+3,
1.004E008,5.920E+3,
1.006E008,5.993E+3,
1.008E008,6.157E+3,
1.01E08,5.981E+3,
1.012E008,6.161E+3,
1.014E008,5.938E+3,
1.016E008,6.011E+3,
1.018E008,6.189E+3,
1.02E08,6.152E+3,
1.022E008,5.956E+3,
1.024E008,6.123E+3,
1.026E008,6.079E+3,
1.028E008,6.198E+3,
1.03E08,6.178E+3,
1.032E008,5.908E+3,
1.034E008,6.168E+3,
1.036E008,6.096E+3,
1.038E008,6.063E+3,
1.04E08,6.232E+3,
1.042E008,6.098E+3,
1.044E008,6.151E+3,
1.046E008,6.078E+3,
1.048E008,5.961E+3,
1.05E08,6.104E+3,
1.052E008,6.113E+3,
1.054E008,6.172E+3,
1.056E008,6.033E+3,
1.058E008,6.191E+3,
1.06E08,5.902E+3,
1.062E008,5.933E+3,
1.064E008,5.995E+3,
1.066E008,5.954E+3,
1.068E008,6.044E+3,
1.07E08,6.049E+3,
1.072E008,5.927E+3,
1.074E008,5.911E+3,
1.076E008,5.998E+3,
1.078E008,6.053E+3,
1.08E08,5.963E+3,
1.082E008,6.149E+3,
1.084E008,5.953E+3,
1.086E008,6.082E+3,
1.088E008,6.021E+3,
1.09E08,5.889E+3,
1.092E008,6.055E+3,
1.094E008,6.069E+3,
1.096E008,6.290E+3,
1.098E008,6.016E+3,
1.1E08,6.020E+3,
1.102E008,5.957E+3,
1.104E008,6.014E+3,
1.106E008,5.998E+3,
1.108E008,6.069E+3,
1.11E08,5.990E+3,
1.112E008,6.018E+3,
1.114E008,6.093E+3,
1.116E008,6.062E+3,
1.118E008,5.935E+3,
1.12E08,5.984E+3,
1.122E008,6.026E+3,
1.124E008,5.955E+3,
1.126E008,5.925E+3,
1.128E008,5.995E+3,
1.13E08,5.928E+3,
1.132E008,6.037E+3,
1.134E008,6.083E+3,
1.136E008,5.943E+3,
1.138E008,5.921E+3,
1.14E08,6.054E+3,
1.142E008,6.053E+3,
1.144E008,6.018E+3,
1.146E008,5.916E+3,
1.148E008,6.084E+3,
1.15E08,6.117E+3,
1.152E008,6.005E+3,
1.154E008,5.983E+3,
1.156E008,5.994E+3,
1.158E008,6.022E+3,
1.16E08,6.102E+3,
1.162E008,5.932E+3,
1.164E008,5.919E+3,
1.166E008,5.958E+3,
1.168E008,5.888E+3,
1.17E08,6.053E+3,
1.172E008,6.093E+3,
1.174E008,5.995E+3,
1.176E008,6.024E+3,
1.178E008,5.844E+3,
1.18E08,5.953E+3,
1.182E008,6.059E+3,
1.184E008,5.912E+3,
1.186E008,5.974E+3,
1.188E008,6.000E+3,
1.19E08,5.863E+3,
1.192E008,6.090E+3,
1.194E008,5.922E+3,
1.196E008,6.016E+3,
1.198E008,5.912E+3,
1.2E08,6.025E+3,
1.202E008,5.785E+3,
1.204E008,6.037E+3,
1.206E008,6.226E+3,
1.208E008,5.825E+3,
1.21E08,6.143E+3,
1.212E008,6.000E+3,
1.214E008,5.998E+3,
1.216E008,5.990E+3,
1.218E008,5.965E+3,
1.22E08,5.990E+3,
1.222E008,6.088E+3,
1.224E008,6.098E+3,
1.226E008,5.982E+3,
1.228E008,5.883E+3,
1.23E08,5.953E+3,
1.232E008,5.893E+3,
1.234E008,5.998E+3,
1.236E008,5.822E+3,
1.238E008,6.034E+3,
1.24E08,5.907E+3,
1.242E008,6.178E+3,
1.244E008,5.986E+3,
1.246E008,5.802E+3,
1.248E008,6.002E+3,
1.25E08,5.911E+3,
1.252E008,5.958E+3,
1.254E008,5.893E+3,
1.256E008,5.929E+3,
1.258E008,6.005E+3,
1.26E08,5.972E+3,
1.262E008,6.106E+3,
1.264E008,6.077E+3,
1.266E008,5.997E+3,
1.268E008,5.999E+3,
1.27E08,6.054E+3,
1.272E008,5.992E+3,
1.274E008,5.937E+3,
1.276E008,6.097E+3,
1.278E008,5.861E+3,
1.28E08,5.876E+3,
1.282E008,6.053E+3,
1.284E008,6.034E+3,
1.286E008,5.936E+3,
1.288E008,5.972E+3,
1.29E08,5.955E+3,
1.292E008,5.921E+3,
1.294E008,6.159E+3,
1.296E008,5.991E+3,
1.298E008,6.062E+3,
1.3E08,6.031E+3,
1.302E008,5.962E+3,
1.304E008,6.022E+3,
1.306E008,6.059E+3,
1.308E008,5.971E+3,
1.31E08,6.091E+3,
1.312E008,6.074E+3,
1.314E008,5.917E+3,
1.316E008,5.934E+3,
1.318E008,5.894E+3,
1.32E08,5.923E+3,
1.322E008,5.954E+3,
1.324E008,5.887E+3,
1.326E008,6.014E+3,
1.328E008,5.916E+3,
1.33E08,5.956E+3,
1.332E008,5.814E+3,
1.334E008,5.858E+3,
1.336E008,6.126E+3,
1.338E008,5.989E+3,
1.34E08,6.086E+3,
1.342E008,5.991E+3,
1.344E008,5.948E+3,
1.346E008,5.997E+3,
1.348E008,5.922E+3,
1.35E08,5.947E+3,
1.352E008,6.123E+3,
1.354E008,5.988E+3,
1.356E008,6.076E+3,
1.358E008,5.948E+3,
1.36E08,5.882E+3,
1.362E008,5.999E+3,
1.364E008,5.911E+3,
1.366E008,5.968E+3,
1.368E008,5.925E+3,
1.37E08,5.880E+3,
1.372E008,5.807E+3,
1.374E008,6.042E+3,
1.376E008,5.963E+3,
1.378E008,5.966E+3,
1.38E08,5.863E+3,
1.382E008,6.033E+3,
1.384E008,6.076E+3,
1.386E008,6.028E+3,
1.388E008,5.884E+3,
1.39E08,5.829E+3,
1.392E008,5.868E+3,
1.394E008,5.875E+3,
1.396E008,6.098E+3,
1.398E008,5.877E+3,
1.4E08,5.964E+3,
1.402E008,6.091E+3,
1.404E008,5.972E+3,
1.406E008,6.070E+3,
1.408E008,6.096E+3,
1.41E08,5.991E+3,
1.412E008,5.754E+3,
1.414E008,5.958E+3,
1.416E008,5.994E+3,
1.418E008,6.028E+3,
1.42E08,5.993E+3,
1.422E008,6.037E+3,
1.424E008,6.014E+3,
1.426E008,6.006E+3,
1.428E008,6.008E+3,
1.43E08,5.865E+3,
1.432E008,5.979E+3,
1.434E008,6.012E+3,
1.436E008,6.047E+3,
1.438E008,5.829E+3,
1.44E08,5.892E+3,
1.442E008,5.879E+3,
1.444E008,5.935E+3,
1.446E008,5.946E+3,
1.448E008,6.124E+3,
1.45E08,6.094E+3,
1.452E008,5.952E+3,
1.454E008,6.115E+3,
1.456E008,5.914E+3,
1.458E008,6.008E+3,
1.46E08,5.971E+3,
1.462E008,6.030E+3,
1.464E008,5.987E+3,
1.466E008,5.924E+3,
1.468E008,5.980E+3,
1.47E08,5.929E+3,
1.472E008,6.047E+3,
1.474E008,5.868E+3,
1.476E008,5.885E+3,
1.478E008,5.919E+3,
1.48E08,5.838E+3,
1.482E008,5.947E+3,
1.484E008,6.102E+3,
1.486E008,6.010E+3,
1.488E008,5.918E+3,
1.49E08,5.994E+3,
1.492E008,5.849E+3,
1.494E008,5.981E+3,
1.496E008,5.924E+3,
1.498E008,6.128E+3,
1.5E08,5.792E+3,
1.502E008,6.050E+3,
1.504E008,5.854E+3,
1.506E008,6.015E+3,
1.508E008,5.911E+3,
1.51E08,6.139E+3,
1.512E008,6.129E+3,
1.514E008,6.056E+3,
1.516E008,5.903E+3,
1.518E008,5.946E+3,
1.52E08,6.023E+3,
1.522E008,5.985E+3,
1.524E008,5.841E+3,
1.526E008,6.025E+3,
1.528E008,5.988E+3,
1.53E08,5.879E+3,
1.532E008,5.957E+3,
1.534E008,5.855E+3,
1.536E008,5.923E+3,
1.538E008,5.915E+3,
1.54E08,6.018E+3,
1.542E008,5.919E+3,
1.544E008,5.991E+3,
1.546E008,6.003E+3,
1.548E008,5.798E+3,
1.55E08,5.989E+3,
1.552E008,5.961E+3,
1.554E008,5.894E+3,
1.556E008,5.902E+3,
1.558E008,6.009E+3,
1.56E08,5.982E+3,
1.562E008,6.049E+3,
1.564E008,6.025E+3,
1.566E008,6.032E+3,
1.568E008,5.969E+3,
1.57E08,6.060E+3,
1.572E008,6.057E+3,
1.574E008,5.931E+3,
1.576E008,5.952E+3,
1.578E008,5.931E+3,
1.58E08,6.008E+3,
1.582E008,6.052E+3,
1.584E008,5.967E+3,
1.586E008,6.027E+3,
1.588E008,6.060E+3,
1.59E08,6.003E+3,
1.592E008,5.975E+3,
1.594E008,5.929E+3,
1.596E008,5.984E+3,
1.598E008,5.834E+3,
1.6E08,6.046E+3,
1.602E008,5.966E+3,
1.604E008,5.888E+3,
1.606E008,5.930E+3,
1.608E008,6.017E+3,
1.61E08,6.057E+3,
1.612E008,5.850E+3,
1.614E008,5.867E+3,
1.616E008,5.972E+3,
1.618E008,5.924E+3,
1.62E08,5.916E+3,
1.622E008,5.849E+3,
1.624E008,5.992E+3,
1.626E008,6.135E+3,
1.628E008,6.028E+3,
1.63E08,5.974E+3,
1.632E008,6.003E+3,
1.634E008,5.905E+3,
1.636E008,5.865E+3,
1.638E008,5.976E+3,
1.64E08,5.919E+3,
1.642E008,5.848E+3,
1.644E008,5.938E+3,
1.646E008,5.858E+3,
1.648E008,6.019E+3,
1.65E08,6.107E+3,
1.652E008,5.980E+3,
1.654E008,5.907E+3,
1.656E008,5.922E+3,
1.658E008,6.042E+3,
1.66E08,5.893E+3,
1.662E008,5.964E+3,
1.664E008,5.812E+3,
1.666E008,5.998E+3,
1.668E008,5.995E+3,
1.67E08,5.990E+3,
1.672E008,5.869E+3,
1.674E008,5.878E+3,
1.676E008,6.042E+3,
1.678E008,5.937E+3,
1.68E08,6.056E+3,
1.682E008,6.160E+3,
1.684E008,5.977E+3,
1.686E008,5.966E+3,
1.688E008,6.152E+3,
1.69E08,5.943E+3,
1.692E008,5.954E+3,
1.694E008,5.878E+3,
1.696E008,6.112E+3,
1.698E008,5.920E+3,
1.7E08,5.926E+3,
1.702E008,5.838E+3,
1.704E008,5.900E+3,
1.706E008,5.824E+3,
1.708E008,5.981E+3,
1.71E08,5.868E+3,
1.712E008,6.066E+3,
1.714E008,6.042E+3,
1.716E008,5.985E+3,
1.718E008,6.023E+3,
1.72E08,5.959E+3,
1.722E008,6.032E+3,
1.724E008,5.854E+3,
1.726E008,5.941E+3,
1.728E008,5.995E+3,
1.73E08,5.906E+3,
1.732E008,5.925E+3,
1.734E008,6.061E+3,
1.736E008,6.022E+3,
1.738E008,5.944E+3,
1.74E08,5.977E+3,
1.742E008,5.949E+3,
1.744E008,6.065E+3,
1.746E008,5.948E+3,
1.748E008,5.727E+3,
1.75E08,5.942E+3,
1.752E008,6.018E+3,
1.754E008,5.979E+3,
1.756E008,6.009E+3,
1.758E008,5.915E+3,
1.76E08,5.958E+3,
1.762E008,6.074E+3,
1.764E008,6.041E+3,
1.766E008,5.966E+3,
1.768E008,5.874E+3,
1.77E08,6.008E+3,
1.772E008,6.020E+3,
1.774E008,5.938E+3,
1.776E008,5.928E+3,
1.778E008,5.961E+3,
1.78E08,5.897E+3,
1.782E008,5.969E+3,
1.784E008,6.086E+3,
1.786E008,6.008E+3,
1.788E008,5.862E+3,
1.79E08,5.786E+3,
1.792E008,6.101E+3,
1.794E008,5.830E+3,
1.796E008,5.984E+3,
1.798E008,5.887E+3,
1.8E08,6.082E+3,
1.802E008,6.001E+3,
1.804E008,5.858E+3,
1.806E008,6.079E+3,
1.808E008,6.102E+3,
1.81E08,5.876E+3,
1.812E008,6.071E+3,
1.814E008,6.019E+3,
1.816E008,5.956E+3,
1.818E008,5.870E+3,
1.82E08,6.039E+3,
1.822E008,6.027E+3,
1.824E008,6.132E+3,
1.826E008,5.896E+3,
1.828E008,5.887E+3,
1.83E08,5.898E+3,
1.832E008,5.891E+3,
1.834E008,5.989E+3,
1.836E008,5.792E+3,
1.838E008,5.998E+3,
1.84E08,6.027E+3,
1.842E008,6.191E+3,
1.844E008,5.831E+3,
1.846E008,6.043E+3,
1.848E008,6.069E+3,
1.85E08,5.843E+3,
1.852E008,6.127E+3,
1.854E008,5.991E+3,
1.856E008,6.018E+3,
1.858E008,5.919E+3,
1.86E08,6.060E+3,
1.862E008,5.863E+3,
1.864E008,6.134E+3,
1.866E008,5.982E+3,
1.868E008,5.995E+3,
1.87E08,5.808E+3,
1.872E008,6.000E+3,
1.874E008,5.929E+3,
1.876E008,6.175E+3,
1.878E008,5.872E+3,
1.88E08,6.040E+3,
1.882E008,5.860E+3,
1.884E008,6.032E+3,
1.886E008,6.092E+3,
1.888E008,6.016E+3,
1.89E08,5.963E+3,
1.892E008,6.037E+3,
1.894E008,6.116E+3,
1.896E008,5.936E+3,
1.898E008,5.939E+3,
1.9E08,5.958E+3,
1.902E008,6.038E+3,
1.904E008,6.017E+3,
1.906E008,5.935E+3,
1.908E008,5.917E+3,
1.91E08,6.024E+3,
1.912E008,5.984E+3,
1.914E008,5.854E+3,
1.916E008,6.013E+3,
1.918E008,5.970E+3,
1.92E08,5.935E+3,
1.922E008,5.877E+3,
1.924E008,5.963E+3,
1.926E008,5.883E+3,
1.928E008,5.829E+3,
1.93E08,6.146E+3,
1.932E008,5.963E+3,
1.934E008,5.973E+3,
1.936E008,5.876E+3,
1.938E008,5.875E+3,
1.94E08,6.043E+3,
1.942E008,6.046E+3,
1.944E008,5.984E+3,
1.946E008,6.045E+3,
1.948E008,6.022E+3,
1.95E08,5.985E+3,
1.952E008,5.913E+3,
1.954E008,6.066E+3,
1.956E008,5.898E+3,
1.958E008,5.780E+3,
1.96E08,6.069E+3,
1.962E008,5.923E+3,
1.964E008,5.832E+3,
1.966E008,5.922E+3,
1.968E008,5.902E+3,
1.97E08,5.949E+3,
1.972E008,6.133E+3,
1.974E008,6.252E+3,
1.976E008,6.007E+3,
1.978E008,5.985E+3,
1.98E08,5.950E+3,
1.982E008,6.259E+3,
1.984E008,6.003E+3,
1.986E008,5.893E+3,
1.988E008,6.115E+3,
1.99E08,5.940E+3,
1.992E008,6.183E+3,
1.994E008,5.876E+3,
1.996E008,6.162E+3,
1.998E008,5.961E+3,
