Labels,2ms_283k,
Type,Time Scan,
Comment,,
Start,0.00,
Stop,1.998E008,
Step,2E05,
Fixed/Offset, ,
XAxis,Time,
YAxis,Counts,

0.00,1.021E+4,
2E05,2.858E+4,
4E05,4.657E+4,
6E05,6.393E+4,
800000.060000,8.009E+4,
1E06,9.557E+4,
1.2E06,1.106E+5,
1.4E06,1.243E+5,
1.6E06,1.393E+5,
1.8E06,1.516E+5,
2E06,1.638E+5,
2.2E06,1.611E+5,
2.4E06,1.582E+5,
2.6E06,1.555E+5,
2.8E06,1.531E+5,
3E06,1.501E+5,
3.2E06,1.483E+5,
3.4E06,1.463E+5,
3.6E06,1.429E+5,
3.8E06,1.406E+5,
4E06,1.377E+5,
4.2E06,1.361E+5,
4.4E06,1.340E+5,
4.6E06,1.315E+5,
4.8E06,1.292E+5,
5E06,1.271E+5,
5.2E06,1.252E+5,
5.4E06,1.231E+5,
5.6E06,1.211E+5,
5.8E06,1.192E+5,
6E06,1.175E+5,
6.2E06,1.150E+5,
6400000.500000,1.139E+5,
6600000.500000,1.119E+5,
6800000.500000,1.101E+5,
7000000.500000,1.077E+5,
7200000.600000,1.060E+5,
7400000.600000,1.044E+5,
7600000.600000,1.029E+5,
7800000.600000,1.007E+5,
8000000.600000,9.889E+4,
8200000.600000,9.812E+4,
8400000.700000,9.644E+4,
8600000.700000,9.526E+4,
8800000.700000,9.409E+4,
9000000.700000,9.233E+4,
9200000.700000,9.030E+4,
9400000.700000,8.875E+4,
9600000.800000,8.739E+4,
9800000.800000,8.645E+4,
1E07,8.439E+4,
1.02E07,8.368E+4,
1.04E07,8.247E+4,
1.06E07,8.066E+4,
1.08E07,7.985E+4,
1.1E07,7.846E+4,
1.12E07,7.731E+4,
1.14E07,7.588E+4,
1.16E07,7.470E+4,
1.18E07,7.344E+4,
1.2E07,7.272E+4,
1.22E07,7.156E+4,
1.24E07,7.055E+4,
1.26E07,6.900E+4,
1.28E07,6.822E+4,
1.3E07,6.693E+4,
1.32E07,6.591E+4,
1.34E07,6.508E+4,
1.36E07,6.375E+4,
1.38E07,6.273E+4,
1.4E07,6.167E+4,
1.42E07,6.168E+4,
1.44E07,6.061E+4,
1.46E07,5.957E+4,
1.48E07,5.868E+4,
1.5E07,5.794E+4,
1.52E07,5.628E+4,
1.54E07,5.544E+4,
1.56E07,5.502E+4,
1.58E07,5.401E+4,
1.6E07,5.316E+4,
1.62E07,5.235E+4,
1.64E07,5.187E+4,
1.66E07,5.090E+4,
1.68E07,5.043E+4,
1.7E07,4.923E+4,
1.72E07,4.862E+4,
1.74E07,4.768E+4,
1.76E07,4.715E+4,
1.78E07,4.656E+4,
1.8E07,4.556E+4,
1.82E07,4.501E+4,
1.84E07,4.488E+4,
1.86E07,4.415E+4,
1.88E07,4.320E+4,
1.9E07,4.267E+4,
1.92E07,4.214E+4,
1.94E07,4.178E+4,
1.96E07,4.062E+4,
1.98E07,3.993E+4,
2E07,3.957E+4,
2.02E07,3.894E+4,
2.04E07,3.858E+4,
2.06E07,3.811E+4,
2.08E07,3.762E+4,
2.1E07,3.737E+4,
2.12E07,3.666E+4,
2.14E07,3.595E+4,
2.16E07,3.523E+4,
2.18E07,3.505E+4,
2.2E07,3.424E+4,
2.22E07,3.406E+4,
2.24E07,3.364E+4,
2.26E07,3.297E+4,
2.28E07,3.280E+4,
2.3E07,3.211E+4,
2.32E07,3.167E+4,
2.34E07,3.119E+4,
2.36E07,3.070E+4,
2.38E07,3.061E+4,
2.4E07,2.995E+4,
2.42E07,2.962E+4,
2.44E07,2.951E+4,
2.46E07,2.865E+4,
2.48E07,2.831E+4,
2.5E07,2.810E+4,
2.52E07,2.749E+4,
2.54E07,2.720E+4,
2.56E07,2.647E+4,
2.58E07,2.658E+4,
2.6E07,2.616E+4,
2.62E07,2.596E+4,
2.64E07,2.551E+4,
2.66E07,2.548E+4,
2.68E07,2.524E+4,
2.7E07,2.448E+4,
2.72E07,2.452E+4,
2.74E07,2.407E+4,
2.76E07,2.381E+4,
2.78E07,2.324E+4,
2.8E07,2.275E+4,
2.82E07,2.269E+4,
2.84E07,2.260E+4,
2.86E07,2.224E+4,
2.88E07,2.183E+4,
2.9E07,2.173E+4,
2.92E07,2.146E+4,
2.94E07,2.089E+4,
2.96E07,2.081E+4,
2.98E07,2.049E+4,
3E07,2.044E+4,
3.02E07,2.028E+4,
3.04E07,1.988E+4,
3.06E07,1.968E+4,
3.08E07,1.952E+4,
3.1E07,1.903E+4,
3.12E07,1.901E+4,
3.14E07,1.887E+4,
3.16E07,1.879E+4,
3.18E07,1.875E+4,
3.2E07,1.824E+4,
3.22E07,1.789E+4,
3.24E07,1.779E+4,
3.26E07,1.732E+4,
3.28E07,1.717E+4,
3.3E07,1.732E+4,
3.32E07,1.707E+4,
3.34E07,1.706E+4,
3.36E07,1.657E+4,
3.38E07,1.647E+4,
3.4E07,1.641E+4,
3.42E07,1.602E+4,
3.44E07,1.586E+4,
3.46E07,1.552E+4,
3.48E07,1.554E+4,
3.5E07,1.539E+4,
3.52E07,1.512E+4,
3.54E07,1.515E+4,
3.56E07,1.492E+4,
3.58E07,1.503E+4,
3.6E07,1.460E+4,
3.62E07,1.445E+4,
3.64E07,1.443E+4,
3.66E07,1.421E+4,
3.68E07,1.416E+4,
3.7E07,1.399E+4,
3.72E07,1.382E+4,
3.74E07,1.377E+4,
3.76E07,1.350E+4,
3.78E07,1.349E+4,
3.8E07,1.340E+4,
3.82E07,1.321E+4,
3.84E07,1.321E+4,
3.86E07,1.295E+4,
3.88E07,1.260E+4,
3.9E07,1.279E+4,
3.92E07,1.244E+4,
3.94E07,1.241E+4,
3.96E07,1.235E+4,
3.98E07,1.214E+4,
4E07,1.229E+4,
4.02E07,1.219E+4,
4.04E07,1.190E+4,
4.06E07,1.197E+4,
4.08E07,1.171E+4,
4.1E07,1.150E+4,
4.12E07,1.161E+4,
4.14E07,1.125E+4,
4.16E07,1.127E+4,
4.18E07,1.134E+4,
4.2E07,1.134E+4,
4.22E07,1.126E+4,
4.24E07,1.122E+4,
4.26E07,1.092E+4,
4.28E07,1.070E+4,
4.3E07,1.088E+4,
4.32E07,1.073E+4,
4.34E07,1.065E+4,
4.36E07,1.059E+4,
4.38E07,1.034E+4,
4.4E07,1.041E+4,
4.42E07,1.036E+4,
4.44E07,1.029E+4,
4.46E07,1.022E+4,
4.48E07,1.011E+4,
4.5E07,1.004E+4,
4.52E07,1.003E+4,
4.54E07,9.817E+3,
4.56E07,9.839E+3,
4.58E07,9.908E+3,
4.6E07,9.722E+3,
4.62E07,9.576E+3,
4.64E07,9.555E+3,
4.66E07,9.489E+3,
4.68E07,9.347E+3,
4.7E07,9.556E+3,
4.72E07,9.261E+3,
4.74E07,9.496E+3,
4.76E07,9.088E+3,
4.78E07,9.219E+3,
4.8E07,9.027E+3,
4.82E07,9.153E+3,
4.84E07,8.992E+3,
4.86E07,9.045E+3,
4.88E07,8.904E+3,
4.9E07,8.994E+3,
4.92E07,8.846E+3,
4.94E07,8.652E+3,
4.96E07,8.543E+3,
4.98E07,8.539E+3,
5E07,8.622E+3,
5.02E07,8.331E+3,
5.04E07,8.535E+3,
5.06E07,8.472E+3,
5.08E07,8.515E+3,
5.1E07,8.428E+3,
5.12E07,8.345E+3,
5.14E07,8.425E+3,
5.16E07,8.261E+3,
5.18E07,8.205E+3,
5.2E07,8.251E+3,
5.22E07,8.284E+3,
5.24E07,8.204E+3,
5.26E07,7.949E+3,
5.28E07,8.097E+3,
5.3E07,8.102E+3,
5.32E07,8.007E+3,
5.34E07,8.039E+3,
5.36E07,7.843E+3,
5.38E07,7.945E+3,
5.4E07,7.686E+3,
5.42E07,7.705E+3,
5.44E07,7.904E+3,
5.46E07,7.715E+3,
5.48E07,7.642E+3,
5.5E07,7.725E+3,
5.52E07,7.698E+3,
5.54E07,7.735E+3,
5.56E07,7.613E+3,
5.58E07,7.621E+3,
5.6E07,7.377E+3,
5.62E07,7.618E+3,
5.64E07,7.450E+3,
5.66E07,7.653E+3,
5.68E07,7.486E+3,
5.7E07,7.434E+3,
5.72E07,7.501E+3,
5.74E07,7.424E+3,
5.76E07,7.394E+3,
5.78E07,7.279E+3,
5.8E07,7.315E+3,
5.82E07,7.172E+3,
5.84E07,7.483E+3,
5.86E07,7.224E+3,
5.88E07,7.301E+3,
5.9E07,7.078E+3,
5.92E07,7.104E+3,
5.94E07,7.212E+3,
5.96E07,7.021E+3,
5.98E07,7.173E+3,
6E07,7.043E+3,
6.02E07,7.080E+3,
6.04E07,7.034E+3,
6.06E07,7.292E+3,
6.08E07,7.113E+3,
6.1E07,7.051E+3,
6.12E07,7.055E+3,
6.14E07,7.009E+3,
6.16E07,7.118E+3,
6.18E07,7.054E+3,
6.2E07,6.834E+3,
6.22E07,6.847E+3,
6.24E07,7.002E+3,
6.26E07,6.856E+3,
6.28E07,6.912E+3,
6.3E07,7.012E+3,
6.32E07,6.868E+3,
6.34E07,6.884E+3,
6.36E07,6.755E+3,
6.38E07,6.798E+3,
64000005.000000,6.673E+3,
64200005.000000,6.955E+3,
64400005.000000,6.781E+3,
64600005.000000,6.776E+3,
64800005.000000,6.663E+3,
65000005.000000,6.783E+3,
65200005.000000,6.720E+3,
65400005.000000,6.603E+3,
65600005.000000,6.674E+3,
65800005.000000,6.414E+3,
66000005.000000,6.789E+3,
66200005.000000,6.479E+3,
66400005.000000,6.485E+3,
66600005.000000,6.788E+3,
66800005.000000,6.528E+3,
67000005.000000,6.664E+3,
67200005.000000,6.727E+3,
67400005.000000,6.720E+3,
67600005.000000,6.500E+3,
67800005.000000,6.394E+3,
68000005.000000,6.609E+3,
68200005.000000,6.372E+3,
68400005.000000,6.553E+3,
68600005.000000,6.466E+3,
68800005.000000,6.426E+3,
69000005.000000,6.670E+3,
69200005.000000,6.452E+3,
69400005.000000,6.542E+3,
69600005.000000,6.514E+3,
69800005.000000,6.450E+3,
70000005.000000,6.507E+3,
70200005.000000,6.478E+3,
70400006.000000,6.494E+3,
70600006.000000,6.489E+3,
70800006.000000,6.469E+3,
71000006.000000,6.354E+3,
71200006.000000,6.413E+3,
71400006.000000,6.362E+3,
71600006.000000,6.450E+3,
71800006.000000,6.323E+3,
72000006.000000,6.407E+3,
72200006.000000,6.250E+3,
72400006.000000,6.339E+3,
72600006.000000,6.450E+3,
72800006.000000,6.382E+3,
73000006.000000,6.493E+3,
73200006.000000,6.144E+3,
73400006.000000,6.255E+3,
73600006.000000,6.323E+3,
73800006.000000,6.326E+3,
74000006.000000,6.146E+3,
74200006.000000,6.294E+3,
74400006.000000,6.491E+3,
74600006.000000,6.210E+3,
74800006.000000,6.255E+3,
75000006.000000,6.253E+3,
75200006.000000,6.267E+3,
75400006.000000,6.222E+3,
75600006.000000,6.225E+3,
75800006.000000,6.266E+3,
76000006.000000,6.227E+3,
76200006.000000,6.325E+3,
76400006.000000,6.448E+3,
76600006.000000,6.283E+3,
76800006.000000,6.190E+3,
77000006.000000,6.195E+3,
77200006.000000,6.201E+3,
77400006.000000,6.178E+3,
77600006.000000,6.148E+3,
77800006.000000,6.182E+3,
78000006.000000,6.082E+3,
78200006.000000,6.217E+3,
78400006.000000,6.092E+3,
78600006.000000,6.204E+3,
78800006.000000,6.251E+3,
79000006.000000,6.363E+3,
79200006.000000,5.890E+3,
79400006.000000,6.253E+3,
79600006.000000,6.340E+3,
79800006.000000,6.232E+3,
80000006.000000,6.267E+3,
80200006.000000,6.152E+3,
80400006.000000,6.313E+3,
80600006.000000,6.124E+3,
80800006.000000,6.062E+3,
81000006.000000,6.114E+3,
81200006.000000,6.124E+3,
81400006.000000,6.214E+3,
81600006.000000,6.240E+3,
81800006.000000,6.185E+3,
82000006.000000,6.137E+3,
82200006.000000,6.080E+3,
82400006.000000,6.063E+3,
82600006.000000,5.985E+3,
82800006.000000,5.994E+3,
83000006.000000,6.173E+3,
83200007.000000,6.137E+3,
83400007.000000,6.091E+3,
83600007.000000,6.124E+3,
83800007.000000,6.085E+3,
84000007.000000,6.078E+3,
84200007.000000,6.257E+3,
84400007.000000,6.123E+3,
84600007.000000,5.930E+3,
84800007.000000,5.936E+3,
85000007.000000,6.001E+3,
85200007.000000,6.152E+3,
85400007.000000,6.153E+3,
85600007.000000,6.064E+3,
85800007.000000,5.967E+3,
86000007.000000,6.133E+3,
86200007.000000,6.310E+3,
86400007.000000,6.219E+3,
86600007.000000,6.022E+3,
86800007.000000,6.200E+3,
87000007.000000,6.132E+3,
87200007.000000,6.031E+3,
87400007.000000,6.031E+3,
87600007.000000,6.082E+3,
87800007.000000,6.002E+3,
88000007.000000,5.916E+3,
88200007.000000,6.121E+3,
88400007.000000,6.027E+3,
88600007.000000,6.184E+3,
88800007.000000,6.159E+3,
89000007.000000,6.133E+3,
89200007.000000,6.132E+3,
89400007.000000,5.946E+3,
89600007.000000,6.061E+3,
89800007.000000,6.029E+3,
90000007.000000,6.079E+3,
90200007.000000,5.925E+3,
90400007.000000,6.207E+3,
90600007.000000,5.851E+3,
90800007.000000,6.170E+3,
91000007.000000,5.981E+3,
91200007.000000,6.047E+3,
91400007.000000,5.859E+3,
91600007.000000,6.091E+3,
91800007.000000,6.042E+3,
92000007.000000,6.059E+3,
92200007.000000,6.103E+3,
92400007.000000,6.052E+3,
92600007.000000,6.018E+3,
92800007.000000,6.062E+3,
93000007.000000,6.032E+3,
93200007.000000,6.030E+3,
93400007.000000,6.132E+3,
93600007.000000,6.067E+3,
93800007.000000,6.143E+3,
94000007.000000,6.116E+3,
94200007.000000,5.911E+3,
94400007.000000,6.089E+3,
94600007.000000,6.084E+3,
94800007.000000,6.053E+3,
95000007.000000,5.928E+3,
95200007.000000,6.110E+3,
95400007.000000,5.998E+3,
95600007.000000,5.930E+3,
95800007.000000,6.019E+3,
96000008.000000,6.072E+3,
96200008.000000,6.196E+3,
96400008.000000,5.850E+3,
96600008.000000,6.034E+3,
96800008.000000,5.815E+3,
97000008.000000,5.920E+3,
97200008.000000,6.034E+3,
97400008.000000,5.965E+3,
97600008.000000,5.991E+3,
97800008.000000,6.027E+3,
98000008.000000,5.980E+3,
98200008.000000,5.878E+3,
98400008.000000,5.925E+3,
98600008.000000,5.873E+3,
98800008.000000,6.021E+3,
99000008.000000,5.927E+3,
99200008.000000,6.089E+3,
99400008.000000,5.866E+3,
99600008.000000,5.973E+3,
99800008.000000,6.047E+3,
1E08,5.938E+3,
1.002E008,6.005E+3,
1.004E008,6.139E+3,
1.006E008,6.009E+3,
1.008E008,5.940E+3,
1.01E08,5.899E+3,
1.012E008,5.971E+3,
1.014E008,5.978E+3,
1.016E008,6.075E+3,
1.018E008,5.874E+3,
1.02E08,6.041E+3,
1.022E008,5.974E+3,
1.024E008,6.028E+3,
1.026E008,6.008E+3,
1.028E008,6.027E+3,
1.03E08,5.952E+3,
1.032E008,6.033E+3,
1.034E008,6.142E+3,
1.036E008,5.923E+3,
1.038E008,5.931E+3,
1.04E08,5.894E+3,
1.042E008,5.754E+3,
1.044E008,5.980E+3,
1.046E008,5.788E+3,
1.048E008,6.041E+3,
1.05E08,6.004E+3,
1.052E008,6.062E+3,
1.054E008,6.145E+3,
1.056E008,6.026E+3,
1.058E008,5.992E+3,
1.06E08,6.159E+3,
1.062E008,6.092E+3,
1.064E008,5.974E+3,
1.066E008,6.008E+3,
1.068E008,5.841E+3,
1.07E08,5.942E+3,
1.072E008,6.066E+3,
1.074E008,5.973E+3,
1.076E008,6.024E+3,
1.078E008,5.850E+3,
1.08E08,5.932E+3,
1.082E008,5.923E+3,
1.084E008,6.045E+3,
1.086E008,5.908E+3,
1.088E008,5.949E+3,
1.09E08,5.972E+3,
1.092E008,6.019E+3,
1.094E008,5.912E+3,
1.096E008,5.949E+3,
1.098E008,5.861E+3,
1.1E08,5.905E+3,
1.102E008,6.170E+3,
1.104E008,6.007E+3,
1.106E008,5.834E+3,
1.108E008,5.935E+3,
1.11E08,5.920E+3,
1.112E008,5.892E+3,
1.114E008,6.095E+3,
1.116E008,6.043E+3,
1.118E008,6.056E+3,
1.12E08,6.041E+3,
1.122E008,5.909E+3,
1.124E008,6.022E+3,
1.126E008,6.157E+3,
1.128E008,6.076E+3,
1.13E08,5.882E+3,
1.132E008,6.010E+3,
1.134E008,5.956E+3,
1.136E008,6.019E+3,
1.138E008,5.907E+3,
1.14E08,5.849E+3,
1.142E008,5.957E+3,
1.144E008,5.909E+3,
1.146E008,5.914E+3,
1.148E008,6.163E+3,
1.15E08,5.744E+3,
1.152E008,6.015E+3,
1.154E008,6.150E+3,
1.156E008,5.999E+3,
1.158E008,6.009E+3,
1.16E08,5.990E+3,
1.162E008,6.053E+3,
1.164E008,6.031E+3,
1.166E008,5.911E+3,
1.168E008,5.923E+3,
1.17E08,6.124E+3,
1.172E008,5.916E+3,
1.174E008,5.974E+3,
1.176E008,5.887E+3,
1.178E008,5.930E+3,
1.18E08,6.037E+3,
1.182E008,5.962E+3,
1.184E008,5.943E+3,
1.186E008,5.904E+3,
1.188E008,6.086E+3,
1.19E08,6.009E+3,
1.192E008,5.842E+3,
1.194E008,5.992E+3,
1.196E008,5.984E+3,
1.198E008,5.908E+3,
1.2E08,5.978E+3,
1.202E008,5.804E+3,
1.204E008,5.905E+3,
1.206E008,5.962E+3,
1.208E008,6.097E+3,
1.21E08,6.013E+3,
1.212E008,5.838E+3,
1.214E008,5.813E+3,
1.216E008,5.941E+3,
1.218E008,5.685E+3,
1.22E08,5.916E+3,
1.222E008,5.889E+3,
1.224E008,6.041E+3,
1.226E008,5.848E+3,
1.228E008,5.963E+3,
1.23E08,5.943E+3,
1.232E008,5.974E+3,
1.234E008,5.744E+3,
1.236E008,5.934E+3,
1.238E008,5.890E+3,
1.24E08,5.998E+3,
1.242E008,5.960E+3,
1.244E008,5.946E+3,
1.246E008,6.062E+3,
1.248E008,5.862E+3,
1.25E08,6.034E+3,
1.252E008,5.950E+3,
1.254E008,5.893E+3,
1.256E008,5.965E+3,
1.258E008,6.069E+3,
1.26E08,6.004E+3,
1.262E008,5.850E+3,
1.264E008,5.964E+3,
1.266E008,5.931E+3,
1.268E008,5.922E+3,
1.27E08,5.976E+3,
1.272E008,5.923E+3,
1.274E008,5.986E+3,
1.276E008,6.002E+3,
1.278E008,5.825E+3,
1.28E08,5.948E+3,
1.282E008,6.077E+3,
1.284E008,5.875E+3,
1.286E008,5.903E+3,
1.288E008,5.867E+3,
1.29E08,5.885E+3,
1.292E008,5.908E+3,
1.294E008,5.977E+3,
1.296E008,6.018E+3,
1.298E008,6.092E+3,
1.3E08,5.940E+3,
1.302E008,5.889E+3,
1.304E008,5.753E+3,
1.306E008,5.957E+3,
1.308E008,5.703E+3,
1.31E08,6.055E+3,
1.312E008,5.874E+3,
1.314E008,5.913E+3,
1.316E008,5.894E+3,
1.318E008,5.830E+3,
1.32E08,6.099E+3,
1.322E008,5.851E+3,
1.324E008,6.013E+3,
1.326E008,6.132E+3,
1.328E008,5.881E+3,
1.33E08,6.052E+3,
1.332E008,5.765E+3,
1.334E008,5.986E+3,
1.336E008,6.023E+3,
1.338E008,5.950E+3,
1.34E08,5.824E+3,
1.342E008,6.018E+3,
1.344E008,5.920E+3,
1.346E008,6.101E+3,
1.348E008,6.019E+3,
1.35E08,5.950E+3,
1.352E008,5.936E+3,
1.354E008,5.838E+3,
1.356E008,5.975E+3,
1.358E008,6.033E+3,
1.36E08,5.936E+3,
1.362E008,5.845E+3,
1.364E008,5.851E+3,
1.366E008,5.830E+3,
1.368E008,5.786E+3,
1.37E08,5.937E+3,
1.372E008,5.950E+3,
1.374E008,5.988E+3,
1.376E008,5.903E+3,
1.378E008,5.899E+3,
1.38E08,6.009E+3,
1.382E008,5.968E+3,
1.384E008,6.025E+3,
1.386E008,5.768E+3,
1.388E008,6.056E+3,
1.39E08,6.026E+3,
1.392E008,6.000E+3,
1.394E008,6.059E+3,
1.396E008,5.857E+3,
1.398E008,6.020E+3,
1.4E08,5.704E+3,
1.402E008,5.936E+3,
1.404E008,5.826E+3,
1.406E008,6.017E+3,
1.408E008,5.939E+3,
1.41E08,5.830E+3,
1.412E008,5.953E+3,
1.414E008,5.954E+3,
1.416E008,6.081E+3,
1.418E008,5.828E+3,
1.42E08,6.030E+3,
1.422E008,5.879E+3,
1.424E008,5.982E+3,
1.426E008,6.080E+3,
1.428E008,5.933E+3,
1.43E08,5.844E+3,
1.432E008,5.913E+3,
1.434E008,5.887E+3,
1.436E008,5.887E+3,
1.438E008,5.860E+3,
1.44E08,5.939E+3,
1.442E008,5.930E+3,
1.444E008,5.950E+3,
1.446E008,6.026E+3,
1.448E008,5.900E+3,
1.45E08,5.883E+3,
1.452E008,5.984E+3,
1.454E008,5.903E+3,
1.456E008,5.908E+3,
1.458E008,5.885E+3,
1.46E08,5.938E+3,
1.462E008,5.874E+3,
1.464E008,5.902E+3,
1.466E008,6.001E+3,
1.468E008,5.957E+3,
1.47E08,5.981E+3,
1.472E008,6.032E+3,
1.474E008,5.779E+3,
1.476E008,5.838E+3,
1.478E008,5.975E+3,
1.48E08,5.952E+3,
1.482E008,5.928E+3,
1.484E008,5.982E+3,
1.486E008,5.862E+3,
1.488E008,5.878E+3,
1.49E08,6.007E+3,
1.492E008,5.976E+3,
1.494E008,5.844E+3,
1.496E008,6.007E+3,
1.498E008,6.016E+3,
1.5E08,5.906E+3,
1.502E008,6.087E+3,
1.504E008,5.771E+3,
1.506E008,6.055E+3,
1.508E008,5.990E+3,
1.51E08,6.115E+3,
1.512E008,5.921E+3,
1.514E008,5.991E+3,
1.516E008,5.898E+3,
1.518E008,5.997E+3,
1.52E08,5.989E+3,
1.522E008,5.897E+3,
1.524E008,5.893E+3,
1.526E008,5.860E+3,
1.528E008,6.064E+3,
1.53E08,5.940E+3,
1.532E008,5.972E+3,
1.534E008,5.932E+3,
1.536E008,5.867E+3,
1.538E008,5.901E+3,
1.54E08,5.900E+3,
1.542E008,6.068E+3,
1.544E008,5.914E+3,
1.546E008,5.913E+3,
1.548E008,5.893E+3,
1.55E08,5.999E+3,
1.552E008,5.888E+3,
1.554E008,6.048E+3,
1.556E008,6.083E+3,
1.558E008,5.916E+3,
1.56E08,5.963E+3,
1.562E008,6.001E+3,
1.564E008,6.073E+3,
1.566E008,5.968E+3,
1.568E008,5.936E+3,
1.57E08,5.998E+3,
1.572E008,5.952E+3,
1.574E008,6.005E+3,
1.576E008,6.017E+3,
1.578E008,5.913E+3,
1.58E08,5.954E+3,
1.582E008,5.804E+3,
1.584E008,5.895E+3,
1.586E008,5.877E+3,
1.588E008,5.944E+3,
1.59E08,5.779E+3,
1.592E008,5.937E+3,
1.594E008,6.011E+3,
1.596E008,5.963E+3,
1.598E008,6.022E+3,
1.6E08,5.889E+3,
1.602E008,5.928E+3,
1.604E008,5.931E+3,
1.606E008,5.962E+3,
1.608E008,5.957E+3,
1.61E08,5.943E+3,
1.612E008,6.122E+3,
1.614E008,5.943E+3,
1.616E008,5.989E+3,
1.618E008,5.797E+3,
1.62E08,5.920E+3,
1.622E008,5.968E+3,
1.624E008,6.061E+3,
1.626E008,6.007E+3,
1.628E008,5.919E+3,
1.63E08,5.885E+3,
1.632E008,5.916E+3,
1.634E008,6.025E+3,
1.636E008,5.848E+3,
1.638E008,5.866E+3,
1.64E08,5.916E+3,
1.642E008,5.902E+3,
1.644E008,5.778E+3,
1.646E008,5.984E+3,
1.648E008,6.030E+3,
1.65E08,5.876E+3,
1.652E008,5.936E+3,
1.654E008,5.865E+3,
1.656E008,5.924E+3,
1.658E008,5.981E+3,
1.66E08,5.965E+3,
1.662E008,5.881E+3,
1.664E008,6.019E+3,
1.666E008,5.982E+3,
1.668E008,6.014E+3,
1.67E08,5.942E+3,
1.672E008,5.907E+3,
1.674E008,6.064E+3,
1.676E008,5.837E+3,
1.678E008,6.112E+3,
1.68E08,6.015E+3,
1.682E008,5.896E+3,
1.684E008,5.928E+3,
1.686E008,5.843E+3,
1.688E008,5.949E+3,
1.69E08,6.004E+3,
1.692E008,6.092E+3,
1.694E008,6.050E+3,
1.696E008,5.943E+3,
1.698E008,5.736E+3,
1.7E08,5.906E+3,
1.702E008,5.915E+3,
1.704E008,5.904E+3,
1.706E008,5.824E+3,
1.708E008,5.847E+3,
1.71E08,5.814E+3,
1.712E008,6.030E+3,
1.714E008,5.882E+3,
1.716E008,5.934E+3,
1.718E008,5.951E+3,
1.72E08,5.919E+3,
1.722E008,5.742E+3,
1.724E008,5.692E+3,
1.726E008,6.017E+3,
1.728E008,5.947E+3,
1.73E08,6.066E+3,
1.732E008,5.893E+3,
1.734E008,5.902E+3,
1.736E008,5.877E+3,
1.738E008,5.937E+3,
1.74E08,5.859E+3,
1.742E008,5.985E+3,
1.744E008,5.827E+3,
1.746E008,6.032E+3,
1.748E008,5.872E+3,
1.75E08,5.883E+3,
1.752E008,5.936E+3,
1.754E008,6.100E+3,
1.756E008,5.971E+3,
1.758E008,5.966E+3,
1.76E08,5.812E+3,
1.762E008,5.969E+3,
1.764E008,5.918E+3,
1.766E008,5.903E+3,
1.768E008,5.911E+3,
1.77E08,5.749E+3,
1.772E008,5.944E+3,
1.774E008,5.899E+3,
1.776E008,6.005E+3,
1.778E008,5.892E+3,
1.78E08,5.860E+3,
1.782E008,5.855E+3,
1.784E008,5.951E+3,
1.786E008,5.875E+3,
1.788E008,6.000E+3,
1.79E08,5.988E+3,
1.792E008,6.012E+3,
1.794E008,5.887E+3,
1.796E008,5.937E+3,
1.798E008,5.983E+3,
1.8E08,5.949E+3,
1.802E008,6.036E+3,
1.804E008,5.902E+3,
1.806E008,6.074E+3,
1.808E008,5.879E+3,
1.81E08,6.185E+3,
1.812E008,5.989E+3,
1.814E008,5.951E+3,
1.816E008,5.869E+3,
1.818E008,5.869E+3,
1.82E08,5.935E+3,
1.822E008,6.034E+3,
1.824E008,5.975E+3,
1.826E008,5.909E+3,
1.828E008,5.840E+3,
1.83E08,5.852E+3,
1.832E008,5.908E+3,
1.834E008,5.784E+3,
1.836E008,5.974E+3,
1.838E008,5.959E+3,
1.84E08,6.102E+3,
1.842E008,5.873E+3,
1.844E008,5.791E+3,
1.846E008,6.002E+3,
1.848E008,5.911E+3,
1.85E08,5.835E+3,
1.852E008,5.919E+3,
1.854E008,5.809E+3,
1.856E008,5.977E+3,
1.858E008,5.908E+3,
1.86E08,5.970E+3,
1.862E008,6.020E+3,
1.864E008,5.794E+3,
1.866E008,5.993E+3,
1.868E008,6.002E+3,
1.87E08,5.909E+3,
1.872E008,5.860E+3,
1.874E008,5.876E+3,
1.876E008,5.917E+3,
1.878E008,5.917E+3,
1.88E08,5.887E+3,
1.882E008,5.919E+3,
1.884E008,5.882E+3,
1.886E008,5.770E+3,
1.888E008,6.017E+3,
1.89E08,5.826E+3,
1.892E008,5.828E+3,
1.894E008,5.998E+3,
1.896E008,5.863E+3,
1.898E008,6.007E+3,
1.9E08,5.814E+3,
1.902E008,6.213E+3,
1.904E008,5.815E+3,
1.906E008,5.961E+3,
1.908E008,5.882E+3,
1.91E08,6.138E+3,
1.912E008,6.015E+3,
1.914E008,5.827E+3,
1.916E008,5.871E+3,
1.918E008,5.942E+3,
1.92E08,5.906E+3,
1.922E008,5.967E+3,
1.924E008,5.921E+3,
1.926E008,5.930E+3,
1.928E008,5.774E+3,
1.93E08,5.866E+3,
1.932E008,6.011E+3,
1.934E008,6.058E+3,
1.936E008,5.900E+3,
1.938E008,5.857E+3,
1.94E08,6.046E+3,
1.942E008,5.954E+3,
1.944E008,5.915E+3,
1.946E008,6.073E+3,
1.948E008,5.879E+3,
1.95E08,6.081E+3,
1.952E008,5.979E+3,
1.954E008,6.021E+3,
1.956E008,5.935E+3,
1.958E008,5.874E+3,
1.96E08,6.008E+3,
1.962E008,6.081E+3,
1.964E008,5.857E+3,
1.966E008,5.835E+3,
1.968E008,5.751E+3,
1.97E08,5.963E+3,
1.972E008,5.854E+3,
1.974E008,5.899E+3,
1.976E008,6.207E+3,
1.978E008,5.947E+3,
1.98E08,5.958E+3,
1.982E008,6.082E+3,
1.984E008,6.041E+3,
1.986E008,5.795E+3,
1.988E008,5.969E+3,
1.99E08,6.249E+3,
1.992E008,5.961E+3,
1.994E008,5.901E+3,
1.996E008,5.945E+3,
1.998E008,5.955E+3,
