Labels,2ms_300k,
Type,Time Scan,
Comment,,
Start,0.00,
Stop,1.998E008,
Step,2E05,
Fixed/Offset, ,
XAxis,Time,
YAxis,Counts,

0.00,8.805E+3,
2E05,1.890E+4,
4E05,2.762E+4,
6E05,3.588E+4,
800000.060000,4.453E+4,
1E06,5.242E+4,
1.2E06,6.024E+4,
1.4E06,6.759E+4,
1.6E06,7.478E+4,
1.8E06,8.146E+4,
2E06,8.633E+4,
2.2E06,8.481E+4,
2.4E06,8.340E+4,
2.6E06,8.196E+4,
2.8E06,8.008E+4,
3E06,7.818E+4,
3.2E06,7.662E+4,
3.4E06,7.507E+4,
3.6E06,7.398E+4,
3.8E06,7.244E+4,
4E06,7.164E+4,
4.2E06,7.071E+4,
4.4E06,6.919E+4,
4.6E06,6.710E+4,
4.8E06,6.727E+4,
5E06,6.552E+4,
5.2E06,6.434E+4,
5.4E06,6.294E+4,
5.6E06,6.262E+4,
5.8E06,6.116E+4,
6E06,6.006E+4,
6.2E06,5.894E+4,
6400000.500000,5.801E+4,
6600000.500000,5.708E+4,
6800000.500000,5.600E+4,
7000000.500000,5.517E+4,
7200000.600000,5.455E+4,
7400000.600000,5.374E+4,
7600000.600000,5.252E+4,
7800000.600000,5.181E+4,
8000000.600000,5.119E+4,
8200000.600000,5.000E+4,
8400000.700000,4.930E+4,
8600000.700000,4.862E+4,
8800000.700000,4.818E+4,
9000000.700000,4.712E+4,
9200000.700000,4.629E+4,
9400000.700000,4.565E+4,
9600000.800000,4.527E+4,
9800000.800000,4.423E+4,
1E07,4.386E+4,
1.02E07,4.333E+4,
1.04E07,4.180E+4,
1.06E07,4.182E+4,
1.08E07,4.097E+4,
1.1E07,4.055E+4,
1.12E07,3.984E+4,
1.14E07,3.905E+4,
1.16E07,3.887E+4,
1.18E07,3.796E+4,
1.2E07,3.746E+4,
1.22E07,3.696E+4,
1.24E07,3.682E+4,
1.26E07,3.598E+4,
1.28E07,3.519E+4,
1.3E07,3.473E+4,
1.32E07,3.429E+4,
1.34E07,3.408E+4,
1.36E07,3.378E+4,
1.38E07,3.286E+4,
1.4E07,3.297E+4,
1.42E07,3.220E+4,
1.44E07,3.183E+4,
1.46E07,3.116E+4,
1.48E07,3.072E+4,
1.5E07,3.049E+4,
1.52E07,2.992E+4,
1.54E07,2.962E+4,
1.56E07,2.923E+4,
1.58E07,2.878E+4,
1.6E07,2.829E+4,
1.62E07,2.773E+4,
1.64E07,2.745E+4,
1.66E07,2.755E+4,
1.68E07,2.679E+4,
1.7E07,2.660E+4,
1.72E07,2.618E+4,
1.74E07,2.562E+4,
1.76E07,2.508E+4,
1.78E07,2.474E+4,
1.8E07,2.517E+4,
1.82E07,2.427E+4,
1.84E07,2.427E+4,
1.86E07,2.384E+4,
1.88E07,2.334E+4,
1.9E07,2.336E+4,
1.92E07,2.298E+4,
1.94E07,2.255E+4,
1.96E07,2.211E+4,
1.98E07,2.202E+4,
2E07,2.163E+4,
2.02E07,2.138E+4,
2.04E07,2.114E+4,
2.06E07,2.112E+4,
2.08E07,2.061E+4,
2.1E07,2.059E+4,
2.12E07,2.002E+4,
2.14E07,1.980E+4,
2.16E07,1.975E+4,
2.18E07,1.963E+4,
2.2E07,1.923E+4,
2.22E07,1.884E+4,
2.24E07,1.868E+4,
2.26E07,1.868E+4,
2.28E07,1.844E+4,
2.3E07,1.803E+4,
2.32E07,1.828E+4,
2.34E07,1.765E+4,
2.36E07,1.751E+4,
2.38E07,1.744E+4,
2.4E07,1.722E+4,
2.42E07,1.711E+4,
2.44E07,1.669E+4,
2.46E07,1.673E+4,
2.48E07,1.610E+4,
2.5E07,1.630E+4,
2.52E07,1.612E+4,
2.54E07,1.601E+4,
2.56E07,1.598E+4,
2.58E07,1.565E+4,
2.6E07,1.540E+4,
2.62E07,1.530E+4,
2.64E07,1.479E+4,
2.66E07,1.468E+4,
2.68E07,1.484E+4,
2.7E07,1.460E+4,
2.72E07,1.456E+4,
2.74E07,1.445E+4,
2.76E07,1.420E+4,
2.78E07,1.427E+4,
2.8E07,1.388E+4,
2.82E07,1.359E+4,
2.84E07,1.358E+4,
2.86E07,1.354E+4,
2.88E07,1.377E+4,
2.9E07,1.327E+4,
2.92E07,1.326E+4,
2.94E07,1.305E+4,
2.96E07,1.272E+4,
2.98E07,1.267E+4,
3E07,1.265E+4,
3.02E07,1.236E+4,
3.04E07,1.242E+4,
3.06E07,1.227E+4,
3.08E07,1.215E+4,
3.1E07,1.185E+4,
3.12E07,1.210E+4,
3.14E07,1.186E+4,
3.16E07,1.189E+4,
3.18E07,1.164E+4,
3.2E07,1.174E+4,
3.22E07,1.158E+4,
3.24E07,1.161E+4,
3.26E07,1.144E+4,
3.28E07,1.101E+4,
3.3E07,1.106E+4,
3.32E07,1.108E+4,
3.34E07,1.091E+4,
3.36E07,1.089E+4,
3.38E07,1.067E+4,
3.4E07,1.066E+4,
3.42E07,1.061E+4,
3.44E07,1.058E+4,
3.46E07,1.032E+4,
3.48E07,1.038E+4,
3.5E07,1.032E+4,
3.52E07,1.019E+4,
3.54E07,1.016E+4,
3.56E07,1.010E+4,
3.58E07,9.934E+3,
3.6E07,1.006E+4,
3.62E07,9.798E+3,
3.64E07,9.875E+3,
3.66E07,9.693E+3,
3.68E07,9.776E+3,
3.7E07,9.395E+3,
3.72E07,9.867E+3,
3.74E07,9.572E+3,
3.76E07,9.518E+3,
3.78E07,9.412E+3,
3.8E07,9.161E+3,
3.82E07,9.168E+3,
3.84E07,9.231E+3,
3.86E07,9.021E+3,
3.88E07,9.053E+3,
3.9E07,9.064E+3,
3.92E07,9.040E+3,
3.94E07,9.108E+3,
3.96E07,9.011E+3,
3.98E07,8.882E+3,
4E07,8.912E+3,
4.02E07,8.808E+3,
4.04E07,8.829E+3,
4.06E07,8.629E+3,
4.08E07,8.510E+3,
4.1E07,8.749E+3,
4.12E07,8.603E+3,
4.14E07,8.696E+3,
4.16E07,8.486E+3,
4.18E07,8.570E+3,
4.2E07,8.362E+3,
4.22E07,8.433E+3,
4.24E07,8.213E+3,
4.26E07,8.157E+3,
4.28E07,8.238E+3,
4.3E07,8.290E+3,
4.32E07,8.143E+3,
4.34E07,7.994E+3,
4.36E07,7.829E+3,
4.38E07,7.827E+3,
4.4E07,7.908E+3,
4.42E07,7.954E+3,
4.44E07,7.773E+3,
4.46E07,7.732E+3,
4.48E07,7.918E+3,
4.5E07,7.685E+3,
4.52E07,7.939E+3,
4.54E07,7.660E+3,
4.56E07,7.792E+3,
4.58E07,7.718E+3,
4.6E07,7.575E+3,
4.62E07,7.535E+3,
4.64E07,7.505E+3,
4.66E07,7.515E+3,
4.68E07,7.445E+3,
4.7E07,7.446E+3,
4.72E07,7.456E+3,
4.74E07,7.523E+3,
4.76E07,7.561E+3,
4.78E07,7.470E+3,
4.8E07,7.511E+3,
4.82E07,7.325E+3,
4.84E07,7.554E+3,
4.86E07,7.390E+3,
4.88E07,7.173E+3,
4.9E07,7.374E+3,
4.92E07,7.173E+3,
4.94E07,7.231E+3,
4.96E07,7.151E+3,
4.98E07,7.233E+3,
5E07,7.246E+3,
5.02E07,7.287E+3,
5.04E07,7.238E+3,
5.06E07,7.173E+3,
5.08E07,7.131E+3,
5.1E07,7.145E+3,
5.12E07,7.078E+3,
5.14E07,7.079E+3,
5.16E07,7.019E+3,
5.18E07,7.104E+3,
5.2E07,7.155E+3,
5.22E07,7.191E+3,
5.24E07,6.934E+3,
5.26E07,7.012E+3,
5.28E07,6.826E+3,
5.3E07,6.809E+3,
5.32E07,6.842E+3,
5.34E07,6.888E+3,
5.36E07,6.806E+3,
5.38E07,6.949E+3,
5.4E07,6.969E+3,
5.42E07,6.660E+3,
5.44E07,6.849E+3,
5.46E07,6.830E+3,
5.48E07,6.909E+3,
5.5E07,6.693E+3,
5.52E07,6.699E+3,
5.54E07,6.556E+3,
5.56E07,6.664E+3,
5.58E07,6.715E+3,
5.6E07,6.852E+3,
5.62E07,6.838E+3,
5.64E07,6.755E+3,
5.66E07,6.693E+3,
5.68E07,6.638E+3,
5.7E07,6.696E+3,
5.72E07,6.496E+3,
5.74E07,6.507E+3,
5.76E07,6.488E+3,
5.78E07,6.567E+3,
5.8E07,6.626E+3,
5.82E07,6.486E+3,
5.84E07,6.560E+3,
5.86E07,6.620E+3,
5.88E07,6.530E+3,
5.9E07,6.413E+3,
5.92E07,6.718E+3,
5.94E07,6.500E+3,
5.96E07,6.451E+3,
5.98E07,6.522E+3,
6E07,6.404E+3,
6.02E07,6.512E+3,
6.04E07,6.427E+3,
6.06E07,6.307E+3,
6.08E07,6.435E+3,
6.1E07,6.474E+3,
6.12E07,6.372E+3,
6.14E07,6.269E+3,
6.16E07,6.517E+3,
6.18E07,6.496E+3,
6.2E07,6.235E+3,
6.22E07,6.579E+3,
6.24E07,6.419E+3,
6.26E07,6.320E+3,
6.28E07,6.347E+3,
6.3E07,6.451E+3,
6.32E07,6.352E+3,
6.34E07,6.488E+3,
6.36E07,6.380E+3,
6.38E07,6.399E+3,
64000005.000000,6.349E+3,
64200005.000000,6.415E+3,
64400005.000000,6.285E+3,
64600005.000000,6.406E+3,
64800005.000000,6.238E+3,
65000005.000000,6.301E+3,
65200005.000000,6.108E+3,
65400005.000000,6.241E+3,
65600005.000000,6.276E+3,
65800005.000000,6.346E+3,
66000005.000000,6.432E+3,
66200005.000000,6.344E+3,
66400005.000000,6.116E+3,
66600005.000000,6.287E+3,
66800005.000000,6.248E+3,
67000005.000000,6.471E+3,
67200005.000000,6.317E+3,
67400005.000000,6.312E+3,
67600005.000000,6.205E+3,
67800005.000000,6.273E+3,
68000005.000000,6.234E+3,
68200005.000000,6.239E+3,
68400005.000000,6.053E+3,
68600005.000000,6.285E+3,
68800005.000000,6.125E+3,
69000005.000000,6.369E+3,
69200005.000000,6.211E+3,
69400005.000000,6.281E+3,
69600005.000000,6.291E+3,
69800005.000000,6.235E+3,
70000005.000000,6.168E+3,
70200005.000000,6.219E+3,
70400006.000000,6.174E+3,
70600006.000000,6.157E+3,
70800006.000000,6.252E+3,
71000006.000000,6.178E+3,
71200006.000000,6.258E+3,
71400006.000000,6.178E+3,
71600006.000000,6.131E+3,
71800006.000000,6.182E+3,
72000006.000000,6.029E+3,
72200006.000000,6.102E+3,
72400006.000000,6.141E+3,
72600006.000000,6.087E+3,
72800006.000000,6.302E+3,
73000006.000000,6.086E+3,
73200006.000000,6.110E+3,
73400006.000000,6.129E+3,
73600006.000000,6.041E+3,
73800006.000000,6.121E+3,
74000006.000000,6.140E+3,
74200006.000000,6.203E+3,
74400006.000000,6.014E+3,
74600006.000000,6.158E+3,
74800006.000000,6.103E+3,
75000006.000000,6.056E+3,
75200006.000000,6.079E+3,
75400006.000000,6.117E+3,
75600006.000000,6.041E+3,
75800006.000000,6.056E+3,
76000006.000000,6.132E+3,
76200006.000000,6.171E+3,
76400006.000000,6.280E+3,
76600006.000000,6.201E+3,
76800006.000000,6.244E+3,
77000006.000000,6.106E+3,
77200006.000000,6.148E+3,
77400006.000000,5.971E+3,
77600006.000000,6.136E+3,
77800006.000000,6.197E+3,
78000006.000000,5.915E+3,
78200006.000000,6.150E+3,
78400006.000000,6.158E+3,
78600006.000000,6.109E+3,
78800006.000000,6.087E+3,
79000006.000000,6.026E+3,
79200006.000000,5.920E+3,
79400006.000000,6.088E+3,
79600006.000000,6.146E+3,
79800006.000000,6.066E+3,
80000006.000000,6.054E+3,
80200006.000000,6.051E+3,
80400006.000000,6.099E+3,
80600006.000000,6.034E+3,
80800006.000000,5.993E+3,
81000006.000000,5.945E+3,
81200006.000000,6.073E+3,
81400006.000000,6.077E+3,
81600006.000000,5.882E+3,
81800006.000000,6.052E+3,
82000006.000000,5.942E+3,
82200006.000000,6.039E+3,
82400006.000000,6.183E+3,
82600006.000000,6.205E+3,
82800006.000000,5.992E+3,
83000006.000000,6.069E+3,
83200007.000000,5.943E+3,
83400007.000000,6.091E+3,
83600007.000000,6.071E+3,
83800007.000000,6.050E+3,
84000007.000000,5.945E+3,
84200007.000000,5.956E+3,
84400007.000000,5.887E+3,
84600007.000000,6.018E+3,
84800007.000000,6.073E+3,
85000007.000000,6.101E+3,
85200007.000000,5.928E+3,
85400007.000000,5.932E+3,
85600007.000000,6.054E+3,
85800007.000000,6.122E+3,
86000007.000000,5.884E+3,
86200007.000000,6.050E+3,
86400007.000000,6.045E+3,
86600007.000000,6.085E+3,
86800007.000000,5.987E+3,
87000007.000000,6.114E+3,
87200007.000000,6.068E+3,
87400007.000000,5.904E+3,
87600007.000000,6.044E+3,
87800007.000000,6.080E+3,
88000007.000000,6.072E+3,
88200007.000000,5.897E+3,
88400007.000000,5.978E+3,
88600007.000000,5.855E+3,
88800007.000000,5.931E+3,
89000007.000000,5.956E+3,
89200007.000000,6.022E+3,
89400007.000000,5.981E+3,
89600007.000000,5.986E+3,
89800007.000000,5.982E+3,
90000007.000000,6.120E+3,
90200007.000000,5.908E+3,
90400007.000000,5.937E+3,
90600007.000000,5.995E+3,
90800007.000000,6.082E+3,
91000007.000000,6.052E+3,
91200007.000000,5.941E+3,
91400007.000000,5.995E+3,
91600007.000000,6.048E+3,
91800007.000000,6.227E+3,
92000007.000000,5.983E+3,
92200007.000000,5.910E+3,
92400007.000000,6.148E+3,
92600007.000000,5.935E+3,
92800007.000000,6.014E+3,
93000007.000000,6.063E+3,
93200007.000000,6.028E+3,
93400007.000000,5.990E+3,
93600007.000000,6.026E+3,
93800007.000000,5.840E+3,
94000007.000000,5.961E+3,
94200007.000000,5.970E+3,
94400007.000000,6.051E+3,
94600007.000000,5.910E+3,
94800007.000000,6.081E+3,
95000007.000000,6.138E+3,
95200007.000000,6.031E+3,
95400007.000000,5.967E+3,
95600007.000000,6.001E+3,
95800007.000000,6.036E+3,
96000008.000000,5.894E+3,
96200008.000000,5.840E+3,
96400008.000000,5.963E+3,
96600008.000000,5.962E+3,
96800008.000000,6.073E+3,
97000008.000000,6.046E+3,
97200008.000000,5.886E+3,
97400008.000000,5.858E+3,
97600008.000000,5.970E+3,
97800008.000000,6.065E+3,
98000008.000000,6.164E+3,
98200008.000000,5.960E+3,
98400008.000000,5.924E+3,
98600008.000000,5.982E+3,
98800008.000000,5.951E+3,
99000008.000000,5.954E+3,
99200008.000000,5.908E+3,
99400008.000000,6.067E+3,
99600008.000000,5.858E+3,
99800008.000000,6.010E+3,
1E08,5.940E+3,
1.002E008,5.954E+3,
1.004E008,6.047E+3,
1.006E008,5.941E+3,
1.008E008,6.135E+3,
1.01E08,6.016E+3,
1.012E008,5.948E+3,
1.014E008,6.023E+3,
1.016E008,5.951E+3,
1.018E008,5.952E+3,
1.02E08,5.990E+3,
1.022E008,6.006E+3,
1.024E008,6.091E+3,
1.026E008,6.034E+3,
1.028E008,5.851E+3,
1.03E08,5.919E+3,
1.032E008,5.974E+3,
1.034E008,5.895E+3,
1.036E008,5.955E+3,
1.038E008,6.100E+3,
1.04E08,6.026E+3,
1.042E008,6.056E+3,
1.044E008,5.966E+3,
1.046E008,6.075E+3,
1.048E008,6.134E+3,
1.05E08,5.927E+3,
1.052E008,6.018E+3,
1.054E008,6.047E+3,
1.056E008,5.946E+3,
1.058E008,5.957E+3,
1.06E08,5.924E+3,
1.062E008,5.951E+3,
1.064E008,5.955E+3,
1.066E008,6.060E+3,
1.068E008,6.097E+3,
1.07E08,5.913E+3,
1.072E008,5.921E+3,
1.074E008,5.904E+3,
1.076E008,6.016E+3,
1.078E008,5.882E+3,
1.08E08,5.892E+3,
1.082E008,5.975E+3,
1.084E008,5.937E+3,
1.086E008,6.175E+3,
1.088E008,5.936E+3,
1.09E08,5.795E+3,
1.092E008,6.073E+3,
1.094E008,5.917E+3,
1.096E008,6.140E+3,
1.098E008,6.032E+3,
1.1E08,5.970E+3,
1.102E008,5.924E+3,
1.104E008,5.890E+3,
1.106E008,5.903E+3,
1.108E008,5.986E+3,
1.11E08,5.969E+3,
1.112E008,5.879E+3,
1.114E008,6.089E+3,
1.116E008,6.192E+3,
1.118E008,5.900E+3,
1.12E08,6.061E+3,
1.122E008,5.955E+3,
1.124E008,5.840E+3,
1.126E008,6.149E+3,
1.128E008,5.791E+3,
1.13E08,5.960E+3,
1.132E008,6.023E+3,
1.134E008,5.951E+3,
1.136E008,5.900E+3,
1.138E008,6.057E+3,
1.14E08,5.943E+3,
1.142E008,6.006E+3,
1.144E008,6.057E+3,
1.146E008,5.868E+3,
1.148E008,5.707E+3,
1.15E08,5.925E+3,
1.152E008,5.815E+3,
1.154E008,6.125E+3,
1.156E008,5.831E+3,
1.158E008,6.183E+3,
1.16E08,5.991E+3,
1.162E008,5.955E+3,
1.164E008,5.951E+3,
1.166E008,5.958E+3,
1.168E008,6.028E+3,
1.17E08,5.986E+3,
1.172E008,6.064E+3,
1.174E008,5.986E+3,
1.176E008,6.002E+3,
1.178E008,5.883E+3,
1.18E08,5.963E+3,
1.182E008,5.978E+3,
1.184E008,6.167E+3,
1.186E008,5.918E+3,
1.188E008,5.947E+3,
1.19E08,6.073E+3,
1.192E008,6.169E+3,
1.194E008,6.009E+3,
1.196E008,5.888E+3,
1.198E008,6.031E+3,
1.2E08,5.908E+3,
1.202E008,5.971E+3,
1.204E008,5.989E+3,
1.206E008,5.894E+3,
1.208E008,6.008E+3,
1.21E08,5.862E+3,
1.212E008,6.021E+3,
1.214E008,6.002E+3,
1.216E008,5.991E+3,
1.218E008,5.928E+3,
1.22E08,6.081E+3,
1.222E008,5.892E+3,
1.224E008,6.078E+3,
1.226E008,5.858E+3,
1.228E008,6.044E+3,
1.23E08,5.820E+3,
1.232E008,5.984E+3,
1.234E008,5.970E+3,
1.236E008,5.879E+3,
1.238E008,5.878E+3,
1.24E08,5.940E+3,
1.242E008,5.958E+3,
1.244E008,5.953E+3,
1.246E008,5.918E+3,
1.248E008,5.972E+3,
1.25E08,5.828E+3,
1.252E008,5.967E+3,
1.254E008,6.085E+3,
1.256E008,5.933E+3,
1.258E008,6.095E+3,
1.26E08,5.953E+3,
1.262E008,5.921E+3,
1.264E008,5.935E+3,
1.266E008,5.961E+3,
1.268E008,5.923E+3,
1.27E08,5.904E+3,
1.272E008,5.864E+3,
1.274E008,6.015E+3,
1.276E008,5.985E+3,
1.278E008,5.848E+3,
1.28E08,5.975E+3,
1.282E008,5.945E+3,
1.284E008,5.979E+3,
1.286E008,6.008E+3,
1.288E008,5.863E+3,
1.29E08,6.038E+3,
1.292E008,6.042E+3,
1.294E008,5.978E+3,
1.296E008,6.042E+3,
1.298E008,5.835E+3,
1.3E08,5.849E+3,
1.302E008,5.886E+3,
1.304E008,5.958E+3,
1.306E008,5.933E+3,
1.308E008,5.954E+3,
1.31E08,5.889E+3,
1.312E008,5.946E+3,
1.314E008,5.874E+3,
1.316E008,6.061E+3,
1.318E008,6.032E+3,
1.32E08,6.024E+3,
1.322E008,6.013E+3,
1.324E008,5.830E+3,
1.326E008,6.068E+3,
1.328E008,6.007E+3,
1.33E08,5.985E+3,
1.332E008,5.823E+3,
1.334E008,5.787E+3,
1.336E008,6.019E+3,
1.338E008,5.944E+3,
1.34E08,5.884E+3,
1.342E008,5.932E+3,
1.344E008,6.035E+3,
1.346E008,5.846E+3,
1.348E008,5.973E+3,
1.35E08,5.997E+3,
1.352E008,5.816E+3,
1.354E008,6.003E+3,
1.356E008,6.000E+3,
1.358E008,5.951E+3,
1.36E08,5.892E+3,
1.362E008,5.916E+3,
1.364E008,5.985E+3,
1.366E008,6.202E+3,
1.368E008,5.914E+3,
1.37E08,6.029E+3,
1.372E008,5.777E+3,
1.374E008,5.881E+3,
1.376E008,5.928E+3,
1.378E008,5.750E+3,
1.38E08,6.048E+3,
1.382E008,5.975E+3,
1.384E008,5.894E+3,
1.386E008,6.112E+3,
1.388E008,5.996E+3,
1.39E08,6.041E+3,
1.392E008,5.970E+3,
1.394E008,5.817E+3,
1.396E008,5.974E+3,
1.398E008,5.938E+3,
1.4E08,5.930E+3,
1.402E008,5.831E+3,
1.404E008,5.967E+3,
1.406E008,5.913E+3,
1.408E008,6.037E+3,
1.41E08,5.974E+3,
1.412E008,6.055E+3,
1.414E008,6.084E+3,
1.416E008,6.125E+3,
1.418E008,6.043E+3,
1.42E08,5.919E+3,
1.422E008,5.911E+3,
1.424E008,6.060E+3,
1.426E008,6.036E+3,
1.428E008,5.888E+3,
1.43E08,5.885E+3,
1.432E008,5.829E+3,
1.434E008,5.945E+3,
1.436E008,6.154E+3,
1.438E008,5.904E+3,
1.44E08,6.020E+3,
1.442E008,5.904E+3,
1.444E008,5.838E+3,
1.446E008,5.863E+3,
1.448E008,6.056E+3,
1.45E08,5.894E+3,
1.452E008,5.905E+3,
1.454E008,5.941E+3,
1.456E008,5.860E+3,
1.458E008,6.046E+3,
1.46E08,5.929E+3,
1.462E008,5.907E+3,
1.464E008,6.021E+3,
1.466E008,6.118E+3,
1.468E008,5.789E+3,
1.47E08,5.901E+3,
1.472E008,5.969E+3,
1.474E008,6.077E+3,
1.476E008,5.769E+3,
1.478E008,5.951E+3,
1.48E08,5.977E+3,
1.482E008,5.947E+3,
1.484E008,6.010E+3,
1.486E008,5.989E+3,
1.488E008,5.831E+3,
1.49E08,5.960E+3,
1.492E008,5.881E+3,
1.494E008,5.978E+3,
1.496E008,6.016E+3,
1.498E008,5.860E+3,
1.5E08,5.871E+3,
1.502E008,6.046E+3,
1.504E008,5.909E+3,
1.506E008,6.032E+3,
1.508E008,6.003E+3,
1.51E08,6.079E+3,
1.512E008,6.206E+3,
1.514E008,6.107E+3,
1.516E008,5.933E+3,
1.518E008,5.978E+3,
1.52E08,6.069E+3,
1.522E008,5.981E+3,
1.524E008,5.931E+3,
1.526E008,6.063E+3,
1.528E008,5.866E+3,
1.53E08,5.841E+3,
1.532E008,5.991E+3,
1.534E008,6.069E+3,
1.536E008,5.952E+3,
1.538E008,5.881E+3,
1.54E08,5.776E+3,
1.542E008,5.806E+3,
1.544E008,5.995E+3,
1.546E008,5.944E+3,
1.548E008,5.986E+3,
1.55E08,5.820E+3,
1.552E008,5.947E+3,
1.554E008,5.896E+3,
1.556E008,5.873E+3,
1.558E008,6.003E+3,
1.56E08,6.004E+3,
1.562E008,6.040E+3,
1.564E008,5.788E+3,
1.566E008,5.897E+3,
1.568E008,6.017E+3,
1.57E08,6.033E+3,
1.572E008,6.093E+3,
1.574E008,6.019E+3,
1.576E008,5.923E+3,
1.578E008,6.061E+3,
1.58E08,5.956E+3,
1.582E008,6.062E+3,
1.584E008,6.048E+3,
1.586E008,5.933E+3,
1.588E008,6.127E+3,
1.59E08,6.157E+3,
1.592E008,5.992E+3,
1.594E008,5.994E+3,
1.596E008,6.029E+3,
1.598E008,5.937E+3,
1.6E08,5.925E+3,
1.602E008,6.009E+3,
1.604E008,6.087E+3,
1.606E008,6.086E+3,
1.608E008,5.950E+3,
1.61E08,6.062E+3,
1.612E008,5.875E+3,
1.614E008,6.095E+3,
1.616E008,5.992E+3,
1.618E008,5.841E+3,
1.62E08,6.022E+3,
1.622E008,5.913E+3,
1.624E008,5.882E+3,
1.626E008,5.978E+3,
1.628E008,5.945E+3,
1.63E08,5.906E+3,
1.632E008,5.879E+3,
1.634E008,5.812E+3,
1.636E008,6.019E+3,
1.638E008,5.968E+3,
1.64E08,6.073E+3,
1.642E008,5.792E+3,
1.644E008,5.895E+3,
1.646E008,5.845E+3,
1.648E008,5.970E+3,
1.65E08,6.010E+3,
1.652E008,6.038E+3,
1.654E008,5.852E+3,
1.656E008,6.006E+3,
1.658E008,5.842E+3,
1.66E08,5.965E+3,
1.662E008,5.803E+3,
1.664E008,5.871E+3,
1.666E008,6.015E+3,
1.668E008,6.018E+3,
1.67E08,6.083E+3,
1.672E008,5.883E+3,
1.674E008,6.004E+3,
1.676E008,5.917E+3,
1.678E008,5.949E+3,
1.68E08,5.797E+3,
1.682E008,6.014E+3,
1.684E008,5.897E+3,
1.686E008,5.927E+3,
1.688E008,5.839E+3,
1.69E08,5.818E+3,
1.692E008,6.032E+3,
1.694E008,5.950E+3,
1.696E008,5.914E+3,
1.698E008,5.924E+3,
1.7E08,5.986E+3,
1.702E008,5.854E+3,
1.704E008,5.966E+3,
1.706E008,5.992E+3,
1.708E008,6.046E+3,
1.71E08,6.031E+3,
1.712E008,5.983E+3,
1.714E008,5.894E+3,
1.716E008,6.106E+3,
1.718E008,5.804E+3,
1.72E08,5.958E+3,
1.722E008,5.903E+3,
1.724E008,5.949E+3,
1.726E008,5.886E+3,
1.728E008,5.897E+3,
1.73E08,5.976E+3,
1.732E008,6.012E+3,
1.734E008,6.105E+3,
1.736E008,5.828E+3,
1.738E008,6.030E+3,
1.74E08,5.879E+3,
1.742E008,5.808E+3,
1.744E008,6.038E+3,
1.746E008,6.014E+3,
1.748E008,5.821E+3,
1.75E08,5.980E+3,
1.752E008,5.933E+3,
1.754E008,6.015E+3,
1.756E008,5.939E+3,
1.758E008,5.923E+3,
1.76E08,5.916E+3,
1.762E008,5.953E+3,
1.764E008,5.880E+3,
1.766E008,5.787E+3,
1.768E008,5.911E+3,
1.77E08,5.944E+3,
1.772E008,5.887E+3,
1.774E008,5.982E+3,
1.776E008,5.905E+3,
1.778E008,6.034E+3,
1.78E08,5.954E+3,
1.782E008,6.135E+3,
1.784E008,5.796E+3,
1.786E008,5.909E+3,
1.788E008,5.879E+3,
1.79E08,5.991E+3,
1.792E008,5.978E+3,
1.794E008,6.037E+3,
1.796E008,5.790E+3,
1.798E008,5.933E+3,
1.8E08,5.918E+3,
1.802E008,5.926E+3,
1.804E008,5.896E+3,
1.806E008,5.897E+3,
1.808E008,5.842E+3,
1.81E08,5.844E+3,
1.812E008,5.845E+3,
1.814E008,5.965E+3,
1.816E008,5.982E+3,
1.818E008,5.877E+3,
1.82E08,5.954E+3,
1.822E008,5.971E+3,
1.824E008,6.020E+3,
1.826E008,6.072E+3,
1.828E008,6.024E+3,
1.83E08,5.962E+3,
1.832E008,6.110E+3,
1.834E008,6.020E+3,
1.836E008,6.043E+3,
1.838E008,5.932E+3,
1.84E08,5.909E+3,
1.842E008,6.077E+3,
1.844E008,5.955E+3,
1.846E008,6.000E+3,
1.848E008,5.948E+3,
1.85E08,5.842E+3,
1.852E008,5.926E+3,
1.854E008,5.856E+3,
1.856E008,5.938E+3,
1.858E008,6.025E+3,
1.86E08,5.814E+3,
1.862E008,6.059E+3,
1.864E008,6.065E+3,
1.866E008,5.857E+3,
1.868E008,5.917E+3,
1.87E08,5.858E+3,
1.872E008,6.086E+3,
1.874E008,5.777E+3,
1.876E008,5.915E+3,
1.878E008,5.898E+3,
1.88E08,6.017E+3,
1.882E008,5.769E+3,
1.884E008,5.989E+3,
1.886E008,5.998E+3,
1.888E008,5.934E+3,
1.89E08,5.909E+3,
1.892E008,5.955E+3,
1.894E008,5.939E+3,
1.896E008,5.865E+3,
1.898E008,5.921E+3,
1.9E08,5.885E+3,
1.902E008,5.954E+3,
1.904E008,6.143E+3,
1.906E008,6.001E+3,
1.908E008,6.168E+3,
1.91E08,6.043E+3,
1.912E008,5.938E+3,
1.914E008,5.976E+3,
1.916E008,6.112E+3,
1.918E008,5.933E+3,
1.92E08,5.896E+3,
1.922E008,5.980E+3,
1.924E008,5.873E+3,
1.926E008,5.896E+3,
1.928E008,6.003E+3,
1.93E08,5.921E+3,
1.932E008,5.864E+3,
1.934E008,5.976E+3,
1.936E008,5.956E+3,
1.938E008,5.957E+3,
1.94E08,5.850E+3,
1.942E008,6.093E+3,
1.944E008,5.901E+3,
1.946E008,5.859E+3,
1.948E008,5.800E+3,
1.95E08,6.094E+3,
1.952E008,5.906E+3,
1.954E008,5.964E+3,
1.956E008,5.912E+3,
1.958E008,6.027E+3,
1.96E08,5.958E+3,
1.962E008,5.981E+3,
1.964E008,6.064E+3,
1.966E008,5.899E+3,
1.968E008,5.972E+3,
1.97E08,5.952E+3,
1.972E008,5.896E+3,
1.974E008,6.032E+3,
1.976E008,5.872E+3,
1.978E008,5.953E+3,
1.98E08,5.942E+3,
1.982E008,6.001E+3,
1.984E008,5.978E+3,
1.986E008,5.822E+3,
1.988E008,5.857E+3,
1.99E08,6.053E+3,
1.992E008,5.909E+3,
1.994E008,5.761E+3,
1.996E008,5.847E+3,
1.998E008,5.961E+3,
