Labels,2ms_200k,
Type,Time Scan,
Comment,,
Start,0.00,
Stop,1.998E008,
Step,2E05,
Fixed/Offset, ,
XAxis,Time,
YAxis,Counts,

0.00,1.385E+4,
2E05,4.511E+4,
4E05,7.507E+4,
6E05,1.029E+5,
800000.060000,1.287E+5,
1E06,1.532E+5,
1.2E06,1.768E+5,
1.4E06,1.981E+5,
1.6E06,2.195E+5,
1.8E06,2.382E+5,
2E06,2.541E+5,
2.2E06,2.507E+5,
2.4E06,2.475E+5,
2.6E06,2.425E+5,
2.8E06,2.385E+5,
3E06,2.340E+5,
3.2E06,2.309E+5,
3.4E06,2.274E+5,
3.6E06,2.234E+5,
3.8E06,2.199E+5,
4E06,2.157E+5,
4.2E06,2.123E+5,
4.4E06,2.090E+5,
4.6E06,2.051E+5,
4.8E06,2.022E+5,
5E06,1.989E+5,
5.2E06,1.972E+5,
5.4E06,1.926E+5,
5.6E06,1.894E+5,
5.8E06,1.869E+5,
6E06,1.837E+5,
6.2E06,1.798E+5,
6400000.500000,1.780E+5,
6600000.500000,1.749E+5,
6800000.500000,1.722E+5,
7000000.500000,1.699E+5,
7200000.600000,1.667E+5,
7400000.600000,1.650E+5,
7600000.600000,1.617E+5,
7800000.600000,1.595E+5,
8000000.600000,1.560E+5,
8200000.600000,1.540E+5,
8400000.700000,1.513E+5,
8600000.700000,1.500E+5,
8800000.700000,1.460E+5,
9000000.700000,1.444E+5,
9200000.700000,1.429E+5,
9400000.700000,1.396E+5,
9600000.800000,1.379E+5,
9800000.800000,1.356E+5,
1E07,1.339E+5,
1.02E07,1.317E+5,
1.04E07,1.297E+5,
1.06E07,1.275E+5,
1.08E07,1.255E+5,
1.1E07,1.240E+5,
1.12E07,1.225E+5,
1.14E07,1.202E+5,
1.16E07,1.180E+5,
1.18E07,1.165E+5,
1.2E07,1.147E+5,
1.22E07,1.127E+5,
1.24E07,1.107E+5,
1.26E07,1.094E+5,
1.28E07,1.083E+5,
1.3E07,1.063E+5,
1.32E07,1.042E+5,
1.34E07,1.029E+5,
1.36E07,1.013E+5,
1.38E07,1.007E+5,
1.4E07,9.889E+4,
1.42E07,9.700E+4,
1.44E07,9.510E+4,
1.46E07,9.375E+4,
1.48E07,9.223E+4,
1.5E07,9.105E+4,
1.52E07,8.991E+4,
1.54E07,8.832E+4,
1.56E07,8.700E+4,
1.58E07,8.526E+4,
1.6E07,8.427E+4,
1.62E07,8.291E+4,
1.64E07,8.148E+4,
1.66E07,8.098E+4,
1.68E07,7.989E+4,
1.7E07,7.861E+4,
1.72E07,7.687E+4,
1.74E07,7.547E+4,
1.76E07,7.497E+4,
1.78E07,7.389E+4,
1.8E07,7.254E+4,
1.82E07,7.128E+4,
1.84E07,7.010E+4,
1.86E07,6.930E+4,
1.88E07,6.833E+4,
1.9E07,6.711E+4,
1.92E07,6.625E+4,
1.94E07,6.571E+4,
1.96E07,6.445E+4,
1.98E07,6.335E+4,
2E07,6.261E+4,
2.02E07,6.221E+4,
2.04E07,6.046E+4,
2.06E07,6.000E+4,
2.08E07,5.883E+4,
2.1E07,5.766E+4,
2.12E07,5.744E+4,
2.14E07,5.658E+4,
2.16E07,5.532E+4,
2.18E07,5.491E+4,
2.2E07,5.387E+4,
2.22E07,5.354E+4,
2.24E07,5.258E+4,
2.26E07,5.161E+4,
2.28E07,5.127E+4,
2.3E07,5.012E+4,
2.32E07,4.961E+4,
2.34E07,4.872E+4,
2.36E07,4.788E+4,
2.38E07,4.729E+4,
2.4E07,4.664E+4,
2.42E07,4.665E+4,
2.44E07,4.557E+4,
2.46E07,4.433E+4,
2.48E07,4.428E+4,
2.5E07,4.390E+4,
2.52E07,4.326E+4,
2.54E07,4.271E+4,
2.56E07,4.179E+4,
2.58E07,4.147E+4,
2.6E07,4.071E+4,
2.62E07,3.989E+4,
2.64E07,3.954E+4,
2.66E07,3.950E+4,
2.68E07,3.831E+4,
2.7E07,3.807E+4,
2.72E07,3.713E+4,
2.74E07,3.702E+4,
2.76E07,3.673E+4,
2.78E07,3.641E+4,
2.8E07,3.533E+4,
2.82E07,3.469E+4,
2.84E07,3.482E+4,
2.86E07,3.436E+4,
2.88E07,3.372E+4,
2.9E07,3.337E+4,
2.92E07,3.287E+4,
2.94E07,3.219E+4,
2.96E07,3.173E+4,
2.98E07,3.136E+4,
3E07,3.073E+4,
3.02E07,3.045E+4,
3.04E07,3.025E+4,
3.06E07,2.973E+4,
3.08E07,2.978E+4,
3.1E07,2.926E+4,
3.12E07,2.874E+4,
3.14E07,2.844E+4,
3.16E07,2.802E+4,
3.18E07,2.779E+4,
3.2E07,2.734E+4,
3.22E07,2.699E+4,
3.24E07,2.651E+4,
3.26E07,2.617E+4,
3.28E07,2.577E+4,
3.3E07,2.543E+4,
3.32E07,2.525E+4,
3.34E07,2.496E+4,
3.36E07,2.448E+4,
3.38E07,2.437E+4,
3.4E07,2.415E+4,
3.42E07,2.416E+4,
3.44E07,2.355E+4,
3.46E07,2.327E+4,
3.48E07,2.296E+4,
3.5E07,2.243E+4,
3.52E07,2.243E+4,
3.54E07,2.212E+4,
3.56E07,2.209E+4,
3.58E07,2.164E+4,
3.6E07,2.115E+4,
3.62E07,2.139E+4,
3.64E07,2.069E+4,
3.66E07,2.049E+4,
3.68E07,2.041E+4,
3.7E07,2.016E+4,
3.72E07,2.007E+4,
3.74E07,1.977E+4,
3.76E07,1.923E+4,
3.78E07,1.907E+4,
3.8E07,1.903E+4,
3.82E07,1.911E+4,
3.84E07,1.886E+4,
3.86E07,1.852E+4,
3.88E07,1.807E+4,
3.9E07,1.791E+4,
3.92E07,1.762E+4,
3.94E07,1.760E+4,
3.96E07,1.752E+4,
3.98E07,1.734E+4,
4E07,1.721E+4,
4.02E07,1.717E+4,
4.04E07,1.689E+4,
4.06E07,1.642E+4,
4.08E07,1.662E+4,
4.1E07,1.631E+4,
4.12E07,1.607E+4,
4.14E07,1.608E+4,
4.16E07,1.601E+4,
4.18E07,1.558E+4,
4.2E07,1.564E+4,
4.22E07,1.538E+4,
4.24E07,1.528E+4,
4.26E07,1.514E+4,
4.28E07,1.504E+4,
4.3E07,1.469E+4,
4.32E07,1.464E+4,
4.34E07,1.454E+4,
4.36E07,1.424E+4,
4.38E07,1.437E+4,
4.4E07,1.410E+4,
4.42E07,1.402E+4,
4.44E07,1.369E+4,
4.46E07,1.342E+4,
4.48E07,1.358E+4,
4.5E07,1.346E+4,
4.52E07,1.321E+4,
4.54E07,1.327E+4,
4.56E07,1.294E+4,
4.58E07,1.307E+4,
4.6E07,1.277E+4,
4.62E07,1.293E+4,
4.64E07,1.266E+4,
4.66E07,1.250E+4,
4.68E07,1.203E+4,
4.7E07,1.264E+4,
4.72E07,1.213E+4,
4.74E07,1.236E+4,
4.76E07,1.202E+4,
4.78E07,1.191E+4,
4.8E07,1.162E+4,
4.82E07,1.182E+4,
4.84E07,1.155E+4,
4.86E07,1.157E+4,
4.88E07,1.158E+4,
4.9E07,1.136E+4,
4.92E07,1.136E+4,
4.94E07,1.121E+4,
4.96E07,1.084E+4,
4.98E07,1.110E+4,
5E07,1.116E+4,
5.02E07,1.086E+4,
5.04E07,1.083E+4,
5.06E07,1.060E+4,
5.08E07,1.065E+4,
5.1E07,1.072E+4,
5.12E07,1.044E+4,
5.14E07,1.041E+4,
5.16E07,1.024E+4,
5.18E07,1.045E+4,
5.2E07,1.024E+4,
5.22E07,1.042E+4,
5.24E07,1.010E+4,
5.26E07,1.004E+4,
5.28E07,1.005E+4,
5.3E07,9.992E+3,
5.32E07,9.826E+3,
5.34E07,9.675E+3,
5.36E07,9.694E+3,
5.38E07,9.676E+3,
5.4E07,9.707E+3,
5.42E07,9.390E+3,
5.44E07,9.606E+3,
5.46E07,9.490E+3,
5.48E07,9.441E+3,
5.5E07,9.496E+3,
5.52E07,9.393E+3,
5.54E07,9.253E+3,
5.56E07,9.488E+3,
5.58E07,9.089E+3,
5.6E07,9.215E+3,
5.62E07,9.209E+3,
5.64E07,8.895E+3,
5.66E07,9.038E+3,
5.68E07,9.022E+3,
5.7E07,8.976E+3,
5.72E07,8.952E+3,
5.74E07,8.937E+3,
5.76E07,8.756E+3,
5.78E07,8.775E+3,
5.8E07,8.649E+3,
5.82E07,8.477E+3,
5.84E07,8.556E+3,
5.86E07,8.603E+3,
5.88E07,8.523E+3,
5.9E07,8.426E+3,
5.92E07,8.508E+3,
5.94E07,8.241E+3,
5.96E07,8.315E+3,
5.98E07,8.101E+3,
6E07,8.350E+3,
6.02E07,8.207E+3,
6.04E07,8.292E+3,
6.06E07,8.126E+3,
6.08E07,8.159E+3,
6.1E07,8.080E+3,
6.12E07,8.016E+3,
6.14E07,8.101E+3,
6.16E07,8.084E+3,
6.18E07,8.072E+3,
6.2E07,7.974E+3,
6.22E07,7.961E+3,
6.24E07,7.908E+3,
6.26E07,7.771E+3,
6.28E07,8.033E+3,
6.3E07,7.834E+3,
6.32E07,7.676E+3,
6.34E07,7.853E+3,
6.36E07,7.752E+3,
6.38E07,7.743E+3,
64000005.000000,7.521E+3,
64200005.000000,7.499E+3,
64400005.000000,7.754E+3,
64600005.000000,7.523E+3,
64800005.000000,7.593E+3,
65000005.000000,7.623E+3,
65200005.000000,7.552E+3,
65400005.000000,7.637E+3,
65600005.000000,7.507E+3,
65800005.000000,7.358E+3,
66000005.000000,7.633E+3,
66200005.000000,7.335E+3,
66400005.000000,7.404E+3,
66600005.000000,7.453E+3,
66800005.000000,7.552E+3,
67000005.000000,7.262E+3,
67200005.000000,7.317E+3,
67400005.000000,7.268E+3,
67600005.000000,7.229E+3,
67800005.000000,7.225E+3,
68000005.000000,7.432E+3,
68200005.000000,7.224E+3,
68400005.000000,7.295E+3,
68600005.000000,7.232E+3,
68800005.000000,7.164E+3,
69000005.000000,7.223E+3,
69200005.000000,7.113E+3,
69400005.000000,7.005E+3,
69600005.000000,7.367E+3,
69800005.000000,7.138E+3,
70000005.000000,7.163E+3,
70200005.000000,7.137E+3,
70400006.000000,7.032E+3,
70600006.000000,6.987E+3,
70800006.000000,7.077E+3,
71000006.000000,7.043E+3,
71200006.000000,7.337E+3,
71400006.000000,6.951E+3,
71600006.000000,7.042E+3,
71800006.000000,7.097E+3,
72000006.000000,6.989E+3,
72200006.000000,6.907E+3,
72400006.000000,7.067E+3,
72600006.000000,6.779E+3,
72800006.000000,6.847E+3,
73000006.000000,6.924E+3,
73200006.000000,6.832E+3,
73400006.000000,6.785E+3,
73600006.000000,6.927E+3,
73800006.000000,6.845E+3,
74000006.000000,6.736E+3,
74200006.000000,6.916E+3,
74400006.000000,6.757E+3,
74600006.000000,6.727E+3,
74800006.000000,6.926E+3,
75000006.000000,6.614E+3,
75200006.000000,6.700E+3,
75400006.000000,6.751E+3,
75600006.000000,6.804E+3,
75800006.000000,6.807E+3,
76000006.000000,6.675E+3,
76200006.000000,6.669E+3,
76400006.000000,6.748E+3,
76600006.000000,6.591E+3,
76800006.000000,6.710E+3,
77000006.000000,6.691E+3,
77200006.000000,6.670E+3,
77400006.000000,6.677E+3,
77600006.000000,6.541E+3,
77800006.000000,6.690E+3,
78000006.000000,6.614E+3,
78200006.000000,6.722E+3,
78400006.000000,6.676E+3,
78600006.000000,6.541E+3,
78800006.000000,6.527E+3,
79000006.000000,6.564E+3,
79200006.000000,6.591E+3,
79400006.000000,6.410E+3,
79600006.000000,6.352E+3,
79800006.000000,6.484E+3,
80000006.000000,6.614E+3,
80200006.000000,6.310E+3,
80400006.000000,6.413E+3,
80600006.000000,6.509E+3,
80800006.000000,6.508E+3,
81000006.000000,6.607E+3,
81200006.000000,6.455E+3,
81400006.000000,6.508E+3,
81600006.000000,6.526E+3,
81800006.000000,6.531E+3,
82000006.000000,6.475E+3,
82200006.000000,6.573E+3,
82400006.000000,6.374E+3,
82600006.000000,6.497E+3,
82800006.000000,6.339E+3,
83000006.000000,6.352E+3,
83200007.000000,6.346E+3,
83400007.000000,6.499E+3,
83600007.000000,6.403E+3,
83800007.000000,6.527E+3,
84000007.000000,6.324E+3,
84200007.000000,6.353E+3,
84400007.000000,6.285E+3,
84600007.000000,6.362E+3,
84800007.000000,6.324E+3,
85000007.000000,6.409E+3,
85200007.000000,6.328E+3,
85400007.000000,6.370E+3,
85600007.000000,6.472E+3,
85800007.000000,6.348E+3,
86000007.000000,6.392E+3,
86200007.000000,6.281E+3,
86400007.000000,6.294E+3,
86600007.000000,6.273E+3,
86800007.000000,6.444E+3,
87000007.000000,6.451E+3,
87200007.000000,6.383E+3,
87400007.000000,6.423E+3,
87600007.000000,6.315E+3,
87800007.000000,6.284E+3,
88000007.000000,6.398E+3,
88200007.000000,6.327E+3,
88400007.000000,6.373E+3,
88600007.000000,6.221E+3,
88800007.000000,6.181E+3,
89000007.000000,6.428E+3,
89200007.000000,6.485E+3,
89400007.000000,6.411E+3,
89600007.000000,6.221E+3,
89800007.000000,6.311E+3,
90000007.000000,6.431E+3,
90200007.000000,6.213E+3,
90400007.000000,6.291E+3,
90600007.000000,6.415E+3,
90800007.000000,6.381E+3,
91000007.000000,6.293E+3,
91200007.000000,6.344E+3,
91400007.000000,6.298E+3,
91600007.000000,6.295E+3,
91800007.000000,6.257E+3,
92000007.000000,6.248E+3,
92200007.000000,6.256E+3,
92400007.000000,6.329E+3,
92600007.000000,6.405E+3,
92800007.000000,6.218E+3,
93000007.000000,6.139E+3,
93200007.000000,6.270E+3,
93400007.000000,6.341E+3,
93600007.000000,6.269E+3,
93800007.000000,6.301E+3,
94000007.000000,6.385E+3,
94200007.000000,6.405E+3,
94400007.000000,6.282E+3,
94600007.000000,6.212E+3,
94800007.000000,6.198E+3,
95000007.000000,6.239E+3,
95200007.000000,6.230E+3,
95400007.000000,6.202E+3,
95600007.000000,6.101E+3,
95800007.000000,6.252E+3,
96000008.000000,6.190E+3,
96200008.000000,6.220E+3,
96400008.000000,6.234E+3,
96600008.000000,6.221E+3,
96800008.000000,6.107E+3,
97000008.000000,6.401E+3,
97200008.000000,6.074E+3,
97400008.000000,6.287E+3,
97600008.000000,6.117E+3,
97800008.000000,6.170E+3,
98000008.000000,6.273E+3,
98200008.000000,6.235E+3,
98400008.000000,6.105E+3,
98600008.000000,6.258E+3,
98800008.000000,6.226E+3,
99000008.000000,6.169E+3,
99200008.000000,6.211E+3,
99400008.000000,6.309E+3,
99600008.000000,6.086E+3,
99800008.000000,6.217E+3,
1E08,6.071E+3,
1.002E008,6.266E+3,
1.004E008,6.334E+3,
1.006E008,6.337E+3,
1.008E008,6.269E+3,
1.01E08,6.189E+3,
1.012E008,6.153E+3,
1.014E008,5.987E+3,
1.016E008,6.128E+3,
1.018E008,6.074E+3,
1.02E08,6.086E+3,
1.022E008,6.320E+3,
1.024E008,6.138E+3,
1.026E008,6.337E+3,
1.028E008,6.016E+3,
1.03E08,6.161E+3,
1.032E008,6.076E+3,
1.034E008,6.282E+3,
1.036E008,5.999E+3,
1.038E008,6.032E+3,
1.04E08,6.157E+3,
1.042E008,6.186E+3,
1.044E008,6.063E+3,
1.046E008,6.259E+3,
1.048E008,6.217E+3,
1.05E08,6.154E+3,
1.052E008,6.030E+3,
1.054E008,6.303E+3,
1.056E008,6.215E+3,
1.058E008,6.172E+3,
1.06E08,6.108E+3,
1.062E008,6.091E+3,
1.064E008,5.997E+3,
1.066E008,6.240E+3,
1.068E008,6.233E+3,
1.07E08,6.125E+3,
1.072E008,6.251E+3,
1.074E008,6.172E+3,
1.076E008,6.244E+3,
1.078E008,6.044E+3,
1.08E08,6.202E+3,
1.082E008,6.269E+3,
1.084E008,6.119E+3,
1.086E008,6.150E+3,
1.088E008,6.117E+3,
1.09E08,6.074E+3,
1.092E008,6.087E+3,
1.094E008,6.229E+3,
1.096E008,6.240E+3,
1.098E008,6.177E+3,
1.1E08,6.114E+3,
1.102E008,6.094E+3,
1.104E008,6.402E+3,
1.106E008,5.957E+3,
1.108E008,6.129E+3,
1.11E08,5.996E+3,
1.112E008,6.092E+3,
1.114E008,5.908E+3,
1.116E008,6.235E+3,
1.118E008,6.169E+3,
1.12E08,6.193E+3,
1.122E008,6.243E+3,
1.124E008,6.104E+3,
1.126E008,6.367E+3,
1.128E008,6.175E+3,
1.13E08,5.993E+3,
1.132E008,6.217E+3,
1.134E008,6.052E+3,
1.136E008,6.095E+3,
1.138E008,6.217E+3,
1.14E08,6.002E+3,
1.142E008,6.224E+3,
1.144E008,6.166E+3,
1.146E008,5.971E+3,
1.148E008,6.119E+3,
1.15E08,5.980E+3,
1.152E008,6.116E+3,
1.154E008,6.129E+3,
1.156E008,6.125E+3,
1.158E008,6.228E+3,
1.16E08,6.147E+3,
1.162E008,5.997E+3,
1.164E008,6.089E+3,
1.166E008,6.236E+3,
1.168E008,6.094E+3,
1.17E08,6.103E+3,
1.172E008,6.134E+3,
1.174E008,6.226E+3,
1.176E008,6.132E+3,
1.178E008,6.119E+3,
1.18E08,6.130E+3,
1.182E008,6.286E+3,
1.184E008,6.104E+3,
1.186E008,5.992E+3,
1.188E008,6.129E+3,
1.19E08,6.074E+3,
1.192E008,6.211E+3,
1.194E008,6.205E+3,
1.196E008,6.195E+3,
1.198E008,6.132E+3,
1.2E08,6.088E+3,
1.202E008,6.086E+3,
1.204E008,6.069E+3,
1.206E008,6.247E+3,
1.208E008,6.044E+3,
1.21E08,6.147E+3,
1.212E008,6.274E+3,
1.214E008,6.194E+3,
1.216E008,6.056E+3,
1.218E008,6.174E+3,
1.22E08,6.035E+3,
1.222E008,5.952E+3,
1.224E008,6.241E+3,
1.226E008,6.070E+3,
1.228E008,6.100E+3,
1.23E08,6.201E+3,
1.232E008,6.167E+3,
1.234E008,6.039E+3,
1.236E008,6.018E+3,
1.238E008,6.063E+3,
1.24E08,6.163E+3,
1.242E008,6.168E+3,
1.244E008,6.114E+3,
1.246E008,6.054E+3,
1.248E008,6.091E+3,
1.25E08,6.048E+3,
1.252E008,6.157E+3,
1.254E008,5.976E+3,
1.256E008,6.216E+3,
1.258E008,6.158E+3,
1.26E08,6.326E+3,
1.262E008,6.101E+3,
1.264E008,6.099E+3,
1.266E008,6.234E+3,
1.268E008,6.090E+3,
1.27E08,6.085E+3,
1.272E008,6.089E+3,
1.274E008,6.006E+3,
1.276E008,6.223E+3,
1.278E008,6.148E+3,
1.28E08,6.115E+3,
1.282E008,6.116E+3,
1.284E008,6.113E+3,
1.286E008,6.162E+3,
1.288E008,6.028E+3,
1.29E08,6.251E+3,
1.292E008,6.040E+3,
1.294E008,6.113E+3,
1.296E008,6.098E+3,
1.298E008,6.100E+3,
1.3E08,6.096E+3,
1.302E008,6.007E+3,
1.304E008,6.161E+3,
1.306E008,6.122E+3,
1.308E008,6.221E+3,
1.31E08,6.126E+3,
1.312E008,6.174E+3,
1.314E008,6.061E+3,
1.316E008,5.989E+3,
1.318E008,6.075E+3,
1.32E08,6.062E+3,
1.322E008,6.121E+3,
1.324E008,6.160E+3,
1.326E008,6.106E+3,
1.328E008,6.216E+3,
1.33E08,6.270E+3,
1.332E008,6.121E+3,
1.334E008,6.065E+3,
1.336E008,5.995E+3,
1.338E008,6.221E+3,
1.34E08,6.148E+3,
1.342E008,6.214E+3,
1.344E008,6.017E+3,
1.346E008,6.034E+3,
1.348E008,6.174E+3,
1.35E08,6.134E+3,
1.352E008,6.140E+3,
1.354E008,6.010E+3,
1.356E008,6.043E+3,
1.358E008,6.089E+3,
1.36E08,6.113E+3,
1.362E008,6.303E+3,
1.364E008,6.036E+3,
1.366E008,6.289E+3,
1.368E008,6.178E+3,
1.37E08,6.223E+3,
1.372E008,6.036E+3,
1.374E008,6.084E+3,
1.376E008,6.128E+3,
1.378E008,6.241E+3,
1.38E08,6.090E+3,
1.382E008,6.087E+3,
1.384E008,5.965E+3,
1.386E008,5.931E+3,
1.388E008,6.061E+3,
1.39E08,6.190E+3,
1.392E008,6.134E+3,
1.394E008,6.119E+3,
1.396E008,6.098E+3,
1.398E008,6.143E+3,
1.4E08,6.166E+3,
1.402E008,6.108E+3,
1.404E008,6.152E+3,
1.406E008,5.974E+3,
1.408E008,6.193E+3,
1.41E08,5.967E+3,
1.412E008,6.223E+3,
1.414E008,6.086E+3,
1.416E008,6.153E+3,
1.418E008,6.117E+3,
1.42E08,6.113E+3,
1.422E008,6.201E+3,
1.424E008,5.972E+3,
1.426E008,5.986E+3,
1.428E008,6.085E+3,
1.43E08,6.273E+3,
1.432E008,6.159E+3,
1.434E008,6.046E+3,
1.436E008,6.317E+3,
1.438E008,5.867E+3,
1.44E08,6.082E+3,
1.442E008,6.118E+3,
1.444E008,6.088E+3,
1.446E008,6.172E+3,
1.448E008,6.104E+3,
1.45E08,6.019E+3,
1.452E008,6.193E+3,
1.454E008,6.165E+3,
1.456E008,6.135E+3,
1.458E008,6.061E+3,
1.46E08,6.203E+3,
1.462E008,6.185E+3,
1.464E008,6.181E+3,
1.466E008,5.977E+3,
1.468E008,6.036E+3,
1.47E08,6.163E+3,
1.472E008,6.081E+3,
1.474E008,6.111E+3,
1.476E008,6.160E+3,
1.478E008,5.959E+3,
1.48E08,6.135E+3,
1.482E008,6.214E+3,
1.484E008,6.292E+3,
1.486E008,6.117E+3,
1.488E008,6.109E+3,
1.49E08,6.013E+3,
1.492E008,6.150E+3,
1.494E008,6.072E+3,
1.496E008,6.076E+3,
1.498E008,6.102E+3,
1.5E08,6.099E+3,
1.502E008,6.080E+3,
1.504E008,6.112E+3,
1.506E008,6.043E+3,
1.508E008,6.277E+3,
1.51E08,6.054E+3,
1.512E008,6.051E+3,
1.514E008,6.084E+3,
1.516E008,5.958E+3,
1.518E008,6.321E+3,
1.52E08,6.073E+3,
1.522E008,6.137E+3,
1.524E008,6.066E+3,
1.526E008,5.981E+3,
1.528E008,6.170E+3,
1.53E08,6.101E+3,
1.532E008,6.029E+3,
1.534E008,6.093E+3,
1.536E008,6.027E+3,
1.538E008,6.019E+3,
1.54E08,6.040E+3,
1.542E008,6.130E+3,
1.544E008,6.087E+3,
1.546E008,6.075E+3,
1.548E008,6.258E+3,
1.55E08,5.975E+3,
1.552E008,6.157E+3,
1.554E008,6.102E+3,
1.556E008,6.074E+3,
1.558E008,6.052E+3,
1.56E08,5.982E+3,
1.562E008,6.017E+3,
1.564E008,6.131E+3,
1.566E008,6.036E+3,
1.568E008,6.119E+3,
1.57E08,6.108E+3,
1.572E008,6.088E+3,
1.574E008,6.104E+3,
1.576E008,6.028E+3,
1.578E008,6.086E+3,
1.58E08,6.034E+3,
1.582E008,6.269E+3,
1.584E008,6.218E+3,
1.586E008,6.117E+3,
1.588E008,6.183E+3,
1.59E08,6.165E+3,
1.592E008,6.211E+3,
1.594E008,6.079E+3,
1.596E008,5.943E+3,
1.598E008,5.980E+3,
1.6E08,5.904E+3,
1.602E008,6.076E+3,
1.604E008,6.077E+3,
1.606E008,6.065E+3,
1.608E008,6.354E+3,
1.61E08,6.311E+3,
1.612E008,6.196E+3,
1.614E008,6.170E+3,
1.616E008,6.245E+3,
1.618E008,5.997E+3,
1.62E08,6.194E+3,
1.622E008,6.151E+3,
1.624E008,5.991E+3,
1.626E008,6.224E+3,
1.628E008,6.077E+3,
1.63E08,6.011E+3,
1.632E008,6.209E+3,
1.634E008,6.219E+3,
1.636E008,6.061E+3,
1.638E008,6.269E+3,
1.64E08,6.255E+3,
1.642E008,6.106E+3,
1.644E008,6.082E+3,
1.646E008,6.159E+3,
1.648E008,6.030E+3,
1.65E08,6.090E+3,
1.652E008,6.290E+3,
1.654E008,6.090E+3,
1.656E008,6.075E+3,
1.658E008,6.209E+3,
1.66E08,5.975E+3,
1.662E008,6.185E+3,
1.664E008,6.282E+3,
1.666E008,6.122E+3,
1.668E008,6.044E+3,
1.67E08,6.184E+3,
1.672E008,6.090E+3,
1.674E008,6.114E+3,
1.676E008,6.161E+3,
1.678E008,6.112E+3,
1.68E08,6.178E+3,
1.682E008,6.143E+3,
1.684E008,6.206E+3,
1.686E008,6.101E+3,
1.688E008,6.156E+3,
1.69E08,6.076E+3,
1.692E008,5.954E+3,
1.694E008,6.234E+3,
1.696E008,6.018E+3,
1.698E008,6.145E+3,
1.7E08,6.170E+3,
1.702E008,6.207E+3,
1.704E008,6.181E+3,
1.706E008,6.065E+3,
1.708E008,6.053E+3,
1.71E08,6.175E+3,
1.712E008,6.147E+3,
1.714E008,6.066E+3,
1.716E008,6.191E+3,
1.718E008,6.023E+3,
1.72E08,6.234E+3,
1.722E008,6.049E+3,
1.724E008,5.922E+3,
1.726E008,6.216E+3,
1.728E008,6.042E+3,
1.73E08,6.155E+3,
1.732E008,6.140E+3,
1.734E008,5.959E+3,
1.736E008,6.105E+3,
1.738E008,6.156E+3,
1.74E08,6.156E+3,
1.742E008,5.988E+3,
1.744E008,6.054E+3,
1.746E008,6.124E+3,
1.748E008,6.143E+3,
1.75E08,5.998E+3,
1.752E008,6.163E+3,
1.754E008,6.174E+3,
1.756E008,6.026E+3,
1.758E008,6.239E+3,
1.76E08,6.000E+3,
1.762E008,6.206E+3,
1.764E008,6.241E+3,
1.766E008,6.110E+3,
1.768E008,6.200E+3,
1.77E08,6.083E+3,
1.772E008,6.131E+3,
1.774E008,6.225E+3,
1.776E008,6.221E+3,
1.778E008,6.253E+3,
1.78E08,5.916E+3,
1.782E008,6.091E+3,
1.784E008,6.025E+3,
1.786E008,6.140E+3,
1.788E008,6.105E+3,
1.79E08,6.052E+3,
1.792E008,5.936E+3,
1.794E008,6.256E+3,
1.796E008,6.061E+3,
1.798E008,6.125E+3,
1.8E08,6.107E+3,
1.802E008,5.996E+3,
1.804E008,5.997E+3,
1.806E008,6.101E+3,
1.808E008,6.118E+3,
1.81E08,6.277E+3,
1.812E008,6.339E+3,
1.814E008,6.101E+3,
1.816E008,6.000E+3,
1.818E008,6.168E+3,
1.82E08,6.084E+3,
1.822E008,6.086E+3,
1.824E008,6.046E+3,
1.826E008,6.153E+3,
1.828E008,6.217E+3,
1.83E08,6.046E+3,
1.832E008,6.109E+3,
1.834E008,6.013E+3,
1.836E008,6.055E+3,
1.838E008,6.152E+3,
1.84E08,6.018E+3,
1.842E008,6.130E+3,
1.844E008,6.048E+3,
1.846E008,6.195E+3,
1.848E008,5.981E+3,
1.85E08,5.881E+3,
1.852E008,6.122E+3,
1.854E008,6.187E+3,
1.856E008,6.190E+3,
1.858E008,6.177E+3,
1.86E08,6.138E+3,
1.862E008,6.017E+3,
1.864E008,6.062E+3,
1.866E008,6.088E+3,
1.868E008,6.194E+3,
1.87E08,6.063E+3,
1.872E008,6.036E+3,
1.874E008,6.215E+3,
1.876E008,6.064E+3,
1.878E008,6.104E+3,
1.88E08,6.191E+3,
1.882E008,5.898E+3,
1.884E008,6.025E+3,
1.886E008,6.114E+3,
1.888E008,6.126E+3,
1.89E08,6.155E+3,
1.892E008,6.013E+3,
1.894E008,6.052E+3,
1.896E008,6.285E+3,
1.898E008,6.123E+3,
1.9E08,6.165E+3,
1.902E008,5.983E+3,
1.904E008,6.090E+3,
1.906E008,6.152E+3,
1.908E008,6.101E+3,
1.91E08,5.958E+3,
1.912E008,6.149E+3,
1.914E008,6.087E+3,
1.916E008,6.153E+3,
1.918E008,6.029E+3,
1.92E08,6.003E+3,
1.922E008,6.000E+3,
1.924E008,5.925E+3,
1.926E008,6.175E+3,
1.928E008,5.998E+3,
1.93E08,6.179E+3,
1.932E008,6.202E+3,
1.934E008,6.073E+3,
1.936E008,6.044E+3,
1.938E008,5.937E+3,
1.94E08,6.074E+3,
1.942E008,6.149E+3,
1.944E008,6.184E+3,
1.946E008,6.119E+3,
1.948E008,6.065E+3,
1.95E08,6.288E+3,
1.952E008,6.013E+3,
1.954E008,6.070E+3,
1.956E008,6.068E+3,
1.958E008,6.033E+3,
1.96E08,6.095E+3,
1.962E008,6.021E+3,
1.964E008,6.073E+3,
1.966E008,6.230E+3,
1.968E008,6.041E+3,
1.97E08,6.048E+3,
1.972E008,6.152E+3,
1.974E008,6.274E+3,
1.976E008,5.983E+3,
1.978E008,6.080E+3,
1.98E08,6.022E+3,
1.982E008,6.209E+3,
1.984E008,6.052E+3,
1.986E008,6.003E+3,
1.988E008,6.229E+3,
1.99E08,6.154E+3,
1.992E008,6.053E+3,
1.994E008,6.182E+3,
1.996E008,6.204E+3,
1.998E008,6.175E+3,
