Labels,1p5,
Type,Time Scan,
Comment,,
Start,0.00,
Stop,3.996E008,
Step,4E05,
Fixed/Offset, ,
XAxis,Time,
YAxis,Counts,

0.00,1.744E+4,
4E05,3.610E+4,
800000.060000,5.462E+4,
1.2E06,7.181E+4,
1.6E06,8.928E+4,
2E06,1.059E+5,
2.4E06,1.205E+5,
2.8E06,1.361E+5,
3.2E06,1.505E+5,
3.6E06,1.640E+5,
4E06,1.778E+5,
4.4E06,1.896E+5,
4.8E06,2.012E+5,
5.2E06,2.131E+5,
5.6E06,2.255E+5,
6E06,2.353E+5,
6400000.500000,2.453E+5,
6800000.500000,2.563E+5,
7200000.600000,2.654E+5,
7600000.600000,2.729E+5,
8000000.600000,2.827E+5,
8400000.700000,2.916E+5,
8800000.700000,2.992E+5,
9200000.700000,3.065E+5,
9600000.800000,3.142E+5,
1E07,3.215E+5,
1.04E07,3.284E+5,
1.08E07,3.348E+5,
1.12E07,3.408E+5,
1.16E07,3.479E+5,
1.2E07,3.536E+5,
1.24E07,3.598E+5,
1.28E07,3.656E+5,
1.32E07,3.719E+5,
1.36E07,3.757E+5,
1.4E07,3.805E+5,
1.44E07,3.856E+5,
1.48E07,3.899E+5,
1.52E07,3.942E+5,
1.56E07,3.988E+5,
1.6E07,4.030E+5,
1.64E07,4.084E+5,
1.68E07,4.105E+5,
1.72E07,4.147E+5,
1.76E07,4.186E+5,
1.8E07,4.225E+5,
1.84E07,4.254E+5,
1.88E07,4.287E+5,
1.92E07,4.309E+5,
1.96E07,4.346E+5,
2E07,4.355E+5,
2.04E07,4.408E+5,
2.08E07,4.442E+5,
2.12E07,4.455E+5,
2.16E07,4.487E+5,
2.2E07,4.500E+5,
2.24E07,4.527E+5,
2.28E07,4.553E+5,
2.32E07,4.575E+5,
2.36E07,4.586E+5,
2.4E07,4.616E+5,
2.44E07,4.635E+5,
2.48E07,4.644E+5,
2.52E07,4.666E+5,
2.56E07,4.682E+5,
2.6E07,4.707E+5,
2.64E07,4.715E+5,
2.68E07,4.748E+5,
2.72E07,4.759E+5,
2.76E07,4.779E+5,
2.8E07,4.790E+5,
2.84E07,4.802E+5,
2.88E07,4.820E+5,
2.92E07,4.826E+5,
2.96E07,4.841E+5,
3E07,4.841E+5,
3.04E07,4.859E+5,
3.08E07,4.873E+5,
3.12E07,4.873E+5,
3.16E07,4.896E+5,
3.2E07,4.899E+5,
3.24E07,4.917E+5,
3.28E07,4.919E+5,
3.32E07,4.935E+5,
3.36E07,4.949E+5,
3.4E07,4.953E+5,
3.44E07,4.952E+5,
3.48E07,4.983E+5,
3.52E07,4.991E+5,
3.56E07,4.992E+5,
3.6E07,5.004E+5,
3.64E07,4.999E+5,
3.68E07,5.002E+5,
3.72E07,5.017E+5,
3.76E07,5.015E+5,
3.8E07,5.031E+5,
3.84E07,5.029E+5,
3.88E07,5.050E+5,
3.92E07,5.049E+5,
3.96E07,5.050E+5,
4E07,5.052E+5,
4.04E07,5.071E+5,
4.08E07,5.056E+5,
4.12E07,5.066E+5,
4.16E07,5.072E+5,
4.2E07,5.093E+5,
4.24E07,5.087E+5,
4.28E07,5.082E+5,
4.32E07,5.101E+5,
4.36E07,5.090E+5,
4.4E07,5.113E+5,
4.44E07,5.092E+5,
4.48E07,5.106E+5,
4.52E07,5.123E+5,
4.56E07,5.121E+5,
4.6E07,5.115E+5,
4.64E07,5.137E+5,
4.68E07,5.126E+5,
4.72E07,5.135E+5,
4.76E07,5.134E+5,
4.8E07,5.130E+5,
4.84E07,5.136E+5,
4.88E07,5.145E+5,
4.92E07,5.142E+5,
4.96E07,5.148E+5,
5E07,5.156E+5,
5.04E07,5.143E+5,
5.08E07,5.157E+5,
5.12E07,5.156E+5,
5.16E07,5.159E+5,
5.2E07,5.167E+5,
5.24E07,5.160E+5,
5.28E07,5.164E+5,
5.32E07,5.155E+5,
5.36E07,5.171E+5,
5.4E07,5.160E+5,
5.44E07,5.168E+5,
5.48E07,5.171E+5,
5.52E07,5.180E+5,
5.56E07,5.185E+5,
5.6E07,5.181E+5,
5.64E07,5.176E+5,
5.68E07,5.172E+5,
5.72E07,5.187E+5,
5.76E07,5.178E+5,
5.8E07,5.180E+5,
5.84E07,5.183E+5,
5.88E07,5.178E+5,
5.92E07,5.190E+5,
5.96E07,5.210E+5,
6E07,5.190E+5,
6.04E07,5.202E+5,
6.08E07,5.189E+5,
6.12E07,5.184E+5,
6.16E07,5.191E+5,
6.2E07,5.204E+5,
6.24E07,5.188E+5,
6.28E07,5.203E+5,
6.32E07,5.200E+5,
6.36E07,5.210E+5,
64000005.000000,5.186E+5,
64400005.000000,5.198E+5,
64800005.000000,5.188E+5,
65200005.000000,5.208E+5,
65600005.000000,5.201E+5,
66000005.000000,5.204E+5,
66400005.000000,5.201E+5,
66800005.000000,5.204E+5,
67200005.000000,5.212E+5,
67600005.000000,5.203E+5,
68000005.000000,5.203E+5,
68400005.000000,5.206E+5,
68800005.000000,5.213E+5,
69200005.000000,5.209E+5,
69600005.000000,5.209E+5,
70000005.000000,5.200E+5,
70400006.000000,5.201E+5,
70800006.000000,5.198E+5,
71200006.000000,5.212E+5,
71600006.000000,5.207E+5,
72000006.000000,5.217E+5,
72400006.000000,5.217E+5,
72800006.000000,5.212E+5,
73200006.000000,5.212E+5,
73600006.000000,5.207E+5,
74000006.000000,5.226E+5,
74400006.000000,5.216E+5,
74800006.000000,5.204E+5,
75200006.000000,5.219E+5,
75600006.000000,5.209E+5,
76000006.000000,5.222E+5,
76400006.000000,5.215E+5,
76800006.000000,5.217E+5,
77200006.000000,5.215E+5,
77600006.000000,5.208E+5,
78000006.000000,5.213E+5,
78400006.000000,5.208E+5,
78800006.000000,5.225E+5,
79200006.000000,5.211E+5,
79600006.000000,5.223E+5,
80000006.000000,5.200E+5,
80400006.000000,5.225E+5,
80800006.000000,5.217E+5,
81200006.000000,5.208E+5,
81600006.000000,5.208E+5,
82000006.000000,5.229E+5,
82400006.000000,5.228E+5,
82800006.000000,5.215E+5,
83200007.000000,5.214E+5,
83600007.000000,5.214E+5,
84000007.000000,5.219E+5,
84400007.000000,5.217E+5,
84800007.000000,5.214E+5,
85200007.000000,5.223E+5,
85600007.000000,5.220E+5,
86000007.000000,5.210E+5,
86400007.000000,5.216E+5,
86800007.000000,5.212E+5,
87200007.000000,5.223E+5,
87600007.000000,5.220E+5,
88000007.000000,5.215E+5,
88400007.000000,5.228E+5,
88800007.000000,5.208E+5,
89200007.000000,5.232E+5,
89600007.000000,5.217E+5,
90000007.000000,5.221E+5,
90400007.000000,5.221E+5,
90800007.000000,5.221E+5,
91200007.000000,5.220E+5,
91600007.000000,5.215E+5,
92000007.000000,5.224E+5,
92400007.000000,5.225E+5,
92800007.000000,5.210E+5,
93200007.000000,5.216E+5,
93600007.000000,5.212E+5,
94000007.000000,5.221E+5,
94400007.000000,5.219E+5,
94800007.000000,5.225E+5,
95200007.000000,5.210E+5,
95600007.000000,5.227E+5,
96000008.000000,5.211E+5,
96400008.000000,5.228E+5,
96800008.000000,5.223E+5,
97200008.000000,5.211E+5,
97600008.000000,5.227E+5,
98000008.000000,5.220E+5,
98400008.000000,5.227E+5,
98800008.000000,5.230E+5,
99200008.000000,5.214E+5,
99600008.000000,5.201E+5,
1E08,5.133E+5,
1.004E008,5.015E+5,
1.008E008,4.893E+5,
1.012E008,4.754E+5,
1.016E008,4.612E+5,
1.02E08,4.498E+5,
1.024E008,4.372E+5,
1.028E008,4.247E+5,
1.032E008,4.136E+5,
1.036E008,4.031E+5,
1.04E08,3.907E+5,
1.044E008,3.795E+5,
1.048E008,3.700E+5,
1.052E008,3.580E+5,
1.056E008,3.508E+5,
1.06E08,3.400E+5,
1.064E008,3.316E+5,
1.068E008,3.222E+5,
1.072E008,3.136E+5,
1.076E008,3.050E+5,
1.08E08,2.949E+5,
1.084E008,2.865E+5,
1.088E008,2.788E+5,
1.092E008,2.708E+5,
1.096E008,2.645E+5,
1.1E08,2.580E+5,
1.104E008,2.489E+5,
1.108E008,2.411E+5,
1.112E008,2.346E+5,
1.116E008,2.290E+5,
1.12E08,2.219E+5,
1.124E008,2.169E+5,
1.128E008,2.094E+5,
1.132E008,2.038E+5,
1.136E008,1.968E+5,
1.14E08,1.925E+5,
1.144E008,1.867E+5,
1.148E008,1.825E+5,
1.152E008,1.764E+5,
1.156E008,1.715E+5,
1.16E08,1.681E+5,
1.164E008,1.619E+5,
1.168E008,1.584E+5,
1.172E008,1.533E+5,
1.176E008,1.493E+5,
1.18E08,1.445E+5,
1.184E008,1.405E+5,
1.188E008,1.371E+5,
1.192E008,1.329E+5,
1.196E008,1.290E+5,
1.2E08,1.257E+5,
1.204E008,1.224E+5,
1.208E008,1.192E+5,
1.212E008,1.154E+5,
1.216E008,1.133E+5,
1.22E08,1.101E+5,
1.224E008,1.066E+5,
1.228E008,1.032E+5,
1.232E008,1.016E+5,
1.236E008,9.799E+4,
1.24E08,9.567E+4,
1.244E008,9.291E+4,
1.248E008,9.020E+4,
1.252E008,8.771E+4,
1.256E008,8.511E+4,
1.26E08,8.353E+4,
1.264E008,8.109E+4,
1.268E008,7.964E+4,
1.272E008,7.711E+4,
1.276E008,7.510E+4,
1.28E08,7.319E+4,
1.284E008,7.124E+4,
1.288E008,6.930E+4,
1.292E008,6.709E+4,
1.296E008,6.603E+4,
1.3E08,6.398E+4,
1.304E008,6.278E+4,
1.308E008,6.083E+4,
1.312E008,5.924E+4,
1.316E008,5.771E+4,
1.32E08,5.697E+4,
1.324E008,5.551E+4,
1.328E008,5.345E+4,
1.332E008,5.272E+4,
1.336E008,5.111E+4,
1.34E08,4.989E+4,
1.344E008,4.862E+4,
1.348E008,4.757E+4,
1.352E008,4.682E+4,
1.356E008,4.559E+4,
1.36E08,4.481E+4,
1.364E008,4.357E+4,
1.368E008,4.267E+4,
1.372E008,4.176E+4,
1.376E008,4.042E+4,
1.38E08,3.971E+4,
1.384E008,3.890E+4,
1.388E008,3.793E+4,
1.392E008,3.737E+4,
1.396E008,3.625E+4,
1.4E08,3.598E+4,
1.404E008,3.546E+4,
1.408E008,3.398E+4,
1.412E008,3.385E+4,
1.416E008,3.301E+4,
1.42E08,3.231E+4,
1.424E008,3.196E+4,
1.428E008,3.097E+4,
1.432E008,3.046E+4,
1.436E008,2.994E+4,
1.44E08,2.928E+4,
1.444E008,2.889E+4,
1.448E008,2.831E+4,
1.452E008,2.795E+4,
1.456E008,2.737E+4,
1.46E08,2.693E+4,
1.464E008,2.621E+4,
1.468E008,2.616E+4,
1.472E008,2.541E+4,
1.476E008,2.494E+4,
1.48E08,2.447E+4,
1.484E008,2.374E+4,
1.488E008,2.433E+4,
1.492E008,2.371E+4,
1.496E008,2.333E+4,
1.5E08,2.305E+4,
1.504E008,2.233E+4,
1.508E008,2.181E+4,
1.512E008,2.189E+4,
1.516E008,2.147E+4,
1.52E08,2.123E+4,
1.524E008,2.089E+4,
1.528E008,2.065E+4,
1.532E008,2.039E+4,
1.536E008,2.050E+4,
1.54E08,1.985E+4,
1.544E008,1.963E+4,
1.548E008,1.945E+4,
1.552E008,1.895E+4,
1.556E008,1.883E+4,
1.56E08,1.905E+4,
1.564E008,1.844E+4,
1.568E008,1.844E+4,
1.572E008,1.787E+4,
1.576E008,1.793E+4,
1.58E08,1.780E+4,
1.584E008,1.750E+4,
1.588E008,1.769E+4,
1.592E008,1.733E+4,
1.596E008,1.665E+4,
1.6E08,1.687E+4,
1.604E008,1.680E+4,
1.608E008,1.671E+4,
1.612E008,1.642E+4,
1.616E008,1.605E+4,
1.62E08,1.635E+4,
1.624E008,1.591E+4,
1.628E008,1.600E+4,
1.632E008,1.582E+4,
1.636E008,1.561E+4,
1.64E08,1.579E+4,
1.644E008,1.572E+4,
1.648E008,1.547E+4,
1.652E008,1.540E+4,
1.656E008,1.512E+4,
1.66E08,1.488E+4,
1.664E008,1.473E+4,
1.668E008,1.474E+4,
1.672E008,1.487E+4,
1.676E008,1.447E+4,
1.68E08,1.464E+4,
1.684E008,1.453E+4,
1.688E008,1.446E+4,
1.692E008,1.458E+4,
1.696E008,1.436E+4,
1.7E08,1.425E+4,
1.704E008,1.431E+4,
1.708E008,1.400E+4,
1.712E008,1.398E+4,
1.716E008,1.383E+4,
1.72E08,1.379E+4,
1.724E008,1.408E+4,
1.728E008,1.381E+4,
1.732E008,1.370E+4,
1.736E008,1.358E+4,
1.74E08,1.363E+4,
1.744E008,1.354E+4,
1.748E008,1.344E+4,
1.752E008,1.353E+4,
1.756E008,1.349E+4,
1.76E08,1.346E+4,
1.764E008,1.324E+4,
1.768E008,1.343E+4,
1.772E008,1.321E+4,
1.776E008,1.310E+4,
1.78E08,1.309E+4,
1.784E008,1.309E+4,
1.788E008,1.300E+4,
1.792E008,1.316E+4,
1.796E008,1.309E+4,
1.8E08,1.297E+4,
1.804E008,1.309E+4,
1.808E008,1.277E+4,
1.812E008,1.303E+4,
1.816E008,1.299E+4,
1.82E08,1.296E+4,
1.824E008,1.286E+4,
1.828E008,1.259E+4,
1.832E008,1.289E+4,
1.836E008,1.289E+4,
1.84E08,1.277E+4,
1.844E008,1.299E+4,
1.848E008,1.264E+4,
1.852E008,1.287E+4,
1.856E008,1.254E+4,
1.86E08,1.269E+4,
1.864E008,1.241E+4,
1.868E008,1.257E+4,
1.872E008,1.254E+4,
1.876E008,1.250E+4,
1.88E08,1.234E+4,
1.884E008,1.240E+4,
1.888E008,1.239E+4,
1.892E008,1.259E+4,
1.896E008,1.246E+4,
1.9E08,1.234E+4,
1.904E008,1.251E+4,
1.908E008,1.243E+4,
1.912E008,1.246E+4,
1.916E008,1.248E+4,
1.92E08,1.232E+4,
1.924E008,1.255E+4,
1.928E008,1.229E+4,
1.932E008,1.221E+4,
1.936E008,1.237E+4,
1.94E08,1.235E+4,
1.944E008,1.230E+4,
1.948E008,1.210E+4,
1.952E008,1.242E+4,
1.956E008,1.208E+4,
1.96E08,1.239E+4,
1.964E008,1.227E+4,
1.968E008,1.213E+4,
1.972E008,1.237E+4,
1.976E008,1.233E+4,
1.98E08,1.209E+4,
1.984E008,1.233E+4,
1.988E008,1.245E+4,
1.992E008,1.217E+4,
1.996E008,1.212E+4,
2E08,1.217E+4,
2.004E008,1.219E+4,
2.008E008,1.212E+4,
2.012E008,1.199E+4,
2.016E008,1.225E+4,
2.02E08,1.226E+4,
2.024E008,1.200E+4,
2.028E008,1.227E+4,
2.032E008,1.213E+4,
2.036E008,1.212E+4,
2.04E08,1.217E+4,
2.044E008,1.209E+4,
2.048E008,1.204E+4,
2.052E008,1.214E+4,
2.056E008,1.202E+4,
2.06E08,1.225E+4,
2.064E008,1.185E+4,
2.068E008,1.219E+4,
2.072E008,1.214E+4,
2.076E008,1.202E+4,
2.08E08,1.203E+4,
2.084E008,1.188E+4,
2.088E008,1.199E+4,
2.092E008,1.204E+4,
2.096E008,1.210E+4,
2.1E08,1.213E+4,
2.104E008,1.200E+4,
2.108E008,1.206E+4,
2.112E008,1.213E+4,
2.116E008,1.205E+4,
2.12E08,1.210E+4,
2.124E008,1.213E+4,
2.128E008,1.191E+4,
2.132E008,1.185E+4,
2.136E008,1.199E+4,
2.14E08,1.204E+4,
2.144E008,1.210E+4,
2.148E008,1.207E+4,
2.152E008,1.197E+4,
2.156E008,1.201E+4,
2.16E08,1.192E+4,
2.164E008,1.197E+4,
2.168E008,1.210E+4,
2.172E008,1.225E+4,
2.176E008,1.181E+4,
2.18E08,1.186E+4,
2.184E008,1.200E+4,
2.188E008,1.190E+4,
2.192E008,1.183E+4,
2.196E008,1.183E+4,
2.2E08,1.205E+4,
2.204E008,1.210E+4,
2.208E008,1.211E+4,
2.212E008,1.214E+4,
2.216E008,1.199E+4,
2.22E08,1.200E+4,
2.224E008,1.201E+4,
2.228E008,1.224E+4,
2.232E008,1.216E+4,
2.236E008,1.214E+4,
2.24E08,1.193E+4,
2.244E008,1.214E+4,
2.248E008,1.194E+4,
2.252E008,1.193E+4,
2.256E008,1.201E+4,
2.26E08,1.216E+4,
2.264E008,1.202E+4,
2.268E008,1.221E+4,
2.272E008,1.212E+4,
2.276E008,1.195E+4,
2.28E08,1.204E+4,
2.284E008,1.185E+4,
2.288E008,1.192E+4,
2.292E008,1.197E+4,
2.296E008,1.204E+4,
2.3E08,1.206E+4,
2.304E008,1.180E+4,
2.308E008,1.206E+4,
2.312E008,1.186E+4,
2.316E008,1.193E+4,
2.32E08,1.174E+4,
2.324E008,1.196E+4,
2.328E008,1.208E+4,
2.332E008,1.200E+4,
2.336E008,1.193E+4,
2.34E08,1.212E+4,
2.344E008,1.210E+4,
2.348E008,1.195E+4,
2.352E008,1.233E+4,
2.356E008,1.178E+4,
2.36E08,1.194E+4,
2.364E008,1.217E+4,
2.368E008,1.225E+4,
2.372E008,1.215E+4,
2.376E008,1.191E+4,
2.38E08,1.185E+4,
2.384E008,1.202E+4,
2.388E008,1.179E+4,
2.392E008,1.199E+4,
2.396E008,1.165E+4,
2.4E08,1.178E+4,
2.404E008,1.205E+4,
2.408E008,1.207E+4,
2.412E008,1.215E+4,
2.416E008,1.186E+4,
2.42E08,1.205E+4,
2.424E008,1.204E+4,
2.428E008,1.181E+4,
2.432E008,1.235E+4,
2.436E008,1.205E+4,
2.44E08,1.171E+4,
2.444E008,1.207E+4,
2.448E008,1.200E+4,
2.452E008,1.180E+4,
2.456E008,1.184E+4,
2.46E08,1.201E+4,
2.464E008,1.193E+4,
2.468E008,1.213E+4,
2.472E008,1.206E+4,
2.476E008,1.213E+4,
2.48E08,1.206E+4,
2.484E008,1.173E+4,
2.488E008,1.186E+4,
2.492E008,1.217E+4,
2.496E008,1.191E+4,
2.5E08,1.190E+4,
2.504E008,1.197E+4,
2.508E008,1.188E+4,
2.512E008,1.183E+4,
2.516E008,1.212E+4,
2.52E08,1.183E+4,
2.524E008,1.183E+4,
2.528E008,1.203E+4,
2.532E008,1.197E+4,
2.536E008,1.195E+4,
2.54E08,1.204E+4,
2.544E008,1.193E+4,
2.548E008,1.190E+4,
2.552E008,1.216E+4,
2.556E008,1.182E+4,
2.56E08,1.226E+4,
2.564E008,1.184E+4,
2.568E008,1.199E+4,
2.572E008,1.185E+4,
2.576E008,1.186E+4,
2.58E08,1.195E+4,
2.584E008,1.187E+4,
2.588E008,1.202E+4,
2.592E008,1.204E+4,
2.596E008,1.183E+4,
2.6E08,1.207E+4,
2.604E008,1.183E+4,
2.608E008,1.196E+4,
2.612E008,1.193E+4,
2.616E008,1.172E+4,
2.62E08,1.196E+4,
2.624E008,1.201E+4,
2.628E008,1.200E+4,
2.632E008,1.200E+4,
2.636E008,1.193E+4,
2.64E08,1.188E+4,
2.644E008,1.196E+4,
2.648E008,1.197E+4,
2.652E008,1.197E+4,
2.656E008,1.202E+4,
2.66E08,1.174E+4,
2.664E008,1.181E+4,
2.668E008,1.188E+4,
2.672E008,1.212E+4,
2.676E008,1.180E+4,
2.68E08,1.213E+4,
2.684E008,1.196E+4,
2.688E008,1.214E+4,
2.692E008,1.198E+4,
2.696E008,1.185E+4,
2.7E08,1.208E+4,
2.704E008,1.194E+4,
2.708E008,1.205E+4,
2.712E008,1.212E+4,
2.716E008,1.220E+4,
2.72E08,1.197E+4,
2.724E008,1.163E+4,
2.728E008,1.177E+4,
2.732E008,1.196E+4,
2.736E008,1.185E+4,
2.74E08,1.204E+4,
2.744E008,1.187E+4,
2.748E008,1.175E+4,
2.752E008,1.157E+4,
2.756E008,1.201E+4,
2.76E08,1.189E+4,
2.764E008,1.187E+4,
2.768E008,1.177E+4,
2.772E008,1.156E+4,
2.776E008,1.207E+4,
2.78E08,1.201E+4,
2.784E008,1.192E+4,
2.788E008,1.219E+4,
2.792E008,1.181E+4,
2.796E008,1.209E+4,
2.8E08,1.187E+4,
2.804E008,1.227E+4,
2.808E008,1.213E+4,
2.812E008,1.188E+4,
2.816E008,1.199E+4,
2.82E08,1.182E+4,
2.824E008,1.188E+4,
2.828E008,1.196E+4,
2.832E008,1.195E+4,
2.836E008,1.193E+4,
2.84E08,1.205E+4,
2.844E008,1.198E+4,
2.848E008,1.184E+4,
2.852E008,1.205E+4,
2.856E008,1.197E+4,
2.86E08,1.187E+4,
2.864E008,1.178E+4,
2.868E008,1.174E+4,
2.872E008,1.203E+4,
2.876E008,1.176E+4,
2.88E08,1.189E+4,
2.884E008,1.191E+4,
2.888E008,1.201E+4,
2.892E008,1.187E+4,
2.896E008,1.193E+4,
2.9E08,1.189E+4,
2.904E008,1.170E+4,
2.908E008,1.197E+4,
2.912E008,1.176E+4,
2.916E008,1.190E+4,
2.92E08,1.179E+4,
2.924E008,1.187E+4,
2.928E008,1.186E+4,
2.932E008,1.183E+4,
2.936E008,1.183E+4,
2.94E08,1.183E+4,
2.944E008,1.211E+4,
2.948E008,1.168E+4,
2.952E008,1.188E+4,
2.956E008,1.196E+4,
2.96E08,1.193E+4,
2.964E008,1.192E+4,
2.968E008,1.203E+4,
2.972E008,1.190E+4,
2.976E008,1.176E+4,
2.98E08,1.176E+4,
2.984E008,1.190E+4,
2.988E008,1.193E+4,
2.992E008,1.168E+4,
2.996E008,1.193E+4,
3E08,1.203E+4,
3.004E008,1.184E+4,
3.008E008,1.211E+4,
3.012E008,1.181E+4,
3.016E008,1.185E+4,
3.02E08,1.205E+4,
3.024E008,1.196E+4,
3.028E008,1.194E+4,
3.032E008,1.199E+4,
3.036E008,1.217E+4,
3.04E08,1.165E+4,
3.044E008,1.190E+4,
3.048E008,1.213E+4,
3.052E008,1.190E+4,
3.056E008,1.202E+4,
3.06E08,1.194E+4,
3.064E008,1.185E+4,
3.068E008,1.189E+4,
3.072E008,1.198E+4,
3.076E008,1.211E+4,
3.08E08,1.172E+4,
3.084E008,1.190E+4,
3.088E008,1.181E+4,
3.092E008,1.202E+4,
3.096E008,1.201E+4,
3.1E08,1.184E+4,
3.104E008,1.206E+4,
3.108E008,1.188E+4,
3.112E008,1.177E+4,
3.116E008,1.191E+4,
3.12E08,1.201E+4,
3.124E008,1.201E+4,
3.128E008,1.168E+4,
3.132E008,1.208E+4,
3.136E008,1.173E+4,
3.14E08,1.207E+4,
3.144E008,1.189E+4,
3.148E008,1.191E+4,
3.152E008,1.212E+4,
3.156E008,1.185E+4,
3.16E08,1.193E+4,
3.164E008,1.188E+4,
3.168E008,1.176E+4,
3.172E008,1.186E+4,
3.176E008,1.180E+4,
3.18E08,1.199E+4,
3.184E008,1.192E+4,
3.188E008,1.190E+4,
3.192E008,1.202E+4,
3.196E008,1.199E+4,
3.2E08,1.211E+4,
3.204E008,1.193E+4,
3.208E008,1.193E+4,
3.212E008,1.199E+4,
3.216E008,1.178E+4,
3.22E08,1.191E+4,
3.224E008,1.197E+4,
3.228E008,1.193E+4,
3.232E008,1.203E+4,
3.236E008,1.214E+4,
3.24E08,1.187E+4,
3.244E008,1.196E+4,
3.248E008,1.204E+4,
3.252E008,1.214E+4,
3.256E008,1.201E+4,
3.26E08,1.200E+4,
3.264E008,1.176E+4,
3.268E008,1.202E+4,
3.272E008,1.174E+4,
3.276E008,1.177E+4,
3.28E08,1.199E+4,
3.284E008,1.199E+4,
3.288E008,1.189E+4,
3.292E008,1.191E+4,
3.296E008,1.208E+4,
3.3E08,1.191E+4,
3.304E008,1.193E+4,
3.308E008,1.193E+4,
3.312E008,1.172E+4,
3.316E008,1.199E+4,
3.32E08,1.171E+4,
3.324E008,1.191E+4,
3.328E008,1.201E+4,
3.332E008,1.190E+4,
3.336E008,1.197E+4,
3.34E08,1.201E+4,
3.344E008,1.209E+4,
3.348E008,1.174E+4,
3.352E008,1.179E+4,
3.356E008,1.186E+4,
3.36E08,1.209E+4,
3.364E008,1.199E+4,
3.368E008,1.191E+4,
3.372E008,1.182E+4,
3.376E008,1.196E+4,
3.38E08,1.196E+4,
3.384E008,1.203E+4,
3.388E008,1.179E+4,
3.392E008,1.182E+4,
3.396E008,1.178E+4,
3.4E08,1.199E+4,
3.404E008,1.198E+4,
3.408E008,1.199E+4,
3.412E008,1.199E+4,
3.416E008,1.184E+4,
3.42E08,1.188E+4,
3.424E008,1.198E+4,
3.428E008,1.180E+4,
3.432E008,1.191E+4,
3.436E008,1.195E+4,
3.44E08,1.193E+4,
3.444E008,1.171E+4,
3.448E008,1.197E+4,
3.452E008,1.208E+4,
3.456E008,1.200E+4,
3.46E08,1.200E+4,
3.464E008,1.196E+4,
3.468E008,1.194E+4,
3.472E008,1.186E+4,
3.476E008,1.191E+4,
3.48E08,1.181E+4,
3.484E008,1.191E+4,
3.488E008,1.184E+4,
3.492E008,1.202E+4,
3.496E008,1.203E+4,
3.5E08,1.201E+4,
3.504E008,1.193E+4,
3.508E008,1.192E+4,
3.512E008,1.185E+4,
3.516E008,1.184E+4,
3.52E08,1.177E+4,
3.524E008,1.189E+4,
3.528E008,1.178E+4,
3.532E008,1.208E+4,
3.536E008,1.185E+4,
3.54E08,1.164E+4,
3.544E008,1.202E+4,
3.548E008,1.178E+4,
3.552E008,1.173E+4,
3.556E008,1.186E+4,
3.56E08,1.192E+4,
3.564E008,1.184E+4,
3.568E008,1.205E+4,
3.572E008,1.197E+4,
3.576E008,1.154E+4,
3.58E08,1.201E+4,
3.584E008,1.206E+4,
3.588E008,1.188E+4,
3.592E008,1.208E+4,
3.596E008,1.187E+4,
3.6E08,1.179E+4,
3.604E008,1.208E+4,
3.608E008,1.216E+4,
3.612E008,1.196E+4,
3.616E008,1.209E+4,
3.62E08,1.216E+4,
3.624E008,1.169E+4,
3.628E008,1.208E+4,
3.632E008,1.216E+4,
3.636E008,1.196E+4,
3.64E08,1.223E+4,
3.644E008,1.213E+4,
3.648E008,1.187E+4,
3.652E008,1.186E+4,
3.656E008,1.187E+4,
3.66E08,1.191E+4,
3.664E008,1.171E+4,
3.668E008,1.190E+4,
3.672E008,1.186E+4,
3.676E008,1.175E+4,
3.68E08,1.209E+4,
3.684E008,1.190E+4,
3.688E008,1.179E+4,
3.692E008,1.203E+4,
3.696E008,1.215E+4,
3.7E08,1.173E+4,
3.704E008,1.198E+4,
3.708E008,1.186E+4,
3.712E008,1.189E+4,
3.716E008,1.201E+4,
3.72E08,1.177E+4,
3.724E008,1.189E+4,
3.728E008,1.194E+4,
3.732E008,1.193E+4,
3.736E008,1.194E+4,
3.74E08,1.196E+4,
3.744E008,1.194E+4,
3.748E008,1.189E+4,
3.752E008,1.199E+4,
3.756E008,1.194E+4,
3.76E08,1.181E+4,
3.764E008,1.194E+4,
3.768E008,1.205E+4,
3.772E008,1.200E+4,
3.776E008,1.181E+4,
3.78E08,1.184E+4,
3.784E008,1.204E+4,
3.788E008,1.204E+4,
3.792E008,1.231E+4,
3.796E008,1.187E+4,
3.8E08,1.178E+4,
3.804E008,1.194E+4,
3.808E008,1.191E+4,
3.812E008,1.194E+4,
3.816E008,1.196E+4,
3.82E08,1.176E+4,
3.824E008,1.213E+4,
3.828E008,1.199E+4,
3.832E008,1.175E+4,
3.836E008,1.182E+4,
3.84E08,1.208E+4,
3.844E008,1.232E+4,
3.848E008,1.195E+4,
3.852E008,1.193E+4,
3.856E008,1.179E+4,
3.86E08,1.203E+4,
3.864E008,1.199E+4,
3.868E008,1.186E+4,
3.872E008,1.219E+4,
3.876E008,1.173E+4,
3.88E08,1.211E+4,
3.884E008,1.198E+4,
3.888E008,1.183E+4,
3.892E008,1.190E+4,
3.896E008,1.200E+4,
3.9E08,1.182E+4,
3.904E008,1.201E+4,
3.908E008,1.178E+4,
3.912E008,1.180E+4,
3.916E008,1.212E+4,
3.92E08,1.203E+4,
3.924E008,1.188E+4,
3.928E008,1.207E+4,
3.932E008,1.205E+4,
3.936E008,1.184E+4,
3.94E08,1.199E+4,
3.944E008,1.178E+4,
3.948E008,1.172E+4,
3.952E008,1.191E+4,
3.956E008,1.189E+4,
3.96E08,1.182E+4,
3.964E008,1.178E+4,
3.968E008,1.212E+4,
3.972E008,1.197E+4,
3.976E008,1.210E+4,
3.98E08,1.209E+4,
3.984E008,1.207E+4,
3.988E008,1.205E+4,
3.992E008,1.181E+4,
3.996E008,1.205E+4,
