Labels,T12,
Type,Time Scan,
Comment,,
Start,0.00,
Stop,1.998E008,
Step,2E05,
Fixed/Offset, ,
XAxis,Time,
YAxis,Counts,

0.00,1.867E+4,
2E05,7.582E+4,
4E05,7.554E+4,
6E05,7.433E+4,
800000.060000,7.216E+4,
1E06,7.115E+4,
1.2E06,6.972E+4,
1.4E06,6.818E+4,
1.6E06,6.729E+4,
1.8E06,6.603E+4,
2E06,6.480E+4,
2.2E06,6.368E+4,
2.4E06,6.306E+4,
2.6E06,6.149E+4,
2.8E06,6.025E+4,
3E06,5.945E+4,
3.2E06,5.825E+4,
3.4E06,5.716E+4,
3.6E06,5.622E+4,
3.8E06,5.496E+4,
4E06,5.386E+4,
4.2E06,5.321E+4,
4.4E06,5.248E+4,
4.6E06,5.127E+4,
4.8E06,5.082E+4,
5E06,4.999E+4,
5.2E06,4.941E+4,
5.4E06,4.810E+4,
5.6E06,4.696E+4,
5.8E06,4.660E+4,
6E06,4.529E+4,
6.2E06,4.523E+4,
6400000.500000,4.476E+4,
6600000.500000,4.392E+4,
6800000.500000,4.286E+4,
7000000.500000,4.242E+4,
7200000.600000,4.143E+4,
7400000.600000,4.112E+4,
7600000.600000,4.060E+4,
7800000.600000,3.986E+4,
8000000.600000,3.899E+4,
8200000.600000,3.877E+4,
8400000.700000,3.779E+4,
8600000.700000,3.754E+4,
8800000.700000,3.696E+4,
9000000.700000,3.640E+4,
9200000.700000,3.566E+4,
9400000.700000,3.542E+4,
9600000.800000,3.476E+4,
9800000.800000,3.429E+4,
1E07,3.351E+4,
1.02E07,3.349E+4,
1.04E07,3.249E+4,
1.06E07,3.221E+4,
1.08E07,3.192E+4,
1.1E07,3.139E+4,
1.12E07,3.117E+4,
1.14E07,3.042E+4,
1.16E07,2.990E+4,
1.18E07,2.965E+4,
1.2E07,2.893E+4,
1.22E07,2.895E+4,
1.24E07,2.826E+4,
1.26E07,2.806E+4,
1.28E07,2.788E+4,
1.3E07,2.733E+4,
1.32E07,2.688E+4,
1.34E07,2.640E+4,
1.36E07,2.549E+4,
1.38E07,2.533E+4,
1.4E07,2.497E+4,
1.42E07,2.485E+4,
1.44E07,2.438E+4,
1.46E07,2.450E+4,
1.48E07,2.436E+4,
1.5E07,2.366E+4,
1.52E07,2.369E+4,
1.54E07,2.313E+4,
1.56E07,2.330E+4,
1.58E07,2.301E+4,
1.6E07,2.242E+4,
1.62E07,2.198E+4,
1.64E07,2.179E+4,
1.66E07,2.151E+4,
1.68E07,2.118E+4,
1.7E07,2.089E+4,
1.72E07,2.086E+4,
1.74E07,2.058E+4,
1.76E07,2.029E+4,
1.78E07,2.006E+4,
1.8E07,1.987E+4,
1.82E07,1.951E+4,
1.84E07,1.943E+4,
1.86E07,1.915E+4,
1.88E07,1.887E+4,
1.9E07,1.845E+4,
1.92E07,1.871E+4,
1.94E07,1.856E+4,
1.96E07,1.817E+4,
1.98E07,1.785E+4,
2E07,1.821E+4,
2.02E07,1.777E+4,
2.04E07,1.746E+4,
2.06E07,1.752E+4,
2.08E07,1.737E+4,
2.1E07,1.706E+4,
2.12E07,1.684E+4,
2.14E07,1.694E+4,
2.16E07,1.640E+4,
2.18E07,1.631E+4,
2.2E07,1.630E+4,
2.22E07,1.614E+4,
2.24E07,1.589E+4,
2.26E07,1.593E+4,
2.28E07,1.524E+4,
2.3E07,1.532E+4,
2.32E07,1.524E+4,
2.34E07,1.537E+4,
2.36E07,1.519E+4,
2.38E07,1.513E+4,
2.4E07,1.469E+4,
2.42E07,1.459E+4,
2.44E07,1.446E+4,
2.46E07,1.430E+4,
2.48E07,1.411E+4,
2.5E07,1.406E+4,
2.52E07,1.404E+4,
2.54E07,1.411E+4,
2.56E07,1.377E+4,
2.58E07,1.382E+4,
2.6E07,1.344E+4,
2.62E07,1.332E+4,
2.64E07,1.333E+4,
2.66E07,1.333E+4,
2.68E07,1.318E+4,
2.7E07,1.300E+4,
2.72E07,1.314E+4,
2.74E07,1.305E+4,
2.76E07,1.300E+4,
2.78E07,1.274E+4,
2.8E07,1.274E+4,
2.82E07,1.234E+4,
2.84E07,1.246E+4,
2.86E07,1.243E+4,
2.88E07,1.207E+4,
2.9E07,1.237E+4,
2.92E07,1.224E+4,
2.94E07,1.196E+4,
2.96E07,1.230E+4,
2.98E07,1.190E+4,
3E07,1.205E+4,
3.02E07,1.199E+4,
3.04E07,1.181E+4,
3.06E07,1.158E+4,
3.08E07,1.139E+4,
3.1E07,1.155E+4,
3.12E07,1.126E+4,
3.14E07,1.139E+4,
3.16E07,1.136E+4,
3.18E07,1.133E+4,
3.2E07,1.120E+4,
3.22E07,1.111E+4,
3.24E07,1.115E+4,
3.26E07,1.112E+4,
3.28E07,1.072E+4,
3.3E07,1.098E+4,
3.32E07,1.088E+4,
3.34E07,1.072E+4,
3.36E07,1.093E+4,
3.38E07,1.069E+4,
3.4E07,1.071E+4,
3.42E07,1.046E+4,
3.44E07,1.072E+4,
3.46E07,1.052E+4,
3.48E07,1.043E+4,
3.5E07,1.058E+4,
3.52E07,1.021E+4,
3.54E07,1.037E+4,
3.56E07,1.035E+4,
3.58E07,1.030E+4,
3.6E07,1.034E+4,
3.62E07,1.020E+4,
3.64E07,1.019E+4,
3.66E07,1.015E+4,
3.68E07,9.824E+3,
3.7E07,9.932E+3,
3.72E07,1.003E+4,
3.74E07,1.007E+4,
3.76E07,9.955E+3,
3.78E07,9.987E+3,
3.8E07,9.863E+3,
3.82E07,9.691E+3,
3.84E07,9.730E+3,
3.86E07,9.746E+3,
3.88E07,9.515E+3,
3.9E07,9.644E+3,
3.92E07,9.633E+3,
3.94E07,9.668E+3,
3.96E07,9.609E+3,
3.98E07,9.404E+3,
4E07,9.883E+3,
4.02E07,9.571E+3,
4.04E07,9.613E+3,
4.06E07,9.553E+3,
4.08E07,9.360E+3,
4.1E07,9.586E+3,
4.12E07,9.448E+3,
4.14E07,9.320E+3,
4.16E07,9.443E+3,
4.18E07,9.438E+3,
4.2E07,9.382E+3,
4.22E07,9.292E+3,
4.24E07,9.346E+3,
4.26E07,9.299E+3,
4.28E07,9.266E+3,
4.3E07,9.235E+3,
4.32E07,9.241E+3,
4.34E07,9.399E+3,
4.36E07,9.337E+3,
4.38E07,9.235E+3,
4.4E07,9.158E+3,
4.42E07,9.045E+3,
4.44E07,9.143E+3,
4.46E07,9.065E+3,
4.48E07,9.055E+3,
4.5E07,9.034E+3,
4.52E07,9.246E+3,
4.54E07,8.865E+3,
4.56E07,9.021E+3,
4.58E07,8.837E+3,
4.6E07,9.096E+3,
4.62E07,9.055E+3,
4.64E07,8.774E+3,
4.66E07,8.906E+3,
4.68E07,8.835E+3,
4.7E07,8.901E+3,
4.72E07,8.749E+3,
4.74E07,8.866E+3,
4.76E07,8.797E+3,
4.78E07,8.851E+3,
4.8E07,8.791E+3,
4.82E07,8.743E+3,
4.84E07,8.999E+3,
4.86E07,8.931E+3,
4.88E07,8.906E+3,
4.9E07,8.742E+3,
4.92E07,9.024E+3,
4.94E07,8.732E+3,
4.96E07,8.649E+3,
4.98E07,8.700E+3,
5E07,8.652E+3,
5.02E07,8.709E+3,
5.04E07,8.609E+3,
5.06E07,8.697E+3,
5.08E07,8.592E+3,
5.1E07,8.696E+3,
5.12E07,8.372E+3,
5.14E07,8.938E+3,
5.16E07,8.437E+3,
5.18E07,8.657E+3,
5.2E07,8.638E+3,
5.22E07,8.589E+3,
5.24E07,8.480E+3,
5.26E07,8.748E+3,
5.28E07,8.378E+3,
5.3E07,8.536E+3,
5.32E07,8.531E+3,
5.34E07,8.371E+3,
5.36E07,8.424E+3,
5.38E07,8.521E+3,
5.4E07,8.323E+3,
5.42E07,8.450E+3,
5.44E07,8.501E+3,
5.46E07,8.553E+3,
5.48E07,8.337E+3,
5.5E07,8.447E+3,
5.52E07,8.475E+3,
5.54E07,8.349E+3,
5.56E07,8.337E+3,
5.58E07,8.559E+3,
5.6E07,8.528E+3,
5.62E07,8.522E+3,
5.64E07,8.659E+3,
5.66E07,8.345E+3,
5.68E07,8.371E+3,
5.7E07,8.432E+3,
5.72E07,8.336E+3,
5.74E07,8.393E+3,
5.76E07,8.266E+3,
5.78E07,8.408E+3,
5.8E07,8.367E+3,
5.82E07,8.516E+3,
5.84E07,8.324E+3,
5.86E07,8.375E+3,
5.88E07,8.400E+3,
5.9E07,8.336E+3,
5.92E07,8.550E+3,
5.94E07,8.594E+3,
5.96E07,8.219E+3,
5.98E07,8.302E+3,
6E07,8.420E+3,
6.02E07,8.308E+3,
6.04E07,8.142E+3,
6.06E07,8.329E+3,
6.08E07,8.291E+3,
6.1E07,8.315E+3,
6.12E07,8.386E+3,
6.14E07,8.453E+3,
6.16E07,8.469E+3,
6.18E07,8.411E+3,
6.2E07,8.387E+3,
6.22E07,8.296E+3,
6.24E07,8.481E+3,
6.26E07,8.609E+3,
6.28E07,8.442E+3,
6.3E07,8.249E+3,
6.32E07,8.382E+3,
6.34E07,8.502E+3,
6.36E07,8.262E+3,
6.38E07,8.115E+3,
64000005.000000,8.261E+3,
64200005.000000,8.315E+3,
64400005.000000,8.284E+3,
64600005.000000,8.276E+3,
64800005.000000,8.437E+3,
65000005.000000,8.395E+3,
65200005.000000,8.153E+3,
65400005.000000,8.344E+3,
65600005.000000,8.420E+3,
65800005.000000,8.106E+3,
66000005.000000,8.445E+3,
66200005.000000,8.214E+3,
66400005.000000,8.260E+3,
66600005.000000,8.107E+3,
66800005.000000,8.251E+3,
67000005.000000,8.232E+3,
67200005.000000,8.180E+3,
67400005.000000,8.138E+3,
67600005.000000,8.327E+3,
67800005.000000,8.336E+3,
68000005.000000,8.142E+3,
68200005.000000,8.252E+3,
68400005.000000,8.192E+3,
68600005.000000,8.123E+3,
68800005.000000,8.079E+3,
69000005.000000,8.263E+3,
69200005.000000,8.155E+3,
69400005.000000,8.251E+3,
69600005.000000,7.957E+3,
69800005.000000,8.342E+3,
70000005.000000,8.103E+3,
70200005.000000,8.178E+3,
70400006.000000,8.304E+3,
70600006.000000,8.262E+3,
70800006.000000,8.182E+3,
71000006.000000,8.159E+3,
71200006.000000,8.126E+3,
71400006.000000,8.169E+3,
71600006.000000,8.326E+3,
71800006.000000,8.427E+3,
72000006.000000,7.983E+3,
72200006.000000,8.252E+3,
72400006.000000,8.163E+3,
72600006.000000,8.134E+3,
72800006.000000,7.956E+3,
73000006.000000,8.488E+3,
73200006.000000,8.327E+3,
73400006.000000,8.175E+3,
73600006.000000,8.267E+3,
73800006.000000,8.028E+3,
74000006.000000,8.053E+3,
74200006.000000,8.320E+3,
74400006.000000,8.303E+3,
74600006.000000,8.181E+3,
74800006.000000,8.304E+3,
75000006.000000,8.343E+3,
75200006.000000,8.313E+3,
75400006.000000,8.256E+3,
75600006.000000,8.102E+3,
75800006.000000,8.155E+3,
76000006.000000,8.257E+3,
76200006.000000,8.204E+3,
76400006.000000,8.240E+3,
76600006.000000,8.197E+3,
76800006.000000,8.150E+3,
77000006.000000,8.172E+3,
77200006.000000,8.171E+3,
77400006.000000,8.048E+3,
77600006.000000,8.408E+3,
77800006.000000,8.326E+3,
78000006.000000,8.270E+3,
78200006.000000,8.245E+3,
78400006.000000,8.290E+3,
78600006.000000,8.317E+3,
78800006.000000,8.185E+3,
79000006.000000,8.175E+3,
79200006.000000,8.176E+3,
79400006.000000,8.185E+3,
79600006.000000,8.129E+3,
79800006.000000,8.068E+3,
80000006.000000,8.380E+3,
80200006.000000,8.104E+3,
80400006.000000,8.115E+3,
80600006.000000,8.285E+3,
80800006.000000,8.237E+3,
81000006.000000,8.365E+3,
81200006.000000,8.272E+3,
81400006.000000,8.344E+3,
81600006.000000,8.204E+3,
81800006.000000,8.188E+3,
82000006.000000,8.070E+3,
82200006.000000,8.264E+3,
82400006.000000,8.026E+3,
82600006.000000,8.208E+3,
82800006.000000,8.118E+3,
83000006.000000,8.200E+3,
83200007.000000,8.126E+3,
83400007.000000,8.346E+3,
83600007.000000,8.280E+3,
83800007.000000,8.158E+3,
84000007.000000,8.229E+3,
84200007.000000,8.246E+3,
84400007.000000,8.186E+3,
84600007.000000,8.298E+3,
84800007.000000,8.222E+3,
85000007.000000,8.121E+3,
85200007.000000,8.026E+3,
85400007.000000,8.232E+3,
85600007.000000,8.069E+3,
85800007.000000,8.124E+3,
86000007.000000,8.195E+3,
86200007.000000,8.292E+3,
86400007.000000,8.225E+3,
86600007.000000,8.114E+3,
86800007.000000,8.176E+3,
87000007.000000,8.229E+3,
87200007.000000,8.279E+3,
87400007.000000,8.186E+3,
87600007.000000,8.136E+3,
87800007.000000,8.232E+3,
88000007.000000,8.082E+3,
88200007.000000,8.096E+3,
88400007.000000,8.186E+3,
88600007.000000,8.248E+3,
88800007.000000,8.068E+3,
89000007.000000,8.212E+3,
89200007.000000,8.030E+3,
89400007.000000,8.346E+3,
89600007.000000,8.179E+3,
89800007.000000,8.312E+3,
90000007.000000,8.163E+3,
90200007.000000,8.073E+3,
90400007.000000,8.140E+3,
90600007.000000,8.225E+3,
90800007.000000,8.043E+3,
91000007.000000,7.974E+3,
91200007.000000,7.989E+3,
91400007.000000,8.322E+3,
91600007.000000,8.057E+3,
91800007.000000,8.125E+3,
92000007.000000,8.091E+3,
92200007.000000,8.051E+3,
92400007.000000,8.004E+3,
92600007.000000,8.280E+3,
92800007.000000,8.009E+3,
93000007.000000,8.199E+3,
93200007.000000,8.068E+3,
93400007.000000,8.009E+3,
93600007.000000,8.086E+3,
93800007.000000,8.162E+3,
94000007.000000,8.108E+3,
94200007.000000,8.094E+3,
94400007.000000,8.138E+3,
94600007.000000,8.132E+3,
94800007.000000,8.047E+3,
95000007.000000,8.106E+3,
95200007.000000,7.978E+3,
95400007.000000,8.037E+3,
95600007.000000,8.045E+3,
95800007.000000,8.196E+3,
96000008.000000,8.133E+3,
96200008.000000,8.130E+3,
96400008.000000,8.256E+3,
96600008.000000,8.117E+3,
96800008.000000,8.167E+3,
97000008.000000,8.044E+3,
97200008.000000,8.231E+3,
97400008.000000,8.180E+3,
97600008.000000,8.231E+3,
97800008.000000,8.145E+3,
98000008.000000,8.037E+3,
98200008.000000,8.280E+3,
98400008.000000,8.027E+3,
98600008.000000,8.242E+3,
98800008.000000,8.408E+3,
99000008.000000,7.990E+3,
99200008.000000,8.228E+3,
99400008.000000,8.226E+3,
99600008.000000,8.376E+3,
99800008.000000,8.190E+3,
1E08,8.066E+3,
1.002E008,8.200E+3,
1.004E008,8.207E+3,
1.006E008,8.103E+3,
1.008E008,8.312E+3,
1.01E08,8.127E+3,
1.012E008,8.009E+3,
1.014E008,8.111E+3,
1.016E008,8.142E+3,
1.018E008,8.084E+3,
1.02E08,8.284E+3,
1.022E008,8.201E+3,
1.024E008,8.117E+3,
1.026E008,8.263E+3,
1.028E008,8.188E+3,
1.03E08,8.234E+3,
1.032E008,8.119E+3,
1.034E008,8.295E+3,
1.036E008,8.248E+3,
1.038E008,8.217E+3,
1.04E08,7.948E+3,
1.042E008,8.130E+3,
1.044E008,8.102E+3,
1.046E008,8.171E+3,
1.048E008,8.168E+3,
1.05E08,8.202E+3,
1.052E008,8.123E+3,
1.054E008,8.258E+3,
1.056E008,8.112E+3,
1.058E008,8.139E+3,
1.06E08,8.177E+3,
1.062E008,7.852E+3,
1.064E008,8.081E+3,
1.066E008,8.327E+3,
1.068E008,8.243E+3,
1.07E08,8.316E+3,
1.072E008,8.197E+3,
1.074E008,7.996E+3,
1.076E008,8.015E+3,
1.078E008,8.123E+3,
1.08E08,8.069E+3,
1.082E008,8.053E+3,
1.084E008,8.144E+3,
1.086E008,8.202E+3,
1.088E008,8.233E+3,
1.09E08,7.963E+3,
1.092E008,8.085E+3,
1.094E008,7.983E+3,
1.096E008,8.172E+3,
1.098E008,8.161E+3,
1.1E08,7.886E+3,
1.102E008,7.965E+3,
1.104E008,8.021E+3,
1.106E008,8.136E+3,
1.108E008,8.249E+3,
1.11E08,8.177E+3,
1.112E008,8.062E+3,
1.114E008,8.074E+3,
1.116E008,8.040E+3,
1.118E008,8.091E+3,
1.12E08,8.009E+3,
1.122E008,8.046E+3,
1.124E008,7.999E+3,
1.126E008,8.190E+3,
1.128E008,8.141E+3,
1.13E08,8.058E+3,
1.132E008,8.078E+3,
1.134E008,8.144E+3,
1.136E008,8.091E+3,
1.138E008,8.039E+3,
1.14E08,8.043E+3,
1.142E008,7.922E+3,
1.144E008,8.140E+3,
1.146E008,8.181E+3,
1.148E008,8.240E+3,
1.15E08,8.137E+3,
1.152E008,8.310E+3,
1.154E008,8.237E+3,
1.156E008,8.194E+3,
1.158E008,8.303E+3,
1.16E08,8.168E+3,
1.162E008,8.125E+3,
1.164E008,8.153E+3,
1.166E008,8.161E+3,
1.168E008,7.864E+3,
1.17E08,8.176E+3,
1.172E008,8.105E+3,
1.174E008,8.073E+3,
1.176E008,8.081E+3,
1.178E008,8.082E+3,
1.18E08,8.102E+3,
1.182E008,8.120E+3,
1.184E008,7.979E+3,
1.186E008,8.050E+3,
1.188E008,8.250E+3,
1.19E08,8.229E+3,
1.192E008,8.109E+3,
1.194E008,8.154E+3,
1.196E008,8.033E+3,
1.198E008,8.156E+3,
1.2E08,8.058E+3,
1.202E008,8.112E+3,
1.204E008,8.022E+3,
1.206E008,8.054E+3,
1.208E008,8.104E+3,
1.21E08,8.160E+3,
1.212E008,8.131E+3,
1.214E008,8.064E+3,
1.216E008,8.166E+3,
1.218E008,8.034E+3,
1.22E08,8.078E+3,
1.222E008,8.164E+3,
1.224E008,8.265E+3,
1.226E008,7.999E+3,
1.228E008,8.077E+3,
1.23E08,8.033E+3,
1.232E008,8.241E+3,
1.234E008,8.025E+3,
1.236E008,8.084E+3,
1.238E008,8.070E+3,
1.24E08,8.072E+3,
1.242E008,8.291E+3,
1.244E008,8.025E+3,
1.246E008,8.176E+3,
1.248E008,8.220E+3,
1.25E08,8.253E+3,
1.252E008,8.176E+3,
1.254E008,8.110E+3,
1.256E008,8.141E+3,
1.258E008,8.031E+3,
1.26E08,8.124E+3,
1.262E008,8.150E+3,
1.264E008,8.104E+3,
1.266E008,8.072E+3,
1.268E008,8.163E+3,
1.27E08,8.030E+3,
1.272E008,8.109E+3,
1.274E008,8.139E+3,
1.276E008,8.218E+3,
1.278E008,8.010E+3,
1.28E08,8.103E+3,
1.282E008,8.206E+3,
1.284E008,8.283E+3,
1.286E008,8.237E+3,
1.288E008,8.057E+3,
1.29E08,8.110E+3,
1.292E008,7.933E+3,
1.294E008,8.093E+3,
1.296E008,8.022E+3,
1.298E008,8.193E+3,
1.3E08,8.260E+3,
1.302E008,8.161E+3,
1.304E008,8.070E+3,
1.306E008,8.114E+3,
1.308E008,8.148E+3,
1.31E08,7.985E+3,
1.312E008,8.099E+3,
1.314E008,8.009E+3,
1.316E008,8.109E+3,
1.318E008,8.065E+3,
1.32E08,8.007E+3,
1.322E008,8.064E+3,
1.324E008,8.221E+3,
1.326E008,8.198E+3,
1.328E008,8.055E+3,
1.33E08,8.219E+3,
1.332E008,7.850E+3,
1.334E008,8.195E+3,
1.336E008,8.075E+3,
1.338E008,8.217E+3,
1.34E08,8.200E+3,
1.342E008,8.241E+3,
1.344E008,8.032E+3,
1.346E008,8.000E+3,
1.348E008,8.149E+3,
1.35E08,8.006E+3,
1.352E008,8.006E+3,
1.354E008,8.052E+3,
1.356E008,7.994E+3,
1.358E008,8.136E+3,
1.36E08,8.279E+3,
1.362E008,8.110E+3,
1.364E008,8.006E+3,
1.366E008,8.197E+3,
1.368E008,8.170E+3,
1.37E08,8.311E+3,
1.372E008,8.391E+3,
1.374E008,7.983E+3,
1.376E008,8.120E+3,
1.378E008,8.081E+3,
1.38E08,8.271E+3,
1.382E008,8.189E+3,
1.384E008,8.200E+3,
1.386E008,8.019E+3,
1.388E008,8.116E+3,
1.39E08,8.200E+3,
1.392E008,8.062E+3,
1.394E008,8.201E+3,
1.396E008,8.382E+3,
1.398E008,8.094E+3,
1.4E08,8.171E+3,
1.402E008,8.210E+3,
1.404E008,8.091E+3,
1.406E008,7.929E+3,
1.408E008,8.069E+3,
1.41E08,8.090E+3,
1.412E008,8.157E+3,
1.414E008,8.163E+3,
1.416E008,8.140E+3,
1.418E008,8.013E+3,
1.42E08,8.080E+3,
1.422E008,8.013E+3,
1.424E008,8.094E+3,
1.426E008,8.092E+3,
1.428E008,8.081E+3,
1.43E08,8.253E+3,
1.432E008,8.128E+3,
1.434E008,8.216E+3,
1.436E008,8.119E+3,
1.438E008,8.087E+3,
1.44E08,8.064E+3,
1.442E008,8.140E+3,
1.444E008,8.338E+3,
1.446E008,8.152E+3,
1.448E008,8.244E+3,
1.45E08,8.168E+3,
1.452E008,8.074E+3,
1.454E008,8.045E+3,
1.456E008,8.232E+3,
1.458E008,8.162E+3,
1.46E08,8.160E+3,
1.462E008,8.069E+3,
1.464E008,8.084E+3,
1.466E008,7.993E+3,
1.468E008,8.275E+3,
1.47E08,7.990E+3,
1.472E008,8.150E+3,
1.474E008,8.101E+3,
1.476E008,8.124E+3,
1.478E008,8.121E+3,
1.48E08,8.255E+3,
1.482E008,8.054E+3,
1.484E008,8.088E+3,
1.486E008,7.971E+3,
1.488E008,8.140E+3,
1.49E08,7.989E+3,
1.492E008,7.987E+3,
1.494E008,8.179E+3,
1.496E008,8.214E+3,
1.498E008,8.121E+3,
1.5E08,8.194E+3,
1.502E008,8.056E+3,
1.504E008,8.109E+3,
1.506E008,8.211E+3,
1.508E008,7.979E+3,
1.51E08,8.035E+3,
1.512E008,8.116E+3,
1.514E008,8.097E+3,
1.516E008,8.070E+3,
1.518E008,8.079E+3,
1.52E08,8.175E+3,
1.522E008,8.031E+3,
1.524E008,8.054E+3,
1.526E008,8.142E+3,
1.528E008,8.012E+3,
1.53E08,8.148E+3,
1.532E008,8.121E+3,
1.534E008,8.160E+3,
1.536E008,7.998E+3,
1.538E008,8.079E+3,
1.54E08,7.948E+3,
1.542E008,8.095E+3,
1.544E008,8.201E+3,
1.546E008,8.261E+3,
1.548E008,8.028E+3,
1.55E08,8.030E+3,
1.552E008,7.952E+3,
1.554E008,8.049E+3,
1.556E008,8.198E+3,
1.558E008,8.094E+3,
1.56E08,8.265E+3,
1.562E008,8.045E+3,
1.564E008,8.100E+3,
1.566E008,8.179E+3,
1.568E008,8.228E+3,
1.57E08,8.109E+3,
1.572E008,8.146E+3,
1.574E008,8.089E+3,
1.576E008,8.191E+3,
1.578E008,8.012E+3,
1.58E08,8.136E+3,
1.582E008,8.150E+3,
1.584E008,8.229E+3,
1.586E008,8.247E+3,
1.588E008,8.082E+3,
1.59E08,8.073E+3,
1.592E008,7.893E+3,
1.594E008,8.227E+3,
1.596E008,8.191E+3,
1.598E008,7.915E+3,
1.6E08,8.133E+3,
1.602E008,7.929E+3,
1.604E008,8.018E+3,
1.606E008,8.126E+3,
1.608E008,8.155E+3,
1.61E08,8.073E+3,
1.612E008,7.911E+3,
1.614E008,8.256E+3,
1.616E008,8.071E+3,
1.618E008,8.183E+3,
1.62E08,8.103E+3,
1.622E008,8.169E+3,
1.624E008,8.129E+3,
1.626E008,8.212E+3,
1.628E008,8.184E+3,
1.63E08,8.210E+3,
1.632E008,8.045E+3,
1.634E008,8.151E+3,
1.636E008,8.052E+3,
1.638E008,7.960E+3,
1.64E08,8.133E+3,
1.642E008,8.228E+3,
1.644E008,8.170E+3,
1.646E008,8.016E+3,
1.648E008,8.015E+3,
1.65E08,8.164E+3,
1.652E008,8.194E+3,
1.654E008,7.982E+3,
1.656E008,8.192E+3,
1.658E008,8.086E+3,
1.66E08,8.149E+3,
1.662E008,8.050E+3,
1.664E008,8.179E+3,
1.666E008,8.148E+3,
1.668E008,8.103E+3,
1.67E08,8.140E+3,
1.672E008,8.407E+3,
1.674E008,8.191E+3,
1.676E008,8.304E+3,
1.678E008,8.068E+3,
1.68E08,8.034E+3,
1.682E008,8.201E+3,
1.684E008,7.995E+3,
1.686E008,8.136E+3,
1.688E008,8.172E+3,
1.69E08,8.257E+3,
1.692E008,8.071E+3,
1.694E008,8.138E+3,
1.696E008,8.108E+3,
1.698E008,8.018E+3,
1.7E08,7.995E+3,
1.702E008,8.273E+3,
1.704E008,8.245E+3,
1.706E008,8.033E+3,
1.708E008,7.914E+3,
1.71E08,8.233E+3,
1.712E008,8.003E+3,
1.714E008,8.067E+3,
1.716E008,8.016E+3,
1.718E008,8.043E+3,
1.72E08,8.124E+3,
1.722E008,8.169E+3,
1.724E008,8.074E+3,
1.726E008,8.112E+3,
1.728E008,8.177E+3,
1.73E08,8.064E+3,
1.732E008,7.873E+3,
1.734E008,8.015E+3,
1.736E008,8.140E+3,
1.738E008,8.222E+3,
1.74E08,7.957E+3,
1.742E008,8.028E+3,
1.744E008,8.037E+3,
1.746E008,8.306E+3,
1.748E008,7.897E+3,
1.75E08,8.078E+3,
1.752E008,8.009E+3,
1.754E008,8.146E+3,
1.756E008,8.263E+3,
1.758E008,8.007E+3,
1.76E08,8.029E+3,
1.762E008,8.262E+3,
1.764E008,7.831E+3,
1.766E008,8.122E+3,
1.768E008,8.206E+3,
1.77E08,8.085E+3,
1.772E008,7.943E+3,
1.774E008,8.278E+3,
1.776E008,7.980E+3,
1.778E008,8.184E+3,
1.78E08,8.059E+3,
1.782E008,8.071E+3,
1.784E008,8.080E+3,
1.786E008,8.082E+3,
1.788E008,8.035E+3,
1.79E08,8.138E+3,
1.792E008,8.020E+3,
1.794E008,8.047E+3,
1.796E008,8.123E+3,
1.798E008,8.109E+3,
1.8E08,8.028E+3,
1.802E008,8.184E+3,
1.804E008,8.189E+3,
1.806E008,8.081E+3,
1.808E008,8.129E+3,
1.81E08,8.234E+3,
1.812E008,8.078E+3,
1.814E008,8.019E+3,
1.816E008,7.865E+3,
1.818E008,8.117E+3,
1.82E08,7.916E+3,
1.822E008,8.170E+3,
1.824E008,8.237E+3,
1.826E008,7.866E+3,
1.828E008,8.175E+3,
1.83E08,8.142E+3,
1.832E008,8.115E+3,
1.834E008,8.192E+3,
1.836E008,8.126E+3,
1.838E008,8.172E+3,
1.84E08,8.178E+3,
1.842E008,8.223E+3,
1.844E008,8.111E+3,
1.846E008,8.051E+3,
1.848E008,8.044E+3,
1.85E08,8.136E+3,
1.852E008,8.112E+3,
1.854E008,8.091E+3,
1.856E008,8.194E+3,
1.858E008,8.080E+3,
1.86E08,8.203E+3,
1.862E008,8.144E+3,
1.864E008,7.943E+3,
1.866E008,8.198E+3,
1.868E008,8.175E+3,
1.87E08,8.157E+3,
1.872E008,8.097E+3,
1.874E008,8.120E+3,
1.876E008,8.147E+3,
1.878E008,8.108E+3,
1.88E08,8.214E+3,
1.882E008,8.188E+3,
1.884E008,8.137E+3,
1.886E008,8.212E+3,
1.888E008,8.212E+3,
1.89E08,8.211E+3,
1.892E008,8.151E+3,
1.894E008,8.065E+3,
1.896E008,8.231E+3,
1.898E008,8.142E+3,
1.9E08,8.135E+3,
1.902E008,8.024E+3,
1.904E008,8.274E+3,
1.906E008,8.305E+3,
1.908E008,8.270E+3,
1.91E08,7.906E+3,
1.912E008,8.078E+3,
1.914E008,8.130E+3,
1.916E008,8.193E+3,
1.918E008,8.026E+3,
1.92E08,8.068E+3,
1.922E008,8.191E+3,
1.924E008,8.190E+3,
1.926E008,8.038E+3,
1.928E008,8.187E+3,
1.93E08,7.976E+3,
1.932E008,8.043E+3,
1.934E008,8.205E+3,
1.936E008,8.217E+3,
1.938E008,8.166E+3,
1.94E08,7.963E+3,
1.942E008,7.880E+3,
1.944E008,8.016E+3,
1.946E008,8.129E+3,
1.948E008,8.172E+3,
1.95E08,8.146E+3,
1.952E008,8.123E+3,
1.954E008,8.308E+3,
1.956E008,8.087E+3,
1.958E008,8.062E+3,
1.96E08,8.216E+3,
1.962E008,8.137E+3,
1.964E008,8.118E+3,
1.966E008,8.050E+3,
1.968E008,8.324E+3,
1.97E08,8.112E+3,
1.972E008,8.153E+3,
1.974E008,8.321E+3,
1.976E008,8.079E+3,
1.978E008,8.015E+3,
1.98E08,8.083E+3,
1.982E008,7.974E+3,
1.984E008,8.012E+3,
1.986E008,8.151E+3,
1.988E008,7.981E+3,
1.99E08,8.044E+3,
1.992E008,8.210E+3,
1.994E008,8.240E+3,
1.996E008,8.067E+3,
1.998E008,8.113E+3,
