Labels,T12_2ms,
Type,Time Scan,
Comment,,
Start,0.00,
Stop,1.998E008,
Step,2E05,
Fixed/Offset, ,
XAxis,Time,
YAxis,Counts,

0.00,1.711E+4,
2E05,1.134E+5,
4E05,2.161E+5,
6E05,3.019E+5,
800000.060000,3.744E+5,
1E06,4.366E+5,
1.2E06,4.914E+5,
1.4E06,5.410E+5,
1.6E06,5.847E+5,
1.8E06,6.260E+5,
2E06,6.536E+5,
2.2E06,6.482E+5,
2.4E06,6.373E+5,
2.6E06,6.260E+5,
2.8E06,6.150E+5,
3E06,6.039E+5,
3.2E06,5.939E+5,
3.4E06,5.837E+5,
3.6E06,5.725E+5,
3.8E06,5.639E+5,
4E06,5.546E+5,
4.2E06,5.452E+5,
4.4E06,5.356E+5,
4.6E06,5.266E+5,
4.8E06,5.178E+5,
5E06,5.095E+5,
5.2E06,5.007E+5,
5.4E06,4.926E+5,
5.6E06,4.832E+5,
5.8E06,4.760E+5,
6E06,4.676E+5,
6.2E06,4.597E+5,
6400000.500000,4.521E+5,
6600000.500000,4.448E+5,
6800000.500000,4.381E+5,
7000000.500000,4.306E+5,
7200000.600000,4.233E+5,
7400000.600000,4.152E+5,
7600000.600000,4.078E+5,
7800000.600000,4.012E+5,
8000000.600000,3.932E+5,
8200000.600000,3.877E+5,
8400000.700000,3.810E+5,
8600000.700000,3.751E+5,
8800000.700000,3.693E+5,
9000000.700000,3.627E+5,
9200000.700000,3.569E+5,
9400000.700000,3.509E+5,
9600000.800000,3.456E+5,
9800000.800000,3.399E+5,
1E07,3.341E+5,
1.02E07,3.276E+5,
1.04E07,3.232E+5,
1.06E07,3.178E+5,
1.08E07,3.119E+5,
1.1E07,3.064E+5,
1.12E07,3.021E+5,
1.14E07,2.967E+5,
1.16E07,2.916E+5,
1.18E07,2.869E+5,
1.2E07,2.827E+5,
1.22E07,2.783E+5,
1.24E07,2.729E+5,
1.26E07,2.687E+5,
1.28E07,2.633E+5,
1.3E07,2.584E+5,
1.32E07,2.544E+5,
1.34E07,2.499E+5,
1.36E07,2.462E+5,
1.38E07,2.428E+5,
1.4E07,2.379E+5,
1.42E07,2.329E+5,
1.44E07,2.305E+5,
1.46E07,2.260E+5,
1.48E07,2.219E+5,
1.5E07,2.178E+5,
1.52E07,2.148E+5,
1.54E07,2.113E+5,
1.56E07,2.072E+5,
1.58E07,2.036E+5,
1.6E07,1.993E+5,
1.62E07,1.965E+5,
1.64E07,1.935E+5,
1.66E07,1.904E+5,
1.68E07,1.877E+5,
1.7E07,1.847E+5,
1.72E07,1.802E+5,
1.74E07,1.779E+5,
1.76E07,1.744E+5,
1.78E07,1.722E+5,
1.8E07,1.693E+5,
1.82E07,1.663E+5,
1.84E07,1.628E+5,
1.86E07,1.599E+5,
1.88E07,1.576E+5,
1.9E07,1.548E+5,
1.92E07,1.521E+5,
1.94E07,1.494E+5,
1.96E07,1.477E+5,
1.98E07,1.446E+5,
2E07,1.424E+5,
2.02E07,1.401E+5,
2.04E07,1.368E+5,
2.06E07,1.350E+5,
2.08E07,1.325E+5,
2.1E07,1.309E+5,
2.12E07,1.285E+5,
2.14E07,1.263E+5,
2.16E07,1.243E+5,
2.18E07,1.220E+5,
2.2E07,1.203E+5,
2.22E07,1.182E+5,
2.24E07,1.158E+5,
2.26E07,1.140E+5,
2.28E07,1.116E+5,
2.3E07,1.102E+5,
2.32E07,1.087E+5,
2.34E07,1.062E+5,
2.36E07,1.038E+5,
2.38E07,1.033E+5,
2.4E07,1.008E+5,
2.42E07,9.908E+4,
2.44E07,9.694E+4,
2.46E07,9.641E+4,
2.48E07,9.552E+4,
2.5E07,9.264E+4,
2.52E07,9.127E+4,
2.54E07,8.927E+4,
2.56E07,8.800E+4,
2.58E07,8.707E+4,
2.6E07,8.580E+4,
2.62E07,8.378E+4,
2.64E07,8.262E+4,
2.66E07,8.123E+4,
2.68E07,8.008E+4,
2.7E07,7.835E+4,
2.72E07,7.764E+4,
2.74E07,7.559E+4,
2.76E07,7.401E+4,
2.78E07,7.387E+4,
2.8E07,7.214E+4,
2.82E07,7.080E+4,
2.84E07,7.015E+4,
2.86E07,6.888E+4,
2.88E07,6.781E+4,
2.9E07,6.701E+4,
2.92E07,6.571E+4,
2.94E07,6.517E+4,
2.96E07,6.325E+4,
2.98E07,6.247E+4,
3E07,6.154E+4,
3.02E07,6.044E+4,
3.04E07,5.919E+4,
3.06E07,5.825E+4,
3.08E07,5.787E+4,
3.1E07,5.665E+4,
3.12E07,5.578E+4,
3.14E07,5.527E+4,
3.16E07,5.399E+4,
3.18E07,5.289E+4,
3.2E07,5.294E+4,
3.22E07,5.169E+4,
3.24E07,5.077E+4,
3.26E07,4.981E+4,
3.28E07,4.945E+4,
3.3E07,4.856E+4,
3.32E07,4.738E+4,
3.34E07,4.713E+4,
3.36E07,4.622E+4,
3.38E07,4.507E+4,
3.4E07,4.494E+4,
3.42E07,4.430E+4,
3.44E07,4.344E+4,
3.46E07,4.284E+4,
3.48E07,4.212E+4,
3.5E07,4.158E+4,
3.52E07,4.100E+4,
3.54E07,4.046E+4,
3.56E07,3.943E+4,
3.58E07,3.959E+4,
3.6E07,3.823E+4,
3.62E07,3.789E+4,
3.64E07,3.782E+4,
3.66E07,3.719E+4,
3.68E07,3.621E+4,
3.7E07,3.586E+4,
3.72E07,3.537E+4,
3.74E07,3.519E+4,
3.76E07,3.439E+4,
3.78E07,3.380E+4,
3.8E07,3.329E+4,
3.82E07,3.312E+4,
3.84E07,3.278E+4,
3.86E07,3.201E+4,
3.88E07,3.179E+4,
3.9E07,3.124E+4,
3.92E07,3.033E+4,
3.94E07,3.030E+4,
3.96E07,2.959E+4,
3.98E07,2.931E+4,
4E07,2.896E+4,
4.02E07,2.871E+4,
4.04E07,2.811E+4,
4.06E07,2.801E+4,
4.08E07,2.736E+4,
4.1E07,2.706E+4,
4.12E07,2.677E+4,
4.14E07,2.652E+4,
4.16E07,2.605E+4,
4.18E07,2.593E+4,
4.2E07,2.555E+4,
4.22E07,2.501E+4,
4.24E07,2.506E+4,
4.26E07,2.439E+4,
4.28E07,2.402E+4,
4.3E07,2.386E+4,
4.32E07,2.346E+4,
4.34E07,2.329E+4,
4.36E07,2.323E+4,
4.38E07,2.263E+4,
4.4E07,2.211E+4,
4.42E07,2.213E+4,
4.44E07,2.174E+4,
4.46E07,2.163E+4,
4.48E07,2.125E+4,
4.5E07,2.117E+4,
4.52E07,2.083E+4,
4.54E07,2.057E+4,
4.56E07,2.063E+4,
4.58E07,2.010E+4,
4.6E07,2.032E+4,
4.62E07,1.950E+4,
4.64E07,1.931E+4,
4.66E07,1.899E+4,
4.68E07,1.937E+4,
4.7E07,1.885E+4,
4.72E07,1.869E+4,
4.74E07,1.840E+4,
4.76E07,1.833E+4,
4.78E07,1.793E+4,
4.8E07,1.786E+4,
4.82E07,1.760E+4,
4.84E07,1.764E+4,
4.86E07,1.729E+4,
4.88E07,1.722E+4,
4.9E07,1.690E+4,
4.92E07,1.704E+4,
4.94E07,1.648E+4,
4.96E07,1.606E+4,
4.98E07,1.623E+4,
5E07,1.605E+4,
5.02E07,1.561E+4,
5.04E07,1.564E+4,
5.06E07,1.581E+4,
5.08E07,1.547E+4,
5.1E07,1.512E+4,
5.12E07,1.535E+4,
5.14E07,1.498E+4,
5.16E07,1.479E+4,
5.18E07,1.458E+4,
5.2E07,1.472E+4,
5.22E07,1.461E+4,
5.24E07,1.454E+4,
5.26E07,1.425E+4,
5.28E07,1.401E+4,
5.3E07,1.397E+4,
5.32E07,1.389E+4,
5.34E07,1.376E+4,
5.36E07,1.351E+4,
5.38E07,1.360E+4,
5.4E07,1.350E+4,
5.42E07,1.351E+4,
5.44E07,1.311E+4,
5.46E07,1.334E+4,
5.48E07,1.301E+4,
5.5E07,1.289E+4,
5.52E07,1.293E+4,
5.54E07,1.275E+4,
5.56E07,1.260E+4,
5.58E07,1.249E+4,
5.6E07,1.220E+4,
5.62E07,1.230E+4,
5.64E07,1.256E+4,
5.66E07,1.209E+4,
5.68E07,1.207E+4,
5.7E07,1.190E+4,
5.72E07,1.193E+4,
5.74E07,1.191E+4,
5.76E07,1.192E+4,
5.78E07,1.183E+4,
5.8E07,1.158E+4,
5.82E07,1.139E+4,
5.84E07,1.148E+4,
5.86E07,1.157E+4,
5.88E07,1.129E+4,
5.9E07,1.143E+4,
5.92E07,1.131E+4,
5.94E07,1.118E+4,
5.96E07,1.108E+4,
5.98E07,1.118E+4,
6E07,1.087E+4,
6.02E07,1.081E+4,
6.04E07,1.080E+4,
6.06E07,1.102E+4,
6.08E07,1.061E+4,
6.1E07,1.037E+4,
6.12E07,1.057E+4,
6.14E07,1.049E+4,
6.16E07,1.040E+4,
6.18E07,1.017E+4,
6.2E07,1.029E+4,
6.22E07,1.032E+4,
6.24E07,1.035E+4,
6.26E07,1.011E+4,
6.28E07,1.014E+4,
6.3E07,1.004E+4,
6.32E07,1.004E+4,
6.34E07,9.943E+3,
6.36E07,9.846E+3,
6.38E07,9.937E+3,
64000005.000000,9.850E+3,
64200005.000000,9.823E+3,
64400005.000000,9.718E+3,
64600005.000000,9.877E+3,
64800005.000000,9.504E+3,
65000005.000000,9.564E+3,
65200005.000000,9.782E+3,
65400005.000000,9.577E+3,
65600005.000000,9.421E+3,
65800005.000000,9.565E+3,
66000005.000000,9.538E+3,
66200005.000000,9.440E+3,
66400005.000000,9.459E+3,
66600005.000000,9.347E+3,
66800005.000000,9.425E+3,
67000005.000000,9.363E+3,
67200005.000000,9.101E+3,
67400005.000000,9.021E+3,
67600005.000000,9.212E+3,
67800005.000000,9.194E+3,
68000005.000000,9.308E+3,
68200005.000000,9.216E+3,
68400005.000000,9.303E+3,
68600005.000000,8.882E+3,
68800005.000000,9.050E+3,
69000005.000000,8.820E+3,
69200005.000000,9.081E+3,
69400005.000000,9.023E+3,
69600005.000000,8.871E+3,
69800005.000000,8.951E+3,
70000005.000000,8.839E+3,
70200005.000000,8.926E+3,
70400006.000000,8.925E+3,
70600006.000000,8.628E+3,
70800006.000000,8.674E+3,
71000006.000000,8.729E+3,
71200006.000000,8.853E+3,
71400006.000000,8.683E+3,
71600006.000000,8.646E+3,
71800006.000000,8.590E+3,
72000006.000000,8.631E+3,
72200006.000000,8.431E+3,
72400006.000000,8.556E+3,
72600006.000000,8.719E+3,
72800006.000000,8.607E+3,
73000006.000000,8.543E+3,
73200006.000000,8.722E+3,
73400006.000000,8.538E+3,
73600006.000000,8.553E+3,
73800006.000000,8.322E+3,
74000006.000000,8.536E+3,
74200006.000000,8.501E+3,
74400006.000000,8.214E+3,
74600006.000000,8.395E+3,
74800006.000000,8.478E+3,
75000006.000000,8.287E+3,
75200006.000000,8.284E+3,
75400006.000000,8.482E+3,
75600006.000000,8.256E+3,
75800006.000000,8.248E+3,
76000006.000000,8.319E+3,
76200006.000000,8.123E+3,
76400006.000000,8.243E+3,
76600006.000000,8.347E+3,
76800006.000000,8.220E+3,
77000006.000000,8.166E+3,
77200006.000000,8.286E+3,
77400006.000000,8.231E+3,
77600006.000000,8.164E+3,
77800006.000000,8.047E+3,
78000006.000000,8.048E+3,
78200006.000000,8.021E+3,
78400006.000000,8.082E+3,
78600006.000000,8.144E+3,
78800006.000000,8.048E+3,
79000006.000000,8.050E+3,
79200006.000000,8.004E+3,
79400006.000000,8.150E+3,
79600006.000000,8.072E+3,
79800006.000000,8.035E+3,
80000006.000000,8.132E+3,
80200006.000000,7.868E+3,
80400006.000000,7.990E+3,
80600006.000000,8.031E+3,
80800006.000000,7.993E+3,
81000006.000000,7.904E+3,
81200006.000000,7.980E+3,
81400006.000000,7.943E+3,
81600006.000000,7.937E+3,
81800006.000000,8.071E+3,
82000006.000000,7.790E+3,
82200006.000000,7.814E+3,
82400006.000000,7.900E+3,
82600006.000000,7.951E+3,
82800006.000000,7.899E+3,
83000006.000000,7.911E+3,
83200007.000000,7.737E+3,
83400007.000000,8.075E+3,
83600007.000000,7.861E+3,
83800007.000000,7.900E+3,
84000007.000000,7.706E+3,
84200007.000000,7.836E+3,
84400007.000000,8.001E+3,
84600007.000000,7.868E+3,
84800007.000000,7.990E+3,
85000007.000000,7.805E+3,
85200007.000000,7.879E+3,
85400007.000000,7.789E+3,
85600007.000000,7.920E+3,
85800007.000000,7.741E+3,
86000007.000000,7.792E+3,
86200007.000000,7.769E+3,
86400007.000000,7.920E+3,
86600007.000000,7.758E+3,
86800007.000000,7.856E+3,
87000007.000000,7.769E+3,
87200007.000000,7.761E+3,
87400007.000000,7.612E+3,
87600007.000000,7.703E+3,
87800007.000000,7.747E+3,
88000007.000000,7.617E+3,
88200007.000000,7.737E+3,
88400007.000000,7.936E+3,
88600007.000000,7.757E+3,
88800007.000000,7.743E+3,
89000007.000000,7.617E+3,
89200007.000000,7.705E+3,
89400007.000000,7.639E+3,
89600007.000000,7.706E+3,
89800007.000000,7.533E+3,
90000007.000000,7.855E+3,
90200007.000000,7.664E+3,
90400007.000000,7.685E+3,
90600007.000000,7.685E+3,
90800007.000000,7.644E+3,
91000007.000000,7.695E+3,
91200007.000000,7.479E+3,
91400007.000000,7.796E+3,
91600007.000000,7.669E+3,
91800007.000000,7.859E+3,
92000007.000000,7.602E+3,
92200007.000000,7.635E+3,
92400007.000000,7.468E+3,
92600007.000000,7.695E+3,
92800007.000000,7.389E+3,
93000007.000000,7.746E+3,
93200007.000000,7.558E+3,
93400007.000000,7.736E+3,
93600007.000000,7.630E+3,
93800007.000000,7.456E+3,
94000007.000000,7.449E+3,
94200007.000000,7.626E+3,
94400007.000000,7.524E+3,
94600007.000000,7.563E+3,
94800007.000000,7.526E+3,
95000007.000000,7.685E+3,
95200007.000000,7.576E+3,
95400007.000000,7.767E+3,
95600007.000000,7.412E+3,
95800007.000000,7.564E+3,
96000008.000000,7.513E+3,
96200008.000000,7.442E+3,
96400008.000000,7.584E+3,
96600008.000000,7.506E+3,
96800008.000000,7.345E+3,
97000008.000000,7.622E+3,
97200008.000000,7.427E+3,
97400008.000000,7.533E+3,
97600008.000000,7.590E+3,
97800008.000000,7.590E+3,
98000008.000000,7.397E+3,
98200008.000000,7.514E+3,
98400008.000000,7.545E+3,
98600008.000000,7.516E+3,
98800008.000000,7.577E+3,
99000008.000000,7.567E+3,
99200008.000000,7.582E+3,
99400008.000000,7.530E+3,
99600008.000000,7.677E+3,
99800008.000000,7.528E+3,
1E08,7.371E+3,
1.002E008,7.418E+3,
1.004E008,7.500E+3,
1.006E008,7.409E+3,
1.008E008,7.556E+3,
1.01E08,7.535E+3,
1.012E008,7.474E+3,
1.014E008,7.761E+3,
1.016E008,7.514E+3,
1.018E008,7.563E+3,
1.02E08,7.409E+3,
1.022E008,7.626E+3,
1.024E008,7.399E+3,
1.026E008,7.447E+3,
1.028E008,7.421E+3,
1.03E08,7.423E+3,
1.032E008,7.513E+3,
1.034E008,7.376E+3,
1.036E008,7.335E+3,
1.038E008,7.597E+3,
1.04E08,7.593E+3,
1.042E008,7.495E+3,
1.044E008,7.498E+3,
1.046E008,7.472E+3,
1.048E008,7.447E+3,
1.05E08,7.476E+3,
1.052E008,7.600E+3,
1.054E008,7.563E+3,
1.056E008,7.661E+3,
1.058E008,7.437E+3,
1.06E08,7.502E+3,
1.062E008,7.540E+3,
1.064E008,7.492E+3,
1.066E008,7.445E+3,
1.068E008,7.576E+3,
1.07E08,7.237E+3,
1.072E008,7.468E+3,
1.074E008,7.406E+3,
1.076E008,7.480E+3,
1.078E008,7.441E+3,
1.08E08,7.570E+3,
1.082E008,7.446E+3,
1.084E008,7.417E+3,
1.086E008,7.370E+3,
1.088E008,7.502E+3,
1.09E08,7.387E+3,
1.092E008,7.438E+3,
1.094E008,7.682E+3,
1.096E008,7.437E+3,
1.098E008,7.513E+3,
1.1E08,7.390E+3,
1.102E008,7.502E+3,
1.104E008,7.322E+3,
1.106E008,7.396E+3,
1.108E008,7.476E+3,
1.11E08,7.375E+3,
1.112E008,7.348E+3,
1.114E008,7.616E+3,
1.116E008,7.397E+3,
1.118E008,7.524E+3,
1.12E08,7.611E+3,
1.122E008,7.328E+3,
1.124E008,7.448E+3,
1.126E008,7.658E+3,
1.128E008,7.648E+3,
1.13E08,7.488E+3,
1.132E008,7.382E+3,
1.134E008,7.484E+3,
1.136E008,7.453E+3,
1.138E008,7.432E+3,
1.14E08,7.537E+3,
1.142E008,7.449E+3,
1.144E008,7.671E+3,
1.146E008,7.253E+3,
1.148E008,7.542E+3,
1.15E08,7.494E+3,
1.152E008,7.305E+3,
1.154E008,7.428E+3,
1.156E008,7.472E+3,
1.158E008,7.471E+3,
1.16E08,7.434E+3,
1.162E008,7.551E+3,
1.164E008,7.334E+3,
1.166E008,7.564E+3,
1.168E008,7.535E+3,
1.17E08,7.467E+3,
1.172E008,7.483E+3,
1.174E008,7.286E+3,
1.176E008,7.569E+3,
1.178E008,7.448E+3,
1.18E08,7.376E+3,
1.182E008,7.296E+3,
1.184E008,7.405E+3,
1.186E008,7.483E+3,
1.188E008,7.333E+3,
1.19E08,7.411E+3,
1.192E008,7.332E+3,
1.194E008,7.512E+3,
1.196E008,7.517E+3,
1.198E008,7.491E+3,
1.2E08,7.442E+3,
1.202E008,7.555E+3,
1.204E008,7.403E+3,
1.206E008,7.461E+3,
1.208E008,7.447E+3,
1.21E08,7.396E+3,
1.212E008,7.267E+3,
1.214E008,7.311E+3,
1.216E008,7.459E+3,
1.218E008,7.458E+3,
1.22E08,7.382E+3,
1.222E008,7.282E+3,
1.224E008,7.508E+3,
1.226E008,7.532E+3,
1.228E008,7.416E+3,
1.23E08,7.407E+3,
1.232E008,7.413E+3,
1.234E008,7.399E+3,
1.236E008,7.375E+3,
1.238E008,7.429E+3,
1.24E08,7.313E+3,
1.242E008,7.394E+3,
1.244E008,7.358E+3,
1.246E008,7.413E+3,
1.248E008,7.353E+3,
1.25E08,7.424E+3,
1.252E008,7.452E+3,
1.254E008,7.450E+3,
1.256E008,7.528E+3,
1.258E008,7.588E+3,
1.26E08,7.502E+3,
1.262E008,7.470E+3,
1.264E008,7.410E+3,
1.266E008,7.076E+3,
1.268E008,7.360E+3,
1.27E08,7.385E+3,
1.272E008,7.426E+3,
1.274E008,7.377E+3,
1.276E008,7.412E+3,
1.278E008,7.522E+3,
1.28E08,7.354E+3,
1.282E008,7.530E+3,
1.284E008,7.473E+3,
1.286E008,7.593E+3,
1.288E008,7.578E+3,
1.29E08,7.483E+3,
1.292E008,7.409E+3,
1.294E008,7.478E+3,
1.296E008,7.394E+3,
1.298E008,7.345E+3,
1.3E08,7.409E+3,
1.302E008,7.486E+3,
1.304E008,7.574E+3,
1.306E008,7.421E+3,
1.308E008,7.489E+3,
1.31E08,7.268E+3,
1.312E008,7.680E+3,
1.314E008,7.415E+3,
1.316E008,7.375E+3,
1.318E008,7.498E+3,
1.32E08,7.308E+3,
1.322E008,7.428E+3,
1.324E008,7.605E+3,
1.326E008,7.532E+3,
1.328E008,7.540E+3,
1.33E08,7.411E+3,
1.332E008,7.515E+3,
1.334E008,7.398E+3,
1.336E008,7.367E+3,
1.338E008,7.403E+3,
1.34E08,7.374E+3,
1.342E008,7.345E+3,
1.344E008,7.396E+3,
1.346E008,7.494E+3,
1.348E008,7.352E+3,
1.35E08,7.268E+3,
1.352E008,7.485E+3,
1.354E008,7.521E+3,
1.356E008,7.463E+3,
1.358E008,7.242E+3,
1.36E08,7.400E+3,
1.362E008,7.641E+3,
1.364E008,7.298E+3,
1.366E008,7.391E+3,
1.368E008,7.538E+3,
1.37E08,7.486E+3,
1.372E008,7.406E+3,
1.374E008,7.443E+3,
1.376E008,7.279E+3,
1.378E008,7.484E+3,
1.38E08,7.440E+3,
1.382E008,7.401E+3,
1.384E008,7.619E+3,
1.386E008,7.393E+3,
1.388E008,7.495E+3,
1.39E08,7.446E+3,
1.392E008,7.475E+3,
1.394E008,7.417E+3,
1.396E008,7.535E+3,
1.398E008,7.425E+3,
1.4E08,7.271E+3,
1.402E008,7.362E+3,
1.404E008,7.389E+3,
1.406E008,7.268E+3,
1.408E008,7.385E+3,
1.41E08,7.439E+3,
1.412E008,7.477E+3,
1.414E008,7.482E+3,
1.416E008,7.311E+3,
1.418E008,7.464E+3,
1.42E08,7.446E+3,
1.422E008,7.596E+3,
1.424E008,7.410E+3,
1.426E008,7.324E+3,
1.428E008,7.496E+3,
1.43E08,7.402E+3,
1.432E008,7.534E+3,
1.434E008,7.427E+3,
1.436E008,7.371E+3,
1.438E008,7.371E+3,
1.44E08,7.466E+3,
1.442E008,7.561E+3,
1.444E008,7.441E+3,
1.446E008,7.499E+3,
1.448E008,7.555E+3,
1.45E08,7.408E+3,
1.452E008,7.525E+3,
1.454E008,7.337E+3,
1.456E008,7.472E+3,
1.458E008,7.491E+3,
1.46E08,7.389E+3,
1.462E008,7.355E+3,
1.464E008,7.446E+3,
1.466E008,7.257E+3,
1.468E008,7.477E+3,
1.47E08,7.485E+3,
1.472E008,7.385E+3,
1.474E008,7.447E+3,
1.476E008,7.435E+3,
1.478E008,7.535E+3,
1.48E08,7.198E+3,
1.482E008,7.427E+3,
1.484E008,7.510E+3,
1.486E008,7.319E+3,
1.488E008,7.433E+3,
1.49E08,7.386E+3,
1.492E008,7.408E+3,
1.494E008,7.600E+3,
1.496E008,7.430E+3,
1.498E008,7.481E+3,
1.5E08,7.416E+3,
1.502E008,7.485E+3,
1.504E008,7.284E+3,
1.506E008,7.509E+3,
1.508E008,7.386E+3,
1.51E08,7.422E+3,
1.512E008,7.445E+3,
1.514E008,7.423E+3,
1.516E008,7.349E+3,
1.518E008,7.281E+3,
1.52E08,7.522E+3,
1.522E008,7.287E+3,
1.524E008,7.612E+3,
1.526E008,7.390E+3,
1.528E008,7.616E+3,
1.53E08,7.471E+3,
1.532E008,7.434E+3,
1.534E008,7.418E+3,
1.536E008,7.437E+3,
1.538E008,7.536E+3,
1.54E08,7.354E+3,
1.542E008,7.424E+3,
1.544E008,7.431E+3,
1.546E008,7.341E+3,
1.548E008,7.442E+3,
1.55E08,7.488E+3,
1.552E008,7.381E+3,
1.554E008,7.584E+3,
1.556E008,7.497E+3,
1.558E008,7.327E+3,
1.56E08,7.370E+3,
1.562E008,7.402E+3,
1.564E008,7.497E+3,
1.566E008,7.547E+3,
1.568E008,7.192E+3,
1.57E08,7.459E+3,
1.572E008,7.329E+3,
1.574E008,7.321E+3,
1.576E008,7.522E+3,
1.578E008,7.366E+3,
1.58E08,7.428E+3,
1.582E008,7.237E+3,
1.584E008,7.538E+3,
1.586E008,7.265E+3,
1.588E008,7.315E+3,
1.59E08,7.406E+3,
1.592E008,7.549E+3,
1.594E008,7.470E+3,
1.596E008,7.240E+3,
1.598E008,7.496E+3,
1.6E08,7.231E+3,
1.602E008,7.572E+3,
1.604E008,7.445E+3,
1.606E008,7.511E+3,
1.608E008,7.480E+3,
1.61E08,7.442E+3,
1.612E008,7.394E+3,
1.614E008,7.390E+3,
1.616E008,7.395E+3,
1.618E008,7.524E+3,
1.62E08,7.478E+3,
1.622E008,7.368E+3,
1.624E008,7.384E+3,
1.626E008,7.381E+3,
1.628E008,7.621E+3,
1.63E08,7.308E+3,
1.632E008,7.304E+3,
1.634E008,7.465E+3,
1.636E008,7.511E+3,
1.638E008,7.401E+3,
1.64E08,7.335E+3,
1.642E008,7.316E+3,
1.644E008,7.505E+3,
1.646E008,7.417E+3,
1.648E008,7.230E+3,
1.65E08,7.472E+3,
1.652E008,7.260E+3,
1.654E008,7.453E+3,
1.656E008,7.306E+3,
1.658E008,7.282E+3,
1.66E08,7.368E+3,
1.662E008,7.516E+3,
1.664E008,7.409E+3,
1.666E008,7.431E+3,
1.668E008,7.376E+3,
1.67E08,7.465E+3,
1.672E008,7.502E+3,
1.674E008,7.502E+3,
1.676E008,7.367E+3,
1.678E008,7.523E+3,
1.68E08,7.412E+3,
1.682E008,7.455E+3,
1.684E008,7.306E+3,
1.686E008,7.421E+3,
1.688E008,7.586E+3,
1.69E08,7.457E+3,
1.692E008,7.376E+3,
1.694E008,7.383E+3,
1.696E008,7.391E+3,
1.698E008,7.556E+3,
1.7E08,7.593E+3,
1.702E008,7.537E+3,
1.704E008,7.341E+3,
1.706E008,7.522E+3,
1.708E008,7.534E+3,
1.71E08,7.305E+3,
1.712E008,7.382E+3,
1.714E008,7.198E+3,
1.716E008,7.361E+3,
1.718E008,7.317E+3,
1.72E08,7.229E+3,
1.722E008,7.368E+3,
1.724E008,7.535E+3,
1.726E008,7.386E+3,
1.728E008,7.363E+3,
1.73E08,7.489E+3,
1.732E008,7.574E+3,
1.734E008,7.356E+3,
1.736E008,7.440E+3,
1.738E008,7.342E+3,
1.74E08,7.463E+3,
1.742E008,7.518E+3,
1.744E008,7.478E+3,
1.746E008,7.300E+3,
1.748E008,7.410E+3,
1.75E08,7.502E+3,
1.752E008,7.458E+3,
1.754E008,7.574E+3,
1.756E008,7.506E+3,
1.758E008,7.306E+3,
1.76E08,7.449E+3,
1.762E008,7.515E+3,
1.764E008,7.490E+3,
1.766E008,7.342E+3,
1.768E008,7.233E+3,
1.77E08,7.465E+3,
1.772E008,7.327E+3,
1.774E008,7.201E+3,
1.776E008,7.438E+3,
1.778E008,7.460E+3,
1.78E08,7.228E+3,
1.782E008,7.362E+3,
1.784E008,7.459E+3,
1.786E008,7.381E+3,
1.788E008,7.533E+3,
1.79E08,7.299E+3,
1.792E008,7.267E+3,
1.794E008,7.366E+3,
1.796E008,7.444E+3,
1.798E008,7.332E+3,
1.8E08,7.460E+3,
1.802E008,7.291E+3,
1.804E008,7.494E+3,
1.806E008,7.290E+3,
1.808E008,7.308E+3,
1.81E08,7.529E+3,
1.812E008,7.467E+3,
1.814E008,7.265E+3,
1.816E008,7.451E+3,
1.818E008,7.405E+3,
1.82E08,7.426E+3,
1.822E008,7.331E+3,
1.824E008,7.366E+3,
1.826E008,7.290E+3,
1.828E008,7.504E+3,
1.83E08,7.312E+3,
1.832E008,7.529E+3,
1.834E008,7.371E+3,
1.836E008,7.482E+3,
1.838E008,7.375E+3,
1.84E08,7.165E+3,
1.842E008,7.427E+3,
1.844E008,7.313E+3,
1.846E008,7.333E+3,
1.848E008,7.333E+3,
1.85E08,7.525E+3,
1.852E008,7.511E+3,
1.854E008,7.373E+3,
1.856E008,7.229E+3,
1.858E008,7.463E+3,
1.86E08,7.193E+3,
1.862E008,7.263E+3,
1.864E008,7.475E+3,
1.866E008,7.405E+3,
1.868E008,7.347E+3,
1.87E08,7.499E+3,
1.872E008,7.305E+3,
1.874E008,7.316E+3,
1.876E008,7.377E+3,
1.878E008,7.453E+3,
1.88E08,7.393E+3,
1.882E008,7.590E+3,
1.884E008,7.390E+3,
1.886E008,7.416E+3,
1.888E008,7.239E+3,
1.89E08,7.358E+3,
1.892E008,7.312E+3,
1.894E008,7.355E+3,
1.896E008,7.579E+3,
1.898E008,7.627E+3,
1.9E08,7.498E+3,
1.902E008,7.448E+3,
1.904E008,7.455E+3,
1.906E008,7.330E+3,
1.908E008,7.281E+3,
1.91E08,7.505E+3,
1.912E008,7.239E+3,
1.914E008,7.492E+3,
1.916E008,7.449E+3,
1.918E008,7.342E+3,
1.92E08,7.441E+3,
1.922E008,7.486E+3,
1.924E008,7.378E+3,
1.926E008,7.332E+3,
1.928E008,7.304E+3,
1.93E08,7.368E+3,
1.932E008,7.407E+3,
1.934E008,7.543E+3,
1.936E008,7.411E+3,
1.938E008,7.517E+3,
1.94E08,7.435E+3,
1.942E008,7.391E+3,
1.944E008,7.535E+3,
1.946E008,7.598E+3,
1.948E008,7.472E+3,
1.95E08,7.427E+3,
1.952E008,7.489E+3,
1.954E008,7.499E+3,
1.956E008,7.198E+3,
1.958E008,7.432E+3,
1.96E08,7.458E+3,
1.962E008,7.345E+3,
1.964E008,7.724E+3,
1.966E008,7.615E+3,
1.968E008,7.560E+3,
1.97E08,7.296E+3,
1.972E008,7.516E+3,
1.974E008,7.413E+3,
1.976E008,7.555E+3,
1.978E008,7.536E+3,
1.98E08,7.688E+3,
1.982E008,7.480E+3,
1.984E008,7.431E+3,
1.986E008,7.462E+3,
1.988E008,7.442E+3,
1.99E08,7.490E+3,
1.992E008,7.437E+3,
1.994E008,7.382E+3,
1.996E008,7.561E+3,
1.998E008,7.394E+3,
