Labels,T13_2ms,
Type,Time Scan,
Comment,,
Start,0.00,
Stop,1.998E008,
Step,2E05,
Fixed/Offset, ,
XAxis,Time,
YAxis,Counts,

0.00,1.213E+4,
2E05,5.475E+4,
4E05,9.952E+4,
6E05,1.386E+5,
800000.060000,1.736E+5,
1E06,2.057E+5,
1.2E06,2.349E+5,
1.4E06,2.619E+5,
1.6E06,2.866E+5,
1.8E06,3.087E+5,
2E06,3.265E+5,
2.2E06,3.191E+5,
2.4E06,3.102E+5,
2.6E06,3.016E+5,
2.8E06,2.926E+5,
3E06,2.851E+5,
3.2E06,2.790E+5,
3.4E06,2.720E+5,
3.6E06,2.660E+5,
3.8E06,2.593E+5,
4E06,2.533E+5,
4.2E06,2.470E+5,
4.4E06,2.416E+5,
4.6E06,2.363E+5,
4.8E06,2.303E+5,
5E06,2.252E+5,
5.2E06,2.209E+5,
5.4E06,2.158E+5,
5.6E06,2.107E+5,
5.8E06,2.067E+5,
6E06,2.023E+5,
6.2E06,1.980E+5,
6400000.500000,1.932E+5,
6600000.500000,1.895E+5,
6800000.500000,1.852E+5,
7000000.500000,1.810E+5,
7200000.600000,1.777E+5,
7400000.600000,1.738E+5,
7600000.600000,1.695E+5,
7800000.600000,1.666E+5,
8000000.600000,1.638E+5,
8200000.600000,1.602E+5,
8400000.700000,1.568E+5,
8600000.700000,1.527E+5,
8800000.700000,1.504E+5,
9000000.700000,1.476E+5,
9200000.700000,1.451E+5,
9400000.700000,1.416E+5,
9600000.800000,1.389E+5,
9800000.800000,1.361E+5,
1E07,1.330E+5,
1.02E07,1.306E+5,
1.04E07,1.284E+5,
1.06E07,1.260E+5,
1.08E07,1.232E+5,
1.1E07,1.205E+5,
1.12E07,1.190E+5,
1.14E07,1.161E+5,
1.16E07,1.141E+5,
1.18E07,1.119E+5,
1.2E07,1.099E+5,
1.22E07,1.080E+5,
1.24E07,1.050E+5,
1.26E07,1.037E+5,
1.28E07,1.015E+5,
1.3E07,9.970E+4,
1.32E07,9.784E+4,
1.34E07,9.581E+4,
1.36E07,9.438E+4,
1.38E07,9.282E+4,
1.4E07,9.109E+4,
1.42E07,8.890E+4,
1.44E07,8.768E+4,
1.46E07,8.519E+4,
1.48E07,8.440E+4,
1.5E07,8.244E+4,
1.52E07,8.089E+4,
1.54E07,7.973E+4,
1.56E07,7.775E+4,
1.58E07,7.683E+4,
1.6E07,7.556E+4,
1.62E07,7.412E+4,
1.64E07,7.307E+4,
1.66E07,7.194E+4,
1.68E07,6.988E+4,
1.7E07,6.879E+4,
1.72E07,6.794E+4,
1.74E07,6.653E+4,
1.76E07,6.571E+4,
1.78E07,6.408E+4,
1.8E07,6.345E+4,
1.82E07,6.245E+4,
1.84E07,6.076E+4,
1.86E07,6.041E+4,
1.88E07,5.943E+4,
1.9E07,5.763E+4,
1.92E07,5.757E+4,
1.94E07,5.582E+4,
1.96E07,5.468E+4,
1.98E07,5.380E+4,
2E07,5.325E+4,
2.02E07,5.243E+4,
2.04E07,5.165E+4,
2.06E07,5.105E+4,
2.08E07,4.957E+4,
2.1E07,4.904E+4,
2.12E07,4.838E+4,
2.14E07,4.800E+4,
2.16E07,4.680E+4,
2.18E07,4.612E+4,
2.2E07,4.528E+4,
2.22E07,4.426E+4,
2.24E07,4.368E+4,
2.26E07,4.329E+4,
2.28E07,4.226E+4,
2.3E07,4.178E+4,
2.32E07,4.125E+4,
2.34E07,4.029E+4,
2.36E07,3.971E+4,
2.38E07,3.944E+4,
2.4E07,3.852E+4,
2.42E07,3.801E+4,
2.44E07,3.781E+4,
2.46E07,3.667E+4,
2.48E07,3.646E+4,
2.5E07,3.553E+4,
2.52E07,3.487E+4,
2.54E07,3.477E+4,
2.56E07,3.433E+4,
2.58E07,3.350E+4,
2.6E07,3.343E+4,
2.62E07,3.253E+4,
2.64E07,3.251E+4,
2.66E07,3.198E+4,
2.68E07,3.143E+4,
2.7E07,3.069E+4,
2.72E07,3.039E+4,
2.74E07,3.007E+4,
2.76E07,2.986E+4,
2.78E07,2.941E+4,
2.8E07,2.896E+4,
2.82E07,2.837E+4,
2.84E07,2.798E+4,
2.86E07,2.742E+4,
2.88E07,2.703E+4,
2.9E07,2.688E+4,
2.92E07,2.637E+4,
2.94E07,2.621E+4,
2.96E07,2.617E+4,
2.98E07,2.523E+4,
3E07,2.525E+4,
3.02E07,2.483E+4,
3.04E07,2.444E+4,
3.06E07,2.412E+4,
3.08E07,2.390E+4,
3.1E07,2.346E+4,
3.12E07,2.310E+4,
3.14E07,2.277E+4,
3.16E07,2.265E+4,
3.18E07,2.250E+4,
3.2E07,2.219E+4,
3.22E07,2.187E+4,
3.24E07,2.153E+4,
3.26E07,2.119E+4,
3.28E07,2.103E+4,
3.3E07,2.121E+4,
3.32E07,2.044E+4,
3.34E07,2.018E+4,
3.36E07,1.973E+4,
3.38E07,2.004E+4,
3.4E07,1.978E+4,
3.42E07,1.940E+4,
3.44E07,1.916E+4,
3.46E07,1.881E+4,
3.48E07,1.870E+4,
3.5E07,1.826E+4,
3.52E07,1.835E+4,
3.54E07,1.811E+4,
3.56E07,1.786E+4,
3.58E07,1.734E+4,
3.6E07,1.750E+4,
3.62E07,1.710E+4,
3.64E07,1.711E+4,
3.66E07,1.709E+4,
3.68E07,1.672E+4,
3.7E07,1.645E+4,
3.72E07,1.651E+4,
3.74E07,1.623E+4,
3.76E07,1.601E+4,
3.78E07,1.605E+4,
3.8E07,1.565E+4,
3.82E07,1.562E+4,
3.84E07,1.539E+4,
3.86E07,1.528E+4,
3.88E07,1.523E+4,
3.9E07,1.518E+4,
3.92E07,1.487E+4,
3.94E07,1.486E+4,
3.96E07,1.460E+4,
3.98E07,1.446E+4,
4E07,1.442E+4,
4.02E07,1.419E+4,
4.04E07,1.415E+4,
4.06E07,1.411E+4,
4.08E07,1.362E+4,
4.1E07,1.373E+4,
4.12E07,1.366E+4,
4.14E07,1.334E+4,
4.16E07,1.333E+4,
4.18E07,1.331E+4,
4.2E07,1.328E+4,
4.22E07,1.305E+4,
4.24E07,1.296E+4,
4.26E07,1.278E+4,
4.28E07,1.288E+4,
4.3E07,1.271E+4,
4.32E07,1.250E+4,
4.34E07,1.246E+4,
4.36E07,1.267E+4,
4.38E07,1.221E+4,
4.4E07,1.231E+4,
4.42E07,1.181E+4,
4.44E07,1.216E+4,
4.46E07,1.185E+4,
4.48E07,1.189E+4,
4.5E07,1.189E+4,
4.52E07,1.169E+4,
4.54E07,1.150E+4,
4.56E07,1.152E+4,
4.58E07,1.140E+4,
4.6E07,1.157E+4,
4.62E07,1.144E+4,
4.64E07,1.121E+4,
4.66E07,1.120E+4,
4.68E07,1.108E+4,
4.7E07,1.094E+4,
4.72E07,1.109E+4,
4.74E07,1.075E+4,
4.76E07,1.058E+4,
4.78E07,1.079E+4,
4.8E07,1.085E+4,
4.82E07,1.058E+4,
4.84E07,1.063E+4,
4.86E07,1.067E+4,
4.88E07,1.051E+4,
4.9E07,1.030E+4,
4.92E07,1.016E+4,
4.94E07,1.029E+4,
4.96E07,1.030E+4,
4.98E07,1.024E+4,
5E07,1.022E+4,
5.02E07,1.004E+4,
5.04E07,1.020E+4,
5.06E07,9.958E+3,
5.08E07,9.895E+3,
5.1E07,9.931E+3,
5.12E07,9.703E+3,
5.14E07,9.775E+3,
5.16E07,9.610E+3,
5.18E07,9.585E+3,
5.2E07,9.668E+3,
5.22E07,9.682E+3,
5.24E07,9.496E+3,
5.26E07,9.673E+3,
5.28E07,9.523E+3,
5.3E07,9.476E+3,
5.32E07,9.487E+3,
5.34E07,9.329E+3,
5.36E07,9.184E+3,
5.38E07,9.362E+3,
5.4E07,9.263E+3,
5.42E07,9.307E+3,
5.44E07,9.260E+3,
5.46E07,9.056E+3,
5.48E07,9.118E+3,
5.5E07,8.972E+3,
5.52E07,8.847E+3,
5.54E07,8.961E+3,
5.56E07,8.954E+3,
5.58E07,8.931E+3,
5.6E07,8.844E+3,
5.62E07,8.939E+3,
5.64E07,8.584E+3,
5.66E07,8.954E+3,
5.68E07,8.615E+3,
5.7E07,8.815E+3,
5.72E07,8.814E+3,
5.74E07,8.691E+3,
5.76E07,8.766E+3,
5.78E07,8.673E+3,
5.8E07,8.806E+3,
5.82E07,8.568E+3,
5.84E07,8.582E+3,
5.86E07,8.583E+3,
5.88E07,8.213E+3,
5.9E07,8.445E+3,
5.92E07,8.517E+3,
5.94E07,8.557E+3,
5.96E07,8.474E+3,
5.98E07,8.453E+3,
6E07,8.327E+3,
6.02E07,8.406E+3,
6.04E07,8.364E+3,
6.06E07,8.454E+3,
6.08E07,8.314E+3,
6.1E07,8.157E+3,
6.12E07,8.461E+3,
6.14E07,8.256E+3,
6.16E07,8.252E+3,
6.18E07,8.131E+3,
6.2E07,8.125E+3,
6.22E07,8.080E+3,
6.24E07,8.011E+3,
6.26E07,8.005E+3,
6.28E07,7.877E+3,
6.3E07,8.046E+3,
6.32E07,8.151E+3,
6.34E07,8.095E+3,
6.36E07,8.091E+3,
6.38E07,7.842E+3,
64000005.000000,7.859E+3,
64200005.000000,7.960E+3,
64400005.000000,8.068E+3,
64600005.000000,8.066E+3,
64800005.000000,7.988E+3,
65000005.000000,8.013E+3,
65200005.000000,7.987E+3,
65400005.000000,7.848E+3,
65600005.000000,7.960E+3,
65800005.000000,7.913E+3,
66000005.000000,7.897E+3,
66200005.000000,7.839E+3,
66400005.000000,7.844E+3,
66600005.000000,7.893E+3,
66800005.000000,7.795E+3,
67000005.000000,7.704E+3,
67200005.000000,7.806E+3,
67400005.000000,7.700E+3,
67600005.000000,7.703E+3,
67800005.000000,7.910E+3,
68000005.000000,7.735E+3,
68200005.000000,7.712E+3,
68400005.000000,7.780E+3,
68600005.000000,7.784E+3,
68800005.000000,7.763E+3,
69000005.000000,7.764E+3,
69200005.000000,7.693E+3,
69400005.000000,7.805E+3,
69600005.000000,7.752E+3,
69800005.000000,7.690E+3,
70000005.000000,7.698E+3,
70200005.000000,7.632E+3,
70400006.000000,7.639E+3,
70600006.000000,7.697E+3,
70800006.000000,7.628E+3,
71000006.000000,7.744E+3,
71200006.000000,7.605E+3,
71400006.000000,7.522E+3,
71600006.000000,7.715E+3,
71800006.000000,7.584E+3,
72000006.000000,7.580E+3,
72200006.000000,7.536E+3,
72400006.000000,7.633E+3,
72600006.000000,7.604E+3,
72800006.000000,7.776E+3,
73000006.000000,7.449E+3,
73200006.000000,7.631E+3,
73400006.000000,7.636E+3,
73600006.000000,7.545E+3,
73800006.000000,7.432E+3,
74000006.000000,7.683E+3,
74200006.000000,7.545E+3,
74400006.000000,7.549E+3,
74600006.000000,7.426E+3,
74800006.000000,7.484E+3,
75000006.000000,7.600E+3,
75200006.000000,7.606E+3,
75400006.000000,7.539E+3,
75600006.000000,7.532E+3,
75800006.000000,7.449E+3,
76000006.000000,7.397E+3,
76200006.000000,7.499E+3,
76400006.000000,7.536E+3,
76600006.000000,7.509E+3,
76800006.000000,7.347E+3,
77000006.000000,7.573E+3,
77200006.000000,7.472E+3,
77400006.000000,7.531E+3,
77600006.000000,7.471E+3,
77800006.000000,7.471E+3,
78000006.000000,7.484E+3,
78200006.000000,7.365E+3,
78400006.000000,7.511E+3,
78600006.000000,7.368E+3,
78800006.000000,7.423E+3,
79000006.000000,7.533E+3,
79200006.000000,7.409E+3,
79400006.000000,7.450E+3,
79600006.000000,7.431E+3,
79800006.000000,7.269E+3,
80000006.000000,7.343E+3,
80200006.000000,7.410E+3,
80400006.000000,7.302E+3,
80600006.000000,7.459E+3,
80800006.000000,7.304E+3,
81000006.000000,7.396E+3,
81200006.000000,7.350E+3,
81400006.000000,7.474E+3,
81600006.000000,7.404E+3,
81800006.000000,7.343E+3,
82000006.000000,7.372E+3,
82200006.000000,7.430E+3,
82400006.000000,7.352E+3,
82600006.000000,7.317E+3,
82800006.000000,7.160E+3,
83000006.000000,7.438E+3,
83200007.000000,7.415E+3,
83400007.000000,7.149E+3,
83600007.000000,7.267E+3,
83800007.000000,7.174E+3,
84000007.000000,7.175E+3,
84200007.000000,7.336E+3,
84400007.000000,7.380E+3,
84600007.000000,7.472E+3,
84800007.000000,7.282E+3,
85000007.000000,7.357E+3,
85200007.000000,7.405E+3,
85400007.000000,7.381E+3,
85600007.000000,7.281E+3,
85800007.000000,7.212E+3,
86000007.000000,7.194E+3,
86200007.000000,7.295E+3,
86400007.000000,7.317E+3,
86600007.000000,7.386E+3,
86800007.000000,7.440E+3,
87000007.000000,7.432E+3,
87200007.000000,7.205E+3,
87400007.000000,7.466E+3,
87600007.000000,7.171E+3,
87800007.000000,7.233E+3,
88000007.000000,7.308E+3,
88200007.000000,7.300E+3,
88400007.000000,7.359E+3,
88600007.000000,7.437E+3,
88800007.000000,7.245E+3,
89000007.000000,7.327E+3,
89200007.000000,7.341E+3,
89400007.000000,7.136E+3,
89600007.000000,7.254E+3,
89800007.000000,7.307E+3,
90000007.000000,7.486E+3,
90200007.000000,7.220E+3,
90400007.000000,7.289E+3,
90600007.000000,7.320E+3,
90800007.000000,6.912E+3,
91000007.000000,7.313E+3,
91200007.000000,7.271E+3,
91400007.000000,7.317E+3,
91600007.000000,7.266E+3,
91800007.000000,7.234E+3,
92000007.000000,7.328E+3,
92200007.000000,7.262E+3,
92400007.000000,7.309E+3,
92600007.000000,7.190E+3,
92800007.000000,7.227E+3,
93000007.000000,7.282E+3,
93200007.000000,7.330E+3,
93400007.000000,7.271E+3,
93600007.000000,7.226E+3,
93800007.000000,7.364E+3,
94000007.000000,7.412E+3,
94200007.000000,7.134E+3,
94400007.000000,7.408E+3,
94600007.000000,7.092E+3,
94800007.000000,7.082E+3,
95000007.000000,7.185E+3,
95200007.000000,7.175E+3,
95400007.000000,7.098E+3,
95600007.000000,7.437E+3,
95800007.000000,7.333E+3,
96000008.000000,7.118E+3,
96200008.000000,7.233E+3,
96400008.000000,7.188E+3,
96600008.000000,7.201E+3,
96800008.000000,7.242E+3,
97000008.000000,7.252E+3,
97200008.000000,7.184E+3,
97400008.000000,7.207E+3,
97600008.000000,7.142E+3,
97800008.000000,7.129E+3,
98000008.000000,7.123E+3,
98200008.000000,7.072E+3,
98400008.000000,7.294E+3,
98600008.000000,7.244E+3,
98800008.000000,7.408E+3,
99000008.000000,7.087E+3,
99200008.000000,7.154E+3,
99400008.000000,7.036E+3,
99600008.000000,7.207E+3,
99800008.000000,6.985E+3,
1E08,7.322E+3,
1.002E008,7.140E+3,
1.004E008,7.258E+3,
1.006E008,7.349E+3,
1.008E008,7.205E+3,
1.01E08,7.074E+3,
1.012E008,7.176E+3,
1.014E008,7.167E+3,
1.016E008,7.127E+3,
1.018E008,7.209E+3,
1.02E08,7.218E+3,
1.022E008,7.123E+3,
1.024E008,7.258E+3,
1.026E008,7.182E+3,
1.028E008,7.216E+3,
1.03E08,7.266E+3,
1.032E008,7.145E+3,
1.034E008,7.063E+3,
1.036E008,7.236E+3,
1.038E008,7.218E+3,
1.04E08,7.198E+3,
1.042E008,7.307E+3,
1.044E008,7.126E+3,
1.046E008,7.107E+3,
1.048E008,7.228E+3,
1.05E08,7.138E+3,
1.052E008,7.143E+3,
1.054E008,7.264E+3,
1.056E008,7.184E+3,
1.058E008,7.064E+3,
1.06E08,7.310E+3,
1.062E008,7.115E+3,
1.064E008,7.158E+3,
1.066E008,7.389E+3,
1.068E008,7.267E+3,
1.07E08,7.325E+3,
1.072E008,7.163E+3,
1.074E008,7.400E+3,
1.076E008,7.220E+3,
1.078E008,7.243E+3,
1.08E08,7.262E+3,
1.082E008,7.231E+3,
1.084E008,7.257E+3,
1.086E008,7.222E+3,
1.088E008,7.181E+3,
1.09E08,7.200E+3,
1.092E008,7.185E+3,
1.094E008,7.025E+3,
1.096E008,7.181E+3,
1.098E008,7.127E+3,
1.1E08,7.119E+3,
1.102E008,7.122E+3,
1.104E008,7.428E+3,
1.106E008,7.316E+3,
1.108E008,7.063E+3,
1.11E08,7.187E+3,
1.112E008,7.283E+3,
1.114E008,7.167E+3,
1.116E008,7.003E+3,
1.118E008,6.974E+3,
1.12E08,7.155E+3,
1.122E008,7.064E+3,
1.124E008,7.005E+3,
1.126E008,6.974E+3,
1.128E008,7.213E+3,
1.13E08,7.004E+3,
1.132E008,7.257E+3,
1.134E008,7.207E+3,
1.136E008,7.199E+3,
1.138E008,7.272E+3,
1.14E08,6.986E+3,
1.142E008,7.218E+3,
1.144E008,7.199E+3,
1.146E008,6.966E+3,
1.148E008,7.123E+3,
1.15E08,7.286E+3,
1.152E008,7.148E+3,
1.154E008,7.093E+3,
1.156E008,7.240E+3,
1.158E008,7.270E+3,
1.16E08,6.997E+3,
1.162E008,7.241E+3,
1.164E008,7.069E+3,
1.166E008,7.052E+3,
1.168E008,7.110E+3,
1.17E08,7.176E+3,
1.172E008,7.275E+3,
1.174E008,7.106E+3,
1.176E008,7.251E+3,
1.178E008,7.131E+3,
1.18E08,7.216E+3,
1.182E008,7.242E+3,
1.184E008,7.200E+3,
1.186E008,7.033E+3,
1.188E008,7.187E+3,
1.19E08,7.262E+3,
1.192E008,7.031E+3,
1.194E008,7.145E+3,
1.196E008,7.268E+3,
1.198E008,6.989E+3,
1.2E08,7.239E+3,
1.202E008,7.194E+3,
1.204E008,7.014E+3,
1.206E008,7.129E+3,
1.208E008,7.076E+3,
1.21E08,7.197E+3,
1.212E008,7.316E+3,
1.214E008,7.167E+3,
1.216E008,6.982E+3,
1.218E008,7.158E+3,
1.22E08,7.146E+3,
1.222E008,7.163E+3,
1.224E008,7.291E+3,
1.226E008,7.132E+3,
1.228E008,7.297E+3,
1.23E08,7.321E+3,
1.232E008,7.190E+3,
1.234E008,7.315E+3,
1.236E008,7.172E+3,
1.238E008,7.226E+3,
1.24E08,7.252E+3,
1.242E008,7.101E+3,
1.244E008,7.052E+3,
1.246E008,7.120E+3,
1.248E008,7.236E+3,
1.25E08,7.261E+3,
1.252E008,7.116E+3,
1.254E008,7.084E+3,
1.256E008,7.014E+3,
1.258E008,7.046E+3,
1.26E08,7.266E+3,
1.262E008,7.129E+3,
1.264E008,7.201E+3,
1.266E008,7.308E+3,
1.268E008,7.138E+3,
1.27E08,7.070E+3,
1.272E008,7.062E+3,
1.274E008,7.119E+3,
1.276E008,7.174E+3,
1.278E008,7.352E+3,
1.28E08,7.114E+3,
1.282E008,7.098E+3,
1.284E008,7.070E+3,
1.286E008,7.285E+3,
1.288E008,7.171E+3,
1.29E08,6.884E+3,
1.292E008,7.122E+3,
1.294E008,7.162E+3,
1.296E008,7.131E+3,
1.298E008,7.132E+3,
1.3E08,7.220E+3,
1.302E008,7.291E+3,
1.304E008,7.091E+3,
1.306E008,7.062E+3,
1.308E008,7.106E+3,
1.31E08,7.149E+3,
1.312E008,7.069E+3,
1.314E008,7.216E+3,
1.316E008,7.107E+3,
1.318E008,7.248E+3,
1.32E08,7.246E+3,
1.322E008,7.165E+3,
1.324E008,7.276E+3,
1.326E008,7.340E+3,
1.328E008,7.176E+3,
1.33E08,7.275E+3,
1.332E008,7.038E+3,
1.334E008,7.106E+3,
1.336E008,7.234E+3,
1.338E008,7.238E+3,
1.34E08,7.154E+3,
1.342E008,7.207E+3,
1.344E008,7.239E+3,
1.346E008,7.005E+3,
1.348E008,7.270E+3,
1.35E08,7.186E+3,
1.352E008,7.134E+3,
1.354E008,7.139E+3,
1.356E008,7.167E+3,
1.358E008,7.147E+3,
1.36E08,7.264E+3,
1.362E008,7.001E+3,
1.364E008,7.096E+3,
1.366E008,7.161E+3,
1.368E008,7.126E+3,
1.37E08,7.149E+3,
1.372E008,7.119E+3,
1.374E008,7.320E+3,
1.376E008,7.165E+3,
1.378E008,7.258E+3,
1.38E08,7.020E+3,
1.382E008,7.219E+3,
1.384E008,7.300E+3,
1.386E008,7.176E+3,
1.388E008,7.043E+3,
1.39E08,7.167E+3,
1.392E008,7.164E+3,
1.394E008,7.114E+3,
1.396E008,7.164E+3,
1.398E008,7.137E+3,
1.4E08,7.148E+3,
1.402E008,7.192E+3,
1.404E008,7.117E+3,
1.406E008,7.129E+3,
1.408E008,7.040E+3,
1.41E08,7.205E+3,
1.412E008,7.235E+3,
1.414E008,7.099E+3,
1.416E008,7.152E+3,
1.418E008,7.285E+3,
1.42E08,7.235E+3,
1.422E008,7.121E+3,
1.424E008,7.186E+3,
1.426E008,7.269E+3,
1.428E008,7.188E+3,
1.43E08,7.116E+3,
1.432E008,7.123E+3,
1.434E008,7.180E+3,
1.436E008,7.210E+3,
1.438E008,7.183E+3,
1.44E08,7.250E+3,
1.442E008,7.214E+3,
1.444E008,7.139E+3,
1.446E008,7.193E+3,
1.448E008,7.206E+3,
1.45E08,7.114E+3,
1.452E008,7.181E+3,
1.454E008,7.122E+3,
1.456E008,7.015E+3,
1.458E008,7.221E+3,
1.46E08,7.204E+3,
1.462E008,7.171E+3,
1.464E008,6.974E+3,
1.466E008,7.062E+3,
1.468E008,7.159E+3,
1.47E08,7.255E+3,
1.472E008,7.183E+3,
1.474E008,7.310E+3,
1.476E008,7.334E+3,
1.478E008,7.155E+3,
1.48E08,7.208E+3,
1.482E008,7.293E+3,
1.484E008,7.097E+3,
1.486E008,7.216E+3,
1.488E008,7.136E+3,
1.49E08,7.200E+3,
1.492E008,7.235E+3,
1.494E008,7.204E+3,
1.496E008,7.094E+3,
1.498E008,7.208E+3,
1.5E08,7.122E+3,
1.502E008,7.089E+3,
1.504E008,7.309E+3,
1.506E008,7.171E+3,
1.508E008,7.093E+3,
1.51E08,7.249E+3,
1.512E008,7.204E+3,
1.514E008,7.276E+3,
1.516E008,7.233E+3,
1.518E008,7.201E+3,
1.52E08,7.311E+3,
1.522E008,7.265E+3,
1.524E008,7.186E+3,
1.526E008,7.202E+3,
1.528E008,7.224E+3,
1.53E08,7.170E+3,
1.532E008,7.113E+3,
1.534E008,7.164E+3,
1.536E008,7.222E+3,
1.538E008,7.101E+3,
1.54E08,7.180E+3,
1.542E008,7.181E+3,
1.544E008,7.280E+3,
1.546E008,7.268E+3,
1.548E008,7.166E+3,
1.55E08,7.123E+3,
1.552E008,6.979E+3,
1.554E008,7.134E+3,
1.556E008,7.097E+3,
1.558E008,7.228E+3,
1.56E08,7.122E+3,
1.562E008,7.227E+3,
1.564E008,7.216E+3,
1.566E008,7.159E+3,
1.568E008,7.245E+3,
1.57E08,7.081E+3,
1.572E008,7.112E+3,
1.574E008,7.112E+3,
1.576E008,7.166E+3,
1.578E008,7.125E+3,
1.58E08,7.229E+3,
1.582E008,7.398E+3,
1.584E008,7.204E+3,
1.586E008,7.193E+3,
1.588E008,7.266E+3,
1.59E08,7.090E+3,
1.592E008,7.308E+3,
1.594E008,7.149E+3,
1.596E008,7.058E+3,
1.598E008,7.237E+3,
1.6E08,7.119E+3,
1.602E008,7.101E+3,
1.604E008,7.088E+3,
1.606E008,7.117E+3,
1.608E008,7.187E+3,
1.61E08,7.124E+3,
1.612E008,7.121E+3,
1.614E008,7.022E+3,
1.616E008,7.114E+3,
1.618E008,7.139E+3,
1.62E08,7.000E+3,
1.622E008,7.204E+3,
1.624E008,7.020E+3,
1.626E008,7.213E+3,
1.628E008,7.092E+3,
1.63E08,7.226E+3,
1.632E008,7.066E+3,
1.634E008,7.071E+3,
1.636E008,7.290E+3,
1.638E008,7.243E+3,
1.64E08,7.096E+3,
1.642E008,7.148E+3,
1.644E008,7.314E+3,
1.646E008,7.093E+3,
1.648E008,7.181E+3,
1.65E08,7.105E+3,
1.652E008,7.243E+3,
1.654E008,7.089E+3,
1.656E008,6.982E+3,
1.658E008,7.206E+3,
1.66E08,7.168E+3,
1.662E008,7.249E+3,
1.664E008,7.120E+3,
1.666E008,7.145E+3,
1.668E008,7.128E+3,
1.67E08,7.209E+3,
1.672E008,7.320E+3,
1.674E008,7.277E+3,
1.676E008,7.262E+3,
1.678E008,7.096E+3,
1.68E08,7.129E+3,
1.682E008,7.000E+3,
1.684E008,7.236E+3,
1.686E008,7.153E+3,
1.688E008,7.130E+3,
1.69E08,7.233E+3,
1.692E008,7.057E+3,
1.694E008,7.154E+3,
1.696E008,7.121E+3,
1.698E008,7.127E+3,
1.7E08,7.237E+3,
1.702E008,7.132E+3,
1.704E008,7.011E+3,
1.706E008,7.174E+3,
1.708E008,7.223E+3,
1.71E08,7.273E+3,
1.712E008,7.212E+3,
1.714E008,7.174E+3,
1.716E008,7.122E+3,
1.718E008,7.172E+3,
1.72E08,7.329E+3,
1.722E008,6.874E+3,
1.724E008,7.105E+3,
1.726E008,7.212E+3,
1.728E008,7.235E+3,
1.73E08,7.109E+3,
1.732E008,7.174E+3,
1.734E008,7.260E+3,
1.736E008,7.038E+3,
1.738E008,7.317E+3,
1.74E08,7.015E+3,
1.742E008,7.137E+3,
1.744E008,7.243E+3,
1.746E008,7.204E+3,
1.748E008,7.079E+3,
1.75E08,7.223E+3,
1.752E008,7.111E+3,
1.754E008,7.107E+3,
1.756E008,7.051E+3,
1.758E008,6.967E+3,
1.76E08,7.158E+3,
1.762E008,7.371E+3,
1.764E008,7.153E+3,
1.766E008,7.059E+3,
1.768E008,6.981E+3,
1.77E08,7.198E+3,
1.772E008,7.272E+3,
1.774E008,7.131E+3,
1.776E008,7.066E+3,
1.778E008,7.088E+3,
1.78E08,7.288E+3,
1.782E008,6.996E+3,
1.784E008,7.200E+3,
1.786E008,7.073E+3,
1.788E008,7.144E+3,
1.79E08,7.031E+3,
1.792E008,7.043E+3,
1.794E008,7.181E+3,
1.796E008,7.256E+3,
1.798E008,7.167E+3,
1.8E08,7.115E+3,
1.802E008,7.231E+3,
1.804E008,7.110E+3,
1.806E008,7.039E+3,
1.808E008,7.107E+3,
1.81E08,7.289E+3,
1.812E008,7.057E+3,
1.814E008,7.148E+3,
1.816E008,7.044E+3,
1.818E008,7.259E+3,
1.82E08,7.090E+3,
1.822E008,7.139E+3,
1.824E008,7.113E+3,
1.826E008,7.341E+3,
1.828E008,7.183E+3,
1.83E08,7.236E+3,
1.832E008,7.156E+3,
1.834E008,7.141E+3,
1.836E008,7.116E+3,
1.838E008,7.042E+3,
1.84E08,7.213E+3,
1.842E008,7.278E+3,
1.844E008,7.353E+3,
1.846E008,7.070E+3,
1.848E008,7.366E+3,
1.85E08,7.162E+3,
1.852E008,7.209E+3,
1.854E008,7.102E+3,
1.856E008,7.245E+3,
1.858E008,7.224E+3,
1.86E08,7.163E+3,
1.862E008,7.208E+3,
1.864E008,7.224E+3,
1.866E008,6.986E+3,
1.868E008,7.086E+3,
1.87E08,7.115E+3,
1.872E008,7.169E+3,
1.874E008,7.355E+3,
1.876E008,7.072E+3,
1.878E008,7.095E+3,
1.88E08,7.145E+3,
1.882E008,7.025E+3,
1.884E008,7.223E+3,
1.886E008,7.052E+3,
1.888E008,7.330E+3,
1.89E08,7.235E+3,
1.892E008,7.178E+3,
1.894E008,7.155E+3,
1.896E008,7.110E+3,
1.898E008,7.088E+3,
1.9E08,7.050E+3,
1.902E008,7.029E+3,
1.904E008,7.303E+3,
1.906E008,7.093E+3,
1.908E008,7.068E+3,
1.91E08,7.350E+3,
1.912E008,7.192E+3,
1.914E008,7.157E+3,
1.916E008,7.249E+3,
1.918E008,7.295E+3,
1.92E08,7.203E+3,
1.922E008,7.063E+3,
1.924E008,7.168E+3,
1.926E008,7.155E+3,
1.928E008,7.109E+3,
1.93E08,7.235E+3,
1.932E008,6.969E+3,
1.934E008,7.102E+3,
1.936E008,7.207E+3,
1.938E008,7.032E+3,
1.94E08,7.162E+3,
1.942E008,7.120E+3,
1.944E008,7.184E+3,
1.946E008,7.047E+3,
1.948E008,7.090E+3,
1.95E08,7.127E+3,
1.952E008,7.222E+3,
1.954E008,7.175E+3,
1.956E008,7.142E+3,
1.958E008,7.196E+3,
1.96E08,7.079E+3,
1.962E008,7.139E+3,
1.964E008,7.221E+3,
1.966E008,7.074E+3,
1.968E008,7.081E+3,
1.97E08,7.205E+3,
1.972E008,7.253E+3,
1.974E008,7.200E+3,
1.976E008,7.180E+3,
1.978E008,7.163E+3,
1.98E08,7.188E+3,
1.982E008,7.239E+3,
1.984E008,7.233E+3,
1.986E008,7.004E+3,
1.988E008,7.199E+3,
1.99E08,7.128E+3,
1.992E008,7.095E+3,
1.994E008,6.984E+3,
1.996E008,7.003E+3,
1.998E008,7.189E+3,
